5589828 3.23
5590720 3.23
5591556 3.21
5592400 3.21
5593240 3.22
5594072 3.22
5594896 3.22
5595728 3.22
5596568 3.22
5597408 3.22
5598248 3.22
5599080 3.22
5599912 3.22
5600744 3.22
5601584 3.23
5602660 3.24
5603852 3.24
5605040 3.24
5606232 3.24
5607420 3.22
5608612 3.22
5609800 3.22
5610992 3.22
5612180 3.21
5613372 3.22
5614560 3.22
5615752 3.22
5616940 3.22
5618132 3.23
5619320 3.24
5620512 3.24
5621700 3.25
5622892 3.24
5624080 3.23
5625272 3.22
5626460 3.22
5627652 3.22
5628840 3.21
5630032 3.22
5631220 3.22
5632412 3.22
5633600 3.22
5634792 3.23
5635980 3.24
5637172 3.24
5638360 3.24
5639552 3.24
5640740 3.23
5641932 3.22
5643120 3.21
5644312 3.21
5645500 3.21
5646692 3.21
5647880 3.22
5649072 3.22
5650260 3.22
5651452 3.23
5652640 3.24
5653832 3.25
5655020 3.24
5656212 3.24
5657400 3.23
5658592 3.22
5659780 3.22
5660972 3.21
5662160 3.21
5663352 3.21
5664540 3.22
5665732 3.22
5666920 3.22
5668112 3.23
5669300 3.24
5670492 3.24
5671680 3.25
5672872 3.24
5674060 3.23
5675252 3.22
5676440 3.22
5677632 3.22
5678820 3.21
5680012 3.21
5681200 3.22
5682392 3.22
5683580 3.22
5684772 3.23
5685960 3.24
5687152 3.24
5688344 3.25
5689532 3.24
5690720 3.23
5691912 3.22
5693100 3.22
5694292 3.22
5695480 3.22
5696672 3.21
5697860 3.22
5699052 3.22
5700240 3.22
5701432 3.23
5702620 3.24
5703812 3.24
5705000 3.25
5706192 3.24
5707380 3.23
5708572 3.22
5709760 3.22
5710952 3.22
5712140 3.22
5713332 3.21
5714520 3.22
5715712 3.22
5716900 3.22
5718092 3.23
5719280 3.24
5720472 3.25
5721660 3.25
5722852 3.24
5724040 3.23
5725232 3.22
5726420 3.22
5727612 3.22
5728800 3.22
5729992 3.22
5731180 3.22
5732376 3.22
5733560 3.22
5734752 3.23
5735940 3.25
5737132 3.25
5738320 3.25
5739512 3.24
5740700 3.23
5741892 3.22
5743080 3.22
5744272 3.22
5745460 3.22
5746652 3.22
5747840 3.22
5749032 3.22
5750220 3.22
5751412 3.23
5752600 3.25
5753792 3.25
5754980 3.25
5756172 3.24
5757360 3.23
5758552 3.22
5759740 3.22
5760932 3.22
5762120 3.22
5763312 3.22
5764500 3.22
5765692 3.22
5766880 3.22
5768072 3.23
5769260 3.24
5770452 3.25
5771640 3.25
5772832 3.24
5774020 3.23
5775212 3.22
5776408 3.22
5777592 3.22
5778780 3.22
5779972 3.22
5781160 3.22
5782352 3.22
5783540 3.22
5784732 3.23
5785920 3.24
5787112 3.25
5788300 3.24
5789492 3.24
5790680 3.23
5791872 3.22
5793060 3.22
5794252 3.22
5795440 3.22
5796632 3.22
5797820 3.22
5799012 3.22
5800200 3.22
5801392 3.23
5802580 3.24
5803772 3.24
5804960 3.25
5806152 3.24
5807340 3.23
5808532 3.22
5809720 3.22
5810912 3.22
5812100 3.22
5813292 3.22
5814480 3.22
5815672 3.22
5816860 3.22
5818052 3.23
5819240 3.24
5820436 3.25
5821620 3.25
5822812 3.24
5824000 3.23
5825192 3.22
5826380 3.22
5827572 3.21
5828760 3.22
5829952 3.21
5831140 3.22
5832332 3.22
5833520 3.22
5834712 3.23
5835900 3.24
5837092 3.24
5838280 3.24
5839472 3.24
5840660 3.22
5841852 3.21
5843040 3.21
5844232 3.22
5845420 3.21
5846612 3.21
5847800 3.22
5848992 3.22
5850180 3.22
5851372 3.23
5852560 3.24
5853752 3.24
5854940 3.25
5856132 3.24
5857320 3.22
5858512 3.22
5859700 3.22
5860892 3.21
5862080 3.21
5863272 3.21
5864468 3.22
5865652 3.22
5866840 3.22
5868032 3.23
5869220 3.24
5870412 3.24
5871600 3.24
5872792 3.24
5873980 3.22
5875172 3.22
5876360 3.22
5877552 3.22
5878740 3.22
5879932 3.22
5881120 3.22
5882312 3.22
5883500 3.22
5884692 3.23
5885880 3.24
5887072 3.24
5888260 3.24
5889452 3.24
5890640 3.23
5891832 3.22
5893020 3.22
5894212 3.21
5895400 3.21
5896592 3.21
5897780 3.22
5898972 3.22
5900160 3.22
5901352 3.23
5902540 3.24
5903732 3.24
5904920 3.24
5906112 3.24
5907300 3.22
5908496 3.22
5909680 3.22
5910872 3.22
5912060 3.21
5913252 3.21
5914440 3.22
5915632 3.22
5916820 3.22
5918012 3.23
5919200 3.24
5920392 3.24
5921580 3.24
5922772 3.24
5923960 3.22
5925152 3.22
5926340 3.22
5927532 3.22
5928720 3.21
5929912 3.21
5931100 3.22
5932292 3.22
5933480 3.22
5934672 3.23
5935860 3.24
5937052 3.24
5938240 3.24
5939432 3.24
5940620 3.22
5941812 3.22
5943000 3.22
5944192 3.22
5945380 3.22
5946572 3.22
5947760 3.22
5948952 3.22
5950140 3.22
5951332 3.23
5952528 3.24
5953712 3.24
5954900 3.25
5956092 3.24
5957280 3.22
5958472 3.22
5959660 3.22
5960852 3.21
5962040 3.21
5963232 3.22
5964420 3.22
5965612 3.22
5966800 3.22
5967992 3.23
5969180 3.24
5970372 3.24
5971560 3.24
5972752 3.23
5973940 3.22
5975132 3.21
5976320 3.22
5977512 3.22
5978700 3.21
5979892 3.21
5981080 3.22
5982272 3.22
5983460 3.22
5984652 3.23
5985840 3.24
5987032 3.25
5988220 3.24
5989412 3.23
5990600 3.22
5991792 3.22
5992980 3.22
5994172 3.22
5995360 3.21
5996556 3.22
5997740 3.22
5998932 3.22
6000120 3.22
6001312 3.23
6002500 3.24
6003692 3.24
6004880 3.24
6006072 3.23
6007260 3.22
6008452 3.22
6009640 3.22
6010832 3.22
6012020 3.21
6013212 3.21
6014400 3.22
6015592 3.22
6016780 3.22
6017972 3.23
6019160 3.24
6020352 3.24
6021540 3.24
6022732 3.23
6023920 3.22
6025112 3.22
6026300 3.21
6027492 3.21
6028680 3.21
6029872 3.21
6031060 3.22
6032252 3.22
6033440 3.22
6034632 3.23
6035820 3.24
6037012 3.24
6038200 3.24
6039392 3.24
6040588 3.22
6041772 3.21
6042960 3.21
6044152 3.21
6045340 3.21
6046532 3.21
6047720 3.22
6048912 3.22
6050100 3.22
6051292 3.23
6052480 3.24
6053672 3.24
6054860 3.24
6056052 3.23
6057240 3.22
6058432 3.22
6059620 3.21
6060812 3.21
6062000 3.21
6063192 3.21
6064380 3.22
6065572 3.22
6066760 3.22
6067952 3.23
6069140 3.24
6070332 3.24
6071520 3.25
6072712 3.23
6073900 3.22
6075092 3.22
6076280 3.22
6077472 3.22
6078660 3.22
6079852 3.22
6081040 3.22
6082232 3.22
6083420 3.22
6084616 3.23
6085800 3.24
6086992 3.24
6088180 3.24
6089372 3.23
6090560 3.22
6091752 3.22
6092940 3.22
6094132 3.22
6095320 3.21
6096512 3.21
6097700 3.22
6098892 3.22
6100080 3.22
6101272 3.23
6102460 3.24
6103652 3.24
6104840 3.24
6106032 3.23
6107220 3.22
6108412 3.22
6109600 3.22
6110792 3.22
6111980 3.21
6113172 3.21
6114360 3.22
6115552 3.22
6116740 3.22
6117932 3.23
6119120 3.24
6120312 3.25
6121500 3.24
6122692 3.23
6123880 3.22
6125072 3.22
6126260 3.22
6127452 3.22
6128648 3.21
6129832 3.22
6131020 3.22
6132212 3.22
6133400 3.22
6134592 3.23
6135780 3.24
6136972 3.24
6138160 3.24
6139352 3.23
6140540 3.22
6141732 3.22
6142920 3.22
6144112 3.22
6145300 3.21
6146492 3.22
6147680 3.22
6148872 3.22
6150060 3.22
6151252 3.23
6152440 3.24
6153632 3.25
6154820 3.24
6156012 3.24
6157200 3.22
6158392 3.22
6159580 3.22
6160772 3.22
6161960 3.21
6163152 3.21
6164340 3.22
6165532 3.22
6166720 3.22
6167912 3.23
6169100 3.24
6170292 3.24
6171480 3.24
6172676 3.23
6173860 3.22
6175052 3.21
6176240 3.21
6177432 3.21
6178620 3.21
6179812 3.21
6181000 3.21
6182192 3.21
6183380 3.22
6184572 3.23
6185760 3.24
6186952 3.24
6188140 3.24
6189332 3.23
6190520 3.22
6191712 3.21
6192900 3.21
6194092 3.21
6195280 3.21
6196472 3.21
6197660 3.21
6198852 3.21
6200040 3.22
6201232 3.23
6202420 3.24
6203612 3.24
6204800 3.24
6205992 3.23
6207180 3.22
6208372 3.21
6209560 3.21
6210752 3.21
6211940 3.21
6213132 3.21
6214320 3.21
6215512 3.22
6216700 3.22
6217892 3.23
6219080 3.24
6220272 3.24
6221460 3.24
6222652 3.23
6223840 3.22
6225032 3.21
6226220 3.21
6227412 3.21
6228600 3.21
6229792 3.21
6230980 3.21
6232172 3.21
6233360 3.22
6234552 3.23
6235740 3.24
6236932 3.24
6238120 3.24
6239312 3.23
6240500 3.22
6241692 3.21
6242880 3.21
6244072 3.21
6245260 3.21
6246452 3.21
6247640 3.22
6248832 3.22
6250020 3.22
6251212 3.23
6252400 3.24
6253592 3.24
6254780 3.24
6255972 3.23
6257160 3.22
6258352 3.21
6259540 3.22
6260732 3.22
6261920 3.21
6263112 3.22
6264300 3.22
6265492 3.22
6266680 3.22
6267872 3.23
6269060 3.24
6270252 3.24
6271440 3.24
6272632 3.23
6273820 3.22
6275012 3.22
6276200 3.22
6277392 3.22
6278580 3.21
6279772 3.21
6280960 3.22
6282152 3.22
6283340 3.22
6284532 3.23
6285720 3.24
6286912 3.24
6288100 3.24
6289292 3.23
6290480 3.22
6291672 3.22
6292860 3.22
6294052 3.22
6295240 3.22
6296432 3.21
6297624 3.22
6298812 3.22
6300000 3.22
6301192 3.23
6302380 3.24
6303572 3.24
6304760 3.24
6305952 3.23
6307140 3.22
6308332 3.21
6309520 3.21
6310712 3.21
6311900 3.21
6313092 3.21
6314280 3.21
6315472 3.21
6316660 3.21
6317852 3.23
6319040 3.24
6320232 3.24
6321420 3.24
6322612 3.23
6323800 3.22
6324992 3.21
6326180 3.21
6327372 3.21
6328560 3.21
6329752 3.22
6330940 3.22
6332132 3.22
6333320 3.22
6334512 3.23
6335700 3.24
6336892 3.24
6338080 3.24
6339272 3.23
6340460 3.22
6341656 3.22
6342840 3.22
6344032 3.22
6345220 3.21
6346412 3.21
6347600 3.22
6348792 3.22
6349980 3.22
6351172 3.23
6352360 3.24
6353552 3.24
6354740 3.24
6355932 3.23
6357120 3.22
6358312 3.21
6359500 3.21
6360692 3.21
6361880 3.21
6363072 3.21
6364260 3.22
6365452 3.22
6366640 3.22
6367832 3.23
6369020 3.24
6370212 3.24
6371400 3.24
6372592 3.23
6373780 3.22
6374972 3.22
6376160 3.22
6377352 3.22
6378540 3.22
6379732 3.22
6380920 3.22
6382112 3.22
6383300 3.22
6384492 3.23
6385688 3.24
6386872 3.24
6388060 3.24
6389252 3.23
6390440 3.22
6391632 3.22
6392820 3.21
6394012 3.21
6395200 3.21
6396392 3.22
6397580 3.22
6398772 3.22
6399960 3.22
6401152 3.23
6402340 3.24
6403532 3.24
6404720 3.24
6405912 3.23
6407100 3.22
6408292 3.21
6409480 3.22
6410672 3.21
6411860 3.21
6413052 3.21
6414240 3.22
6415432 3.22
6416620 3.22
6417812 3.23
6419000 3.24
6420192 3.24
6421380 3.24
6422572 3.23
6423760 3.22
6424952 3.21
6426140 3.21
6427332 3.21
6428520 3.21
6429716 3.22
6430900 3.22
6432092 3.22
6433280 3.22
6434472 3.23
6435660 3.24
6436852 3.24
6438040 3.24
6439232 3.23
6440420 3.22
6441612 3.21
6442800 3.21
6443992 3.21
6445180 3.21
6446372 3.21
6447560 3.22
6448752 3.22
6449940 3.22
6451132 3.23
6452320 3.24
6453512 3.24
6454700 3.24
6455892 3.23
6457080 3.22
6458272 3.21
6459460 3.21
6460652 3.21
6461840 3.21
6463032 3.22
6464220 3.22
6465412 3.22
6466600 3.22
6467792 3.23
6468980 3.24
6470172 3.24
6471360 3.24
6472552 3.23
6473748 3.22
6474932 3.22
6476120 3.21
6477312 3.21
6478500 3.21
6479692 3.21
6480880 3.22
6482072 3.22
6483260 3.22
6484452 3.24
6485640 3.24
6486832 3.25
6488020 3.24
6489212 3.23
6490400 3.22
6491592 3.22
6492780 3.22
6493972 3.21
6495160 3.21
6496352 3.22
6497540 3.22
6498732 3.22
6499920 3.22
6501112 3.23
6502300 3.24
6503492 3.24
6504680 3.24
6505872 3.23
6507060 3.21
6508252 3.21
6509440 3.21
6510632 3.21
6511820 3.21
6513012 3.21
6514200 3.21
6515392 3.21
6516580 3.22
6517776 3.23
6518960 3.24
6520152 3.24
6521340 3.24
6522532 3.22
6523720 3.21
6524912 3.21
6526100 3.21
6527292 3.20
6528480 3.20
6529672 3.21
6530860 3.21
6532052 3.21
6533240 3.21
6534432 3.23
6535620 3.23
6536812 3.23
6538000 3.23
6539192 3.22
6540380 3.21
6541572 3.20
6542760 3.20
6543952 3.20
6545140 3.20
6546332 3.20
6547520 3.21
6548712 3.21
6549900 3.21
6551092 3.22
6552280 3.23
6553472 3.23
6554660 3.23
6555852 3.22
6557040 3.20
6558232 3.21
6559420 3.20
6560612 3.20
6561808 3.20
6562992 3.20
6564180 3.20
6565372 3.20
6566560 3.21
6567752 3.22
6568940 3.23
6570132 3.23
6571320 3.22
6572512 3.21
6573700 3.20
6574892 3.19
6576080 3.20
6577272 3.19
6578460 3.19
6579652 3.20
6580840 3.20
6582032 3.20
6583220 3.20
6584412 3.21
6585600 3.22
6586792 3.22
6587980 3.22
6589172 3.21
6590360 3.20
6591552 3.20
6592740 3.20
6593932 3.19
6595120 3.19
6596312 3.20
6597500 3.20
6598692 3.20
6599880 3.20
6601072 3.22
6602260 3.23
6603452 3.23
6604640 3.23
6605836 3.22
6607020 3.21
6608212 3.21
6609400 3.20
6610592 3.20
6611780 3.19
6612972 3.20
6614160 3.20
6615352 3.20
6616540 3.21
6617732 3.22
6618920 3.23
6620112 3.23
6621300 3.22
6622492 3.21
6623680 3.20
6624872 3.20
6626060 3.20
6627252 3.20
6628440 3.20
6629632 3.20
6630820 3.20
6632012 3.20
6633200 3.21
6634392 3.22
6635580 3.23
6636772 3.23
6637960 3.23
6639152 3.21
6640340 3.20
6641532 3.20
6642720 3.20
6643912 3.20
6645100 3.20
6646292 3.20
6647480 3.21
6648672 3.21
6649868 3.21
6651052 3.23
6652240 3.23
6653432 3.24
6654620 3.23
6655812 3.22
6657000 3.21
6658192 3.21
6659380 3.21
6660572 3.21
6661760 3.21
6662952 3.21
6664140 3.21
6665332 3.21
6666520 3.22
6667712 3.23
6668900 3.24
6670092 3.24
6671280 3.23
6672472 3.22
6673660 3.21
6674852 3.21
6676040 3.21
6677232 3.21
6678420 3.21
6679612 3.21
6680800 3.21
6681992 3.21
6683180 3.22
6684372 3.23
6685560 3.24
6686752 3.24
6687940 3.24
6689132 3.22
6690320 3.21
6691512 3.21
6692700 3.21
6693896 3.21
6695080 3.21
6696272 3.21
6697460 3.22
6698652 3.21
6699840 3.22
6701032 3.23
6702220 3.24
6703412 3.24
6704600 3.24
6705792 3.22
6706980 3.21
6708172 3.21
6709360 3.21
6710552 3.21
6711740 3.21
6712932 3.21
6714120 3.21
6715312 3.21
6716500 3.22
6717692 3.23
6718880 3.24
6720072 3.24
6721260 3.23
6722452 3.22
6723640 3.21
6724832 3.21
6726020 3.21
6727212 3.21
6728400 3.21
6729592 3.21
6730780 3.21
6731972 3.22
6733160 3.22
6734352 3.23
6735540 3.24
6736732 3.24
6737928 3.23
6739112 3.22
6740300 3.21
6741492 3.21
6742680 3.21
6743872 3.21
6745060 3.21
6746252 3.21
6747440 3.21
6748632 3.21
6749820 3.22
6751012 3.23
6752200 3.24
6753392 3.24
6754580 3.23
6755772 3.22
6756960 3.21
6758152 3.21
6759340 3.21
6760532 3.21
6761720 3.21
6762912 3.21
6764100 3.21
6765292 3.21
6766480 3.22
6767672 3.23
6768860 3.24
6770052 3.24
6771240 3.23
6772432 3.22
6773620 3.21
6774812 3.21
6776000 3.21
6777192 3.21
6778380 3.21
6779572 3.21
6780760 3.22
6781956 3.22
6783140 3.22
6784332 3.23
6785520 3.23
6786712 3.24
6787900 3.23
6789092 3.22
6790280 3.21
6791472 3.21
6792660 3.21
6793852 3.21
6795040 3.21
6796232 3.21
6797420 3.21
6798612 3.21
6799800 3.22
6800992 3.23
6802180 3.24
6803372 3.24
6804560 3.23
6805752 3.22
6806940 3.21
6808132 3.21
6809320 3.21
6810512 3.21
6811700 3.21
6812892 3.21
6814080 3.21
6815272 3.21
6816460 3.22
6817652 3.23
6818840 3.23
6820032 3.24
6821220 3.23
6822412 3.22
6823600 3.21
6824792 3.21
6825980 3.21
6827172 3.21
6828360 3.21
6829552 3.21
6830740 3.21
6831932 3.21
6833120 3.22
6834312 3.23
6835500 3.24
6836692 3.24
6837880 3.23
6839072 3.22
6840260 3.21
6841452 3.21
6842640 3.21
6843832 3.21
6845020 3.21
6846212 3.21
6847400 3.21
6848592 3.21
6849780 3.22
6850972 3.23
6852160 3.24
6853352 3.24
6854540 3.23
6855732 3.22
6856920 3.21
6858112 3.21
6859300 3.21
6860492 3.20
6861680 3.21
6862872 3.21
6864060 3.21
6865252 3.21
6866440 3.22
6867632 3.23
6868820 3.23
6870012 3.24
6871200 3.23
6872392 3.22
6873580 3.21
6874772 3.21
6875960 3.21
6877152 3.21
6878340 3.21
6879532 3.21
6880720 3.21
6881912 3.22
6883100 3.22
6884292 3.23
6885480 3.24
6886672 3.24
6887860 3.23
6889052 3.22
6890240 3.22
6891432 3.21
6892620 3.21
6893812 3.21
6895000 3.21
6896192 3.21
6897380 3.22
6898572 3.22
6899760 3.22
6900952 3.24
6902140 3.24
6903332 3.24
6904520 3.24
6905712 3.22
6906904 3.21
6908092 3.21
6909280 3.21
6910472 3.21
6911660 3.21
6912852 3.21
6914040 3.21
6915232 3.21
6916420 3.22
6917612 3.23
6918800 3.24
6919992 3.24
6921180 3.24
6922372 3.23
6923560 3.22
6924752 3.22
6925940 3.22
6927132 3.22
6928320 3.22
6929512 3.22
6930700 3.22
6931892 3.22
6933080 3.23
6934272 3.24
6935460 3.24
6936652 3.25
6937840 3.25
6939032 3.24
6940220 3.22
6941412 3.22
6942600 3.21
6943792 3.21
6944980 3.21
6946172 3.22
6947360 3.22
6948552 3.22
6949740 3.23
6950936 3.25
6952120 3.25
6953312 3.25
6954500 3.24
6955692 3.23
6956880 3.22
6958072 3.22
6959260 3.22
6960452 3.22
6961640 2.45
6962832 0.00
6964020 1.03
6965212 0.00
6966400 3.76
6967592 2.79
6968780 0.95
6969972 5.00
6971160 2.12
6972352 1.72
6973540 5.00
6974732 1.80
6975920 4.06
6977112 2.09
6978300 0.72
6979492 4.42
6980680 0.59
6981872 4.46
6983060 1.04
6984252 1.54
6985440 3.84
6986632 0.32
6987820 2.96
6989012 2.52
6990200 1.71
6991392 4.07
6992580 1.48
6993772 3.32
6994968 3.62
6996152 1.40
6997340 4.15
6998532 1.85
6999720 3.12
7000912 2.49
7002100 2.65
7003292 2.47
7004480 2.85
7005672 2.14
7006860 3.35
7008052 2.55
7009240 3.13
7010432 3.65
7011620 2.26
7012812 3.90
7014000 2.43
7015192 3.16
7016380 3.12
7017572 2.35
7018760 3.38
7019952 2.97
7021140 2.18
7022332 4.01
7023520 2.05
7024712 3.79
7025900 2.90
7027092 2.71
7028280 4.19
7029472 1.94
7030660 4.00
7031852 2.64
7033040 3.03
7034232 3.30
7035420 2.53
7036612 3.40
7037800 3.14
7038996 2.55
7040180 3.83
7041372 2.47
7042560 3.51
7043752 3.13
7044940 2.80
7046132 3.78
7047320 2.41
7048512 3.61
7049700 2.78
7050892 3.15
7052080 3.04
7053272 3.16
7054460 2.98
7055652 3.35
7056840 2.80
7058032 3.40
7059220 3.02
7060412 3.03
7061600 3.41
7062792 2.81
7063980 3.36
7065172 2.94
7066360 3.20
7067552 3.04
7068740 3.23
7069932 2.85
7071120 3.60
7072312 2.61
7073500 3.58
7074692 2.91
7075880 3.17
7077072 3.38
7078260 2.77
7079452 3.58
7080640 2.84
7081832 3.23
7083028 3.20
7084212 3.02
7085400 3.22
7086592 3.26
7087780 2.88
7088972 3.64
7090160 2.63
7091352 3.62
7092540 2.96
7093732 3.14
7094920 3.41
7096112 2.82
7097300 3.53
7098492 2.89
7099680 3.29
7100872 3.17
7102060 3.17
7103252 3.14
7104440 3.34
7105632 2.93
7106820 3.51
7108012 2.83
7109200 3.43
7110392 3.04
7111580 3.14
7112772 3.26
7113960 3.01
7115152 3.29
7116340 3.04
7117532 3.28
7118720 3.06
7119912 3.36
7121100 2.94
7122292 3.48
7123480 2.89
7124672 3.40
7125860 3.04
7127056 3.21
7128240 3.19
7129432 3.12
7130620 3.18
7131812 3.21
7133000 3.10
7134192 3.23
7135380 3.23
7136572 3.05
7137760 3.44
7138952 2.85
7140140 3.53
7141332 2.89
7142520 3.32
7143712 3.16
7144900 3.10
7146092 3.29
7147280 3.08
7148472 3.20
7149660 3.25
7150852 3.09
7152040 3.28
7153232 3.22
7154420 3.09
7155612 3.40
7156800 2.91
7157992 3.47
7159180 2.97
7160372 3.31
7161560 3.16
7162752 3.17
7163940 3.23
7165132 3.16
7166320 3.21
7167512 3.23
7168700 3.20
7169892 3.19
7171088 3.28
7172272 3.07
7173460 3.34
7174652 3.03
7175840 3.32
7177032 3.09
7178220 3.24
7179412 3.15
7180600 3.23
7181792 3.14
7182980 3.24
7184172 3.17
7185360 3.19
7186552 3.26
7187740 3.07
7188932 3.34
7190120 3.02
7191312 3.31
7192500 3.08
7193692 3.23
7194880 3.15
7196072 3.20
7197260 3.13
7198452 3.26
7199640 3.10
7200832 3.28
7202020 3.16
7203212 3.20
7204400 3.28
7205592 3.06
7206780 3.34
7207972 3.04
7209160 3.30
7210352 3.11
7211540 3.23
7212732 3.16
7213920 3.23
7215116 3.13
7216300 3.29
7217492 3.12
7218680 3.29
7219872 3.18
7221060 3.20
7222252 3.26
7223440 3.09
7224632 3.29
7225820 3.09
7227012 3.26
7228200 3.12
7229392 3.25
7230580 3.14
7231772 3.26
7232960 3.13
7234152 3.29
7235340 3.17
7236532 3.25
7237720 3.20
7238912 3.19
7240100 3.22
7241292 3.16
7242480 3.22
7243672 3.17
7244860 3.23
7246052 3.14
7247240 3.26
7248432 3.12
7249620 3.29
7250812 3.13
7252000 3.28
7253192 3.19
7254380 3.22
7255572 3.20
7256760 3.19
7257952 3.20
7259148 3.20
7260332 3.18
7261520 3.20
7262712 3.21
7263900 3.16
7265092 3.25
7266280 3.15
7267472 3.28
7268660 3.16
7269852 3.26
7271040 3.19
7272232 3.22
7273420 3.19
7274612 3.20
7275800 3.20
7276992 3.21
7278180 3.20
7279372 3.21
7280560 3.21
7281752 3.19
7282940 3.24
7284132 3.20
7285320 3.26
7286512 3.20
7287700 3.25
7288892 3.19
7290080 3.22
7291272 3.19
7292460 3.21
7293652 3.20
7294840 3.20
7296032 3.22
7297220 3.19
7298412 3.22
7299600 3.21
7300792 3.24
7301980 3.22
7303176 3.24
7304360 3.21
7305552 3.23
7306740 3.20
7307932 3.21
7309120 3.20
7310312 3.21
7311500 3.20
7312692 3.20
7313880 3.22
7315072 3.20
7316260 3.23
7317452 3.22
7318640 3.25
7319832 3.22
7321020 3.23
7322212 3.21
7323400 3.21
7324592 3.20
7325780 3.20
7326972 3.20
7328160 3.20
7329352 3.21
7330540 3.21
7331732 3.21
7332920 3.21
7334112 3.24
7335300 3.22
7336492 3.25
7337680 3.21
7338872 3.23
7340060 3.20
7341252 3.21
7342440 3.21
7343632 3.21
7344820 3.21
7346012 3.21
7347208 3.21
7348392 3.21
7349580 3.22
7350772 3.23
7351960 3.24
7353152 3.22
7354340 3.24
7355532 3.20
7356720 3.22
7357912 3.20
7359100 3.21
7360292 3.20
7361480 3.21
7362672 3.21
7363860 3.21
7365052 3.21
7366240 3.22
7367432 3.23
7368620 3.23
7369812 3.24
7371000 3.22
7372192 3.22
7373380 3.20
7374572 3.21
7375760 3.20
7376952 3.20
7378140 3.20
7379332 3.21
7380520 3.20
7381712 3.21
7382900 3.21
7384092 3.22
7385280 3.23
7386472 3.22
7387660 3.22
7388852 3.20
7390040 3.20
7391232 3.20
7392420 3.20
7393612 3.20
7394800 3.20
7395992 3.20
7397180 3.21
7398372 3.20
7399560 3.22
7400752 3.22
7401940 3.23
7403132 3.23
7404320 3.21
7405512 3.21
7406700 3.20
7407892 3.20
7409080 3.20
7410272 3.20
7411460 3.20
7412652 3.20
7413840 3.21
7415032 3.21
7416220 3.22
7417412 3.23
7418600 3.23
7419792 3.23
7420980 3.23
7422172 3.21
7423360 3.21
7424552 3.20
7425740 3.21
7426932 3.20
7428120 3.20
7429312 3.21
7430500 3.21
7431692 3.21
7432880 3.22
7434072 3.23
7435260 3.23
7436452 3.24
7437640 3.22
7438832 3.22
7440020 3.20
7441212 3.21
7442400 3.20
7443592 3.20
7444780 3.20
7445972 3.21
7447160 3.21
7448352 3.21
7449540 3.22
7450732 3.23
7451920 3.23
7453112 3.23
7454300 3.23
7455492 3.21
7456680 3.21
7457872 3.20
7459060 3.21
7460252 3.21
7461440 3.21
7462632 3.21
7463820 3.22
7465012 3.21
7466200 3.23
7467392 3.23
7468580 3.24
7469772 3.24
7470960 3.22
7472152 3.22
7473340 3.21
7474532 3.21
7475720 3.20
7476912 3.21
7478100 3.20
7479292 3.21
7480480 3.21
7481672 3.21
7482860 3.22
7484052 3.24
7485240 3.23
7486432 3.24
7487620 3.22
7488812 3.21
7490000 3.21
7491192 3.20
7492380 3.21
7493572 3.20
7494760 3.20
7495952 3.21
7497140 3.21
7498332 3.21
7499520 3.23
7500712 3.23
7501900 3.24
7503092 3.23
7504280 3.23
7505472 3.21
7506660 3.21
7507852 3.21
7509040 3.21
7510232 3.21
7511420 3.21
7512612 3.21
7513800 3.21
7514992 3.21
7516184 3.22
7517372 3.23
7518560 3.23
7519752 3.23
7520940 3.23
7522132 3.21
7523320 3.21
7524512 3.21
7525700 3.21
7526892 3.21
7528080 3.21
7529272 3.21
7530460 3.21
7531652 3.21
7532840 3.23
7534032 3.23
7535220 3.24
7536412 3.23
7537600 3.23
7538792 3.21
7539980 3.21
7541172 3.21
7542360 3.21
7543552 3.21
7544740 3.21
7545932 3.21
7547120 3.21
7548312 3.21
7549500 3.23
7550692 3.24
7551880 3.24
7553072 3.24
7554260 3.22
7555452 3.22
7556640 3.21
7557832 3.21
7559020 3.21
7560216 3.21
7561400 3.21
7562592 3.21
7563780 3.21
7564972 3.21
7566160 3.23
7567352 3.24
7568540 3.24
7569732 3.23
7570920 3.22
7572112 3.21
7573300 3.21
7574492 3.21
7575680 3.21
7576872 3.21
7578060 3.21
7579252 3.21
7580440 3.21
7581632 3.22
7582820 3.22
7584012 3.24
7585200 3.23
7586392 3.23
7587580 3.23
7588772 3.21
7589960 3.21
7591152 3.21
7592340 3.21
7593532 3.21
7594720 3.21
7595912 3.21
7597100 3.21
7598292 3.21
7599480 3.23
7600672 3.23
7601860 3.23
7603052 3.23
7604248 3.22
7605432 3.21
7606620 3.21
7607812 3.20
7609000 3.20
7610192 3.20
7611380 3.21
7612572 3.21
7613760 3.21
7614952 3.21
7616140 3.23
7617332 3.23
7618520 3.23
7619712 3.23
7620900 3.22
7622092 3.21
7623280 3.21
7624472 3.20
7625660 3.20
7626852 3.20
7628040 3.20
7629232 3.21
7630420 3.21
7631612 3.21
7632800 3.22
7633992 3.23
7635180 3.23
7636372 3.23
7637560 3.22
7638752 3.20
7639940 3.20
7641132 3.20
7642320 3.20
7643512 3.20
7644700 3.20
7645892 3.20
7647080 3.21
7648276 3.21
7649460 3.22
7650652 3.23
7651840 3.23
7653032 3.23
7654220 3.22
7655412 3.21
7656600 3.20
7657792 3.20
7658980 3.20
7660172 3.20
7661360 3.20
7662552 3.21
7663740 3.21
7664932 3.21
7666120 3.22
7667312 3.23
7668500 3.23
7669692 3.23
7670880 3.22
7672072 3.21
7673260 3.21
7674452 3.21
7675640 3.20
7676832 3.21
7678020 3.21
7679212 3.21
7680400 3.21
7681592 3.21
7682780 3.23
7683972 3.23
7685160 3.23
7686352 3.23
7687540 3.22
7688732 3.21
7689920 3.20
7691112 3.20
7692308 3.21
7693492 3.20
7694680 3.20
7695872 3.21
7697060 3.21
7698252 3.21
7699440 3.22
7700632 3.23
7701820 3.23
7703012 3.23
7704200 3.22
7705392 3.20
7706580 3.20
7707772 3.20
7708960 3.20
7710152 3.20
7711340 3.20
7712532 3.20
7713720 3.20
7714912 3.21
7716100 3.22
7717292 3.23
7718480 3.23
7719672 3.22
7720860 3.21
7722052 3.20
7723240 3.20
7724432 3.20
7725620 3.20
7726812 3.20
7728000 3.20
7729192 3.20
7730380 3.20
7731572 3.21
7732760 3.22
7733952 3.22
7735140 3.23
7736336 3.22
7737520 3.21
7738712 3.20
7739900 3.20
7741092 3.19
7742280 3.19
7743472 3.19
7744660 3.20
7745852 3.20
7747040 3.20
7748232 3.20
7749420 3.21
7750612 3.22
7751800 3.22
7752992 3.22
7754180 3.21
7755372 3.20
7756560 3.19
7757752 3.20
7758940 3.19
7760132 3.19
7761320 3.20
7762512 3.20
7763700 3.20
7764892 3.21
7766080 3.22
7767272 3.22
7768460 3.23
7769652 3.23
7770840 3.21
7772032 3.20
7773220 3.20
7774412 3.20
7775600 3.20
7776792 3.20
7777980 3.20
7779172 3.21
7780368 3.21
7781552 3.21
7782740 3.22
7783932 3.23
7785120 3.23
7786312 3.23
7787500 3.22
7788692 3.21
7789880 3.20
7791072 3.20
7792260 3.20
7793452 3.20
7794640 3.21
7795832 3.21
7797020 3.21
7798212 3.21
7799400 3.23
7800592 3.23
7801780 3.23
7802972 3.23
7804160 3.22
7805352 3.21
7806540 3.21
7807732 3.21
7808920 3.21
7810112 3.21
7811300 3.21
7812492 3.21
7813680 3.21
7814872 3.22
7816060 3.23
7817252 3.24
7818440 3.24
7819632 3.24
7820820 3.22
7822012 3.21
7823200 3.21
7824396 3.21
7825580 3.21
7826772 3.21
7827960 3.21
7829152 3.21
7830340 3.21
7831532 3.21
7832720 3.23
7833912 3.23
7835100 3.24
7836292 3.23
7837480 3.22
7838672 3.21
7839860 3.21
7841052 3.21
7842240 3.21
7843432 3.21
7844620 3.21
7845812 3.21
7847000 3.21
7848192 3.21
7849380 3.23
7850572 3.23
7851760 3.23
7852952 3.23
7854140 3.22
7855332 3.21
7856520 3.21
7857712 3.21
7858900 3.20
7860092 3.20
7861280 3.21
7862472 3.21
7863660 3.21
7864852 3.22
7866040 3.23
7867232 3.24
7868428 3.24
7869612 3.23
7870800 3.22
7871992 3.21
7873180 3.21
7874372 3.21
7875560 3.21
7876752 3.21
7877940 3.21
7879132 3.21
7880320 3.21
7881512 3.21
7882700 3.23
7883892 3.23
7885080 3.24
7886272 3.23
7887460 3.22
7888652 3.21
7889840 3.21
7891032 3.21
7892220 3.21
7893412 3.21
7894600 3.21
7895792 3.21
7896980 3.21
7898172 3.22
7899360 3.23
7900552 3.24
7901740 3.24
7902932 3.24
7904120 3.22
7905312 3.21
7906500 3.21
7907692 3.21
7908880 3.21
7910072 3.21
7911260 3.21
7912456 3.21
7913640 3.21
7914832 3.22
7916020 3.23
7917212 3.24
7918400 3.24
7919592 3.23
7920780 3.22
7921972 3.21
7923160 3.21
7924352 3.21
7925540 3.21
7926732 3.21
7927920 3.21
7929112 3.21
7930300 3.21
7931492 3.22
7932680 3.23
7933872 3.23
7935060 3.24
7936252 3.23
7937440 3.22
7938632 3.21
7939820 3.21
7941012 3.21
7942200 3.21
7943392 3.21
7944580 3.21
7945772 3.21
7946960 3.21
7948152 3.22
7949340 3.23
7950532 3.23
7951720 3.23
7952912 3.23
7954100 3.22
7955292 3.20
7956488 3.20
7957672 3.20
7958860 3.20
7960052 3.20
7961240 3.20
7962432 3.21
7963620 3.21
7964812 3.21
7966000 3.22
7967192 3.23
7968380 3.23
7969572 3.23
7970760 3.22
7971952 3.20
7973140 3.21
7974332 3.20
7975520 3.20
7976712 3.20
7977900 3.21
7979092 3.21
7980280 3.21
7981472 3.21
7982660 3.23
7983852 3.23
7985040 3.23
7986232 3.23
7987420 3.22
7988612 3.21
7989800 3.21
7990992 3.21
7992180 3.20
7993372 3.20
7994560 3.21
7995752 3.21
7996940 3.21
7998132 3.22
7999320 3.23
8000516 3.23
8001700 3.24
8002892 3.23
8004080 3.22
8005272 3.21
8006460 3.21
8007652 3.21
8008840 3.21
8010032 3.20
8011220 3.21
8012412 3.21
8013600 3.21
8014792 3.22
8015980 3.23
8017172 3.23
8018360 3.23
8019552 3.23
8020740 3.22
8021932 3.21
8023120 3.21
8024312 3.20
8025500 3.20
8026692 3.21
8027880 3.21
8029072 3.21
8030260 3.21
8031452 3.22
8032640 3.23
8033832 3.24
8035020 3.23
8036212 3.23
8037400 3.22
8038592 3.21
8039780 3.21
8040972 3.21
8042160 3.21
8043352 3.21
8044540 3.21
8045732 3.21
8046920 3.22
8048112 3.22
8049300 3.24
8050492 3.24
8051680 3.24
8052872 3.24
8054060 3.23
8055252 3.22
8056440 3.21
8057632 3.21
8058820 3.21
8060012 3.21
8061200 3.22
8062392 3.22
8063580 3.22
8064772 3.23
8065960 3.24
8067152 3.24
8068340 3.25
8069532 3.24
8070720 3.23
8071912 3.22
8073100 3.22
8074292 3.21
8075480 3.22
8076672 3.22
8077860 3.22
8079052 3.22
8080240 3.22
8081432 3.23
8082620 3.24
8083812 3.24
8085000 3.24
8086192 3.24
8087380 3.23
8088572 3.22
8089760 3.22
8090952 3.22
8092140 3.22
8093332 3.22
8094520 3.22
8095712 3.22
8096900 3.23
8098092 3.23
8099280 3.25
8100472 3.25
8101660 3.25
8102852 3.25
8104040 3.24
8105232 3.23
8106420 3.23
8107612 3.23
8108800 3.22
8109992 3.23
8111180 3.23
8112372 3.23
8113560 3.24
8114752 3.24
8115940 3.25
8117132 3.26
8118320 3.26
8119512 3.26
8120700 3.25
8121892 3.24
8123080 3.24
8124272 3.24
8125464 3.24
8126652 3.24
8127840 3.24
8129032 3.25
8130220 3.24
8131412 3.25
8132600 3.26
8133792 3.26
8134980 3.27
8136172 3.26
8137360 3.25
8138552 3.24
8139740 3.24
8140932 3.24
8142120 3.24
8143312 3.23
8144500 3.24
8145692 3.24
8146880 3.24
8148072 3.25
8149260 3.26
8150452 3.26
8151640 3.26
8152832 3.26
8154020 3.25
8155212 3.24
8156400 3.24
8157592 3.24
8158780 3.24
8159972 3.24
8161160 3.25
8162352 3.25
8163540 3.25
8164732 3.26
8165920 3.27
8167112 3.27
8168300 3.27
8169496 3.27
8170680 3.26
8171872 3.25
8173060 3.25
8174252 3.25
8175440 3.25
8176632 3.25
8177820 3.26
8179012 3.26
8180200 3.26
8181392 3.26
8182580 3.27
8183772 3.28
8184960 3.27
8186152 3.27
8187340 3.26
8188532 3.25
8189720 3.25
8190912 3.25
8192100 3.25
8193292 3.24
8194480 3.25
8195672 3.25
8196860 3.25
8198052 3.26
8199240 3.26
8200432 3.27
8201620 3.26
8202812 3.26
8204000 3.25
8205192 3.24
8206380 3.23
8207572 3.23
8208760 3.23
8209952 3.23
8211140 3.24
8212332 3.24
8213528 3.24
8214712 3.24
8215900 3.25
8217092 3.25
8218280 3.25
8219472 3.24
8220660 3.23
8221852 3.22
8223040 3.22
8224232 3.22
8225420 3.22
8226612 3.22
8227800 3.22
8228992 3.22
8230180 3.22
8231372 3.23
8232560 3.24
8233752 3.24
8234940 3.24
8236132 3.24
8237320 3.23
8238512 3.22
8239700 3.21
8240892 3.21
8242080 3.21
8243272 3.21
8244460 3.22
8245652 3.22
8246840 3.22
8248032 3.23
8249220 3.24
8250412 3.24
8251600 3.24
8252792 3.24
8253980 3.22
8255172 3.21
8256360 3.21
8257556 3.21
8258740 3.21
8259932 3.21
8261120 3.21
8262312 3.21
8263500 3.21
8264692 3.21
8265880 3.22
8267072 3.23
8268260 3.23
8269452 3.22
8270640 3.21
8271832 3.20
8273020 3.20
8274212 3.20
8275400 3.19
8276592 3.19
8277780 3.19
8278972 3.20
8280160 3.20
