0.00 0.00
0.00 0.00
0.00 0.00
0.00 0.00
0.00 0.00
0.00 0.00
0.00 0.00
0.00 0.00
0.00 0.00
0.00 0.00
0.00 0.00
0.00 0.00
0.00 0.00
0.00 0.00
0.02 0.00
0.00 0.00
0.00 0.00
0.00 0.00
0.00 0.00
0.00 0.00
0.00 0.00
0.00 0.00
0.00 0.00
0.01 0.00
0.00 0.00
0.07 0.00
0.09 0.00
0.00 0.00
0.00 0.00
0.00 0.00
0.00 0.00
0.00 0.00
0.06 0.00
0.00 0.00
0.00 0.00
0.00 0.00
0.00 0.00
0.00 0.00
0.00 0.00
0.00 0.00
0.00 0.00
0.00 0.00
0.00 0.00
0.00 0.00
0.01 0.00
0.00 0.00
0.00 0.00
0.00 0.00
0.00 0.00
0.00 0.00
0.00 0.00
0.00 0.00
0.00 0.00
0.00 0.00
0.00 0.00
0.02 0.00
0.06 0.00
0.00 0.00
0.02 0.00
0.00 0.00
0.00 0.00
0.00 0.00
0.00 0.00
0.00 0.00
0.00 0.00
0.00 0.00
0.00 0.00
0.01 0.00
0.00 0.00
0.00 0.00
0.00 0.00
0.00 0.00
0.00 0.00
0.00 0.00
0.00 0.00
0.00 0.00
0.00 0.00
0.00 0.00
0.00 0.00
0.00 0.00
0.00 0.00
0.00 0.00
0.00 0.00
0.00 0.00
0.09 0.00
0.00 0.00
0.00 0.00
0.00 0.00
0.00 0.00
0.00 0.00
0.00 0.00
0.00 0.00
0.00 0.00
0.01 0.00
0.00 0.00
0.00 0.00
0.02 0.00
0.00 0.00
0.00 0.00
0.00 0.00
0.00 0.00
0.00 0.00
0.00 0.00
0.00 0.00
0.00 0.00
0.02 0.00
0.00 0.00
0.00 0.00
0.00 0.00
0.01 0.00
0.00 0.00
0.00 0.00
0.00 0.00
0.00 0.00
0.00 0.00
0.01 0.00
0.00 0.00
0.14 0.00
0.01 0.00
0.00 0.00
0.00 0.00
0.00 0.00
0.00 0.00
0.00 0.00
0.00 0.00
0.00 0.00
0.00 0.00
0.00 0.00
0.00 0.00
0.06 0.00
0.00 0.00
0.13 0.00
0.00 0.00
0.00 0.00
0.00 0.00
0.00 0.00
0.00 0.00
0.00 0.00
0.00 0.00
0.00 0.00
0.00 0.00
0.17 0.00
0.00 0.00
0.00 0.00
0.03 0.00
0.00 0.00
0.00 0.00
0.00 0.00
0.00 0.00
0.00 0.00
0.00 0.00
0.00 0.00
0.00 0.00
0.00 0.00
0.00 0.00
0.00 0.00
0.02 0.00
0.05 0.00
0.00 0.00
0.00 0.00
0.03 0.00
0.00 0.00
0.00 0.00
0.03 0.00
0.00 0.00
0.00 0.00
0.25 0.00
0.00 0.00
0.00 0.00
0.00 0.00
0.00 0.00
0.00 0.00
0.00 0.00
0.00 0.00
0.00 0.00
0.00 0.00
0.04 0.00
0.00 0.00
0.00 0.00
0.00 0.00
0.00 0.00
0.00 0.00
0.00 0.00
0.00 0.00
0.00 0.00
0.00 0.00
0.00 0.00
0.00 0.00
0.01 0.00
0.00 0.00
0.00 0.00
0.00 0.00
0.00 0.00
0.10 0.00
0.03 0.00
0.00 0.00
0.03 0.00
0.02 0.00
0.00 0.00
0.00 0.00
0.00 0.00
0.19 0.00
0.00 0.00
0.00 0.00
0.00 0.00
0.00 0.00
0.00 0.00
0.00 0.00
0.00 0.00
0.00 0.00
0.00 0.00
0.00 0.00
0.08 0.00
0.00 0.00
0.09 0.00
0.00 0.00
0.00 0.00
0.00 0.00
0.00 0.00
0.00 0.00
0.01 0.00
0.00 0.00
0.00 0.00
0.01 0.00
0.02 0.00
0.00 0.00
0.00 0.00
0.00 0.00
0.00 0.00
0.00 0.00
0.00 0.00
0.00 0.00
0.00 0.00
0.00 0.00
0.00 0.00
0.01 0.00
0.05 0.00
0.00 0.00
0.00 0.00
0.00 0.00
0.00 0.00
0.00 0.00
0.09 0.00
0.00 0.00
0.00 0.00
0.00 0.00
0.00 0.00
0.00 0.00
0.00 0.00
0.91 0.22
0.23 0.08
0.02 0.00
0.02 0.00
0.00 0.00
0.00 0.00
0.00 0.00
0.00 0.00
0.00 0.00
0.00 0.00
0.00 0.00
0.00 0.00
0.00 0.00
0.00 0.00
0.00 0.00
0.00 0.00
0.07 0.00
0.00 0.00
0.00 0.00
0.00 0.00
0.00 0.00
0.00 0.00
0.03 0.00
0.00 0.00
0.00 0.00
0.00 0.00
0.03 0.00
0.00 0.00
0.02 0.00
0.00 0.00
0.00 0.00
0.00 0.00
0.00 0.00
0.00 0.00
0.18 0.00
0.01 0.00
0.00 0.00
0.00 0.00
0.00 0.00
0.00 0.00
0.00 0.00
0.00 0.00
0.00 0.00
0.00 0.00
0.01 0.00
0.03 0.00
0.00 0.00
0.00 0.00
0.01 0.00
0.00 0.00
0.00 0.00
0.00 0.00
0.00 0.00
0.00 0.00
0.00 0.00
0.00 0.00
0.00 0.00
0.07 0.00
0.00 0.00
0.00 0.00
0.00 0.00
0.00 0.00
0.00 0.00
0.00 0.00
0.00 0.00
0.00 0.00
0.00 0.00
0.00 0.00
0.00 0.00
0.04 0.00
1.24 0.39
0.55 0.11
0.00 0.00
0.09 0.01
0.00 0.00
0.22 0.00
0.00 0.00
0.03 0.00
0.00 0.00
0.01 0.00
0.00 0.00
0.00 0.00
0.00 0.00
0.05 0.00
0.00 0.00
0.00 0.00
0.14 0.00
0.00 0.00
0.00 0.00
0.31 0.00
0.00 0.00
0.00 0.00
0.00 0.00
0.00 0.00
0.00 0.00
0.04 0.00
0.00 0.00
0.00 0.00
0.02 0.00
0.01 0.00
0.05 0.00
0.00 0.00
0.00 0.00
0.00 0.00
0.00 0.00
0.01 0.00
0.00 0.00
0.00 0.00
0.00 0.00
0.00 0.00
0.01 0.00
0.00 0.00
0.00 0.00
0.00 0.00
0.00 0.00
0.00 0.00
0.16 0.00
0.00 0.00
0.00 0.00
0.00 0.00
0.00 0.00
0.00 0.00
0.00 0.00
0.00 0.00
0.18 0.00
0.00 0.00
0.00 0.00
0.00 0.00
0.22 0.00
0.00 0.00
0.00 0.00
0.02 0.00
0.00 0.00
0.00 0.00
0.00 0.00
0.00 0.00
0.00 0.00
0.00 0.00
0.00 0.00
2.77 1.29
0.64 0.12
0.43 0.12
0.00 0.00
0.09 0.00
0.01 0.00
0.00 0.00
0.02 0.00
0.01 0.00
0.00 0.00
0.00 0.00
0.02 0.00
0.00 0.00
0.00 0.00
0.00 0.00
0.00 0.00
0.00 0.00
0.03 0.00
0.00 0.00
0.00 0.00
0.04 0.00
0.00 0.00
0.00 0.00
0.03 0.00
0.08 0.00
0.00 0.00
0.00 0.00
0.02 0.00
0.01 0.00
0.01 0.00
0.00 0.00
0.00 0.00
0.00 0.00
0.00 0.00
0.00 0.00
0.00 0.00
0.03 0.00
0.00 0.00
0.00 0.00
0.03 0.00
0.00 0.00
0.00 0.00
0.03 0.00
0.00 0.00
0.00 0.00
0.00 0.00
0.00 0.00
0.00 0.00
0.00 0.00
0.00 0.00
0.00 0.00
0.00 0.00
0.00 0.00
0.00 0.00
0.00 0.00
0.01 0.00
0.00 0.00
0.00 0.00
0.02 0.00
0.00 0.00
0.00 0.00
0.00 0.00
0.01 0.00
0.00 0.00
0.00 0.00
0.06 0.00
0.02 0.00
0.00 0.00
0.05 0.00
2.80 0.20
1.17 0.14
0.16 0.04
0.03 0.00
0.03 0.00
0.00 0.00
0.11 0.00
0.00 0.00
0.16 0.00
0.00 0.00
0.07 0.00
0.00 0.00
0.05 0.00
0.00 0.00
0.17 0.00
0.00 0.00
0.00 0.00
0.00 0.00
0.22 0.00
0.00 0.00
0.00 0.00
0.03 0.00
0.00 0.00
0.00 0.00
0.00 0.00
0.01 0.00
0.00 0.00
0.03 0.00
0.00 0.00
0.00 0.00
0.00 0.00
0.00 0.00
0.00 0.00
0.03 0.00
0.04 0.00
0.00 0.00
0.00 0.00
0.10 0.00
0.00 0.00
0.01 0.00
0.00 0.00
0.00 0.00
0.00 0.00
0.01 0.00
0.01 0.00
0.00 0.00
0.00 0.00
0.02 0.00
0.00 0.00
0.00 0.00
0.01 0.00
0.00 0.00
0.00 0.00
0.24 0.00
0.14 0.00
0.00 0.00
0.00 0.00
0.00 0.00
0.00 0.00
0.01 0.00
0.00 0.00
0.00 0.00
0.00 0.00
0.09 0.00
0.00 0.00
0.01 0.00
0.10 0.00
0.00 0.00
0.00 0.00
0.00 0.00
0.96 0.45
0.04 0.00
0.22 0.04
0.00 0.00
0.01 0.00
0.01 0.00
0.03 0.00
0.00 0.00
0.13 0.00
0.00 0.00
0.00 0.00
0.00 0.00
0.04 0.00
0.00 0.00
0.24 0.00
0.02 0.00
0.00 0.00
0.00 0.00
0.02 0.00
0.00 0.00
0.00 0.00
0.03 0.00
0.01 0.00
0.00 0.00
0.00 0.00
0.05 0.00
0.00 0.00
0.00 0.00
0.00 0.00
0.04 0.00
0.00 0.00
0.00 0.00
0.00 0.00
0.00 0.00
0.02 0.00
0.00 0.00
0.00 0.00
0.02 0.00
0.00 0.00
0.00 0.00
0.03 0.00
0.00 0.00
0.00 0.00
0.00 0.00
0.00 0.00
0.00 0.00
0.01 0.00
0.00 0.00
0.00 0.00
0.11 0.00
0.00 0.00
0.00 0.00
0.00 0.00
0.00 0.00
0.00 0.00
0.03 0.00
0.00 0.00
0.00 0.00
0.03 0.00
0.00 0.00
0.00 0.00
0.00 0.00
0.00 0.00
0.00 0.00
1.38 0.00
0.00 0.00
0.16 0.02
0.03 0.00
0.00 0.00
0.08 0.00
0.02 0.00
0.00 0.00
0.10 0.00
0.00 0.00
0.00 0.00
0.00 0.00
0.04 0.00
0.00 0.00
0.16 0.00
0.03 0.00
0.00 0.00
0.00 0.00
0.00 0.00
0.00 0.00
0.00 0.00
0.26 0.00
0.00 0.00
0.00 0.00
0.00 0.00
0.05 0.00
0.01 0.00
0.00 0.00
0.00 0.00
0.00 0.00
0.00 0.00
0.02 0.00
0.09 0.00
0.00 0.00
0.03 0.00
0.00 0.00
0.00 0.00
0.00 0.00
0.00 0.00
0.00 0.00
0.00 0.00
0.00 0.00
0.02 0.00
0.05 0.00
0.00 0.00
0.00 0.00
0.00 0.00
0.03 0.00
0.00 0.00
0.00 0.00
0.03 0.00
0.00 0.00
0.00 0.00
0.00 0.00
0.00 0.00
0.03 0.00
0.25 0.00
0.00 0.00
0.00 0.00
0.01 0.00
0.00 0.00
0.20 0.00
0.00 0.00
0.00 0.00
0.00 0.00
0.00 0.00
0.00 0.00
2.64 0.91
0.00 0.00
0.08 0.00
0.01 0.00
0.06 0.00
0.13 0.02
0.06 0.00
0.02 0.00
0.00 0.00
0.00 0.00
0.00 0.00
0.00 0.00
0.00 0.00
0.00 0.00
0.06 0.00
0.00 0.00
0.00 0.00
0.06 0.00
0.02 0.00
0.00 0.00
0.00 0.00
0.00 0.00
0.00 0.00
0.02 0.00
0.14 0.00
0.00 0.00
0.00 0.00
0.00 0.00
0.02 0.00
0.03 0.00
0.00 0.00
0.08 0.00
0.00 0.00
0.09 0.00
0.00 0.00
0.00 0.00
0.00 0.00
0.09 0.00
0.00 0.00
0.00 0.00
0.01 0.00
0.00 0.00
0.00 0.00
0.00 0.00
0.00 0.00
0.10 0.00
0.02 0.00
0.00 0.00
0.00 0.00
0.00 0.00
0.04 0.00
0.00 0.00
0.00 0.00
0.01 0.00
0.00 0.00
0.00 0.00
0.00 0.00
0.00 0.00
0.00 0.00
0.00 0.00
0.00 0.00
0.00 0.00
0.10 0.00
0.00 0.00
0.00 0.00
0.02 0.00
0.00 0.00
0.00 0.00
2.34 0.70
0.45 0.10
0.05 0.00
0.03 0.00
0.16 0.03
0.16 0.03
0.00 0.00
0.08 0.00
0.00 0.00
0.00 0.00
0.00 0.00
0.02 0.00
0.00 0.00
0.01 0.00
0.06 0.00
0.00 0.00
0.00 0.00
0.01 0.00
0.00 0.00
0.00 0.00
0.00 0.00
0.00 0.00
0.00 0.00
0.01 0.00
0.00 0.00
0.00 0.00
0.02 0.00
0.00 0.00
0.00 0.00
0.03 0.00
0.00 0.00
0.00 0.00
0.14 0.00
0.00 0.00
0.00 0.00
0.00 0.00
0.00 0.00
0.00 0.00
0.00 0.00
0.01 0.00
0.00 0.00
0.05 0.00
0.10 0.00
0.00 0.00
0.00 0.00
0.00 0.00
0.00 0.00
0.05 0.00
0.00 0.00
0.00 0.00
0.00 0.00
0.00 0.00
0.04 0.00
0.00 0.00
0.00 0.00
0.04 0.00
0.00 0.00
0.00 0.00
0.32 0.00
0.00 0.00
0.03 0.00
0.00 0.00
0.00 0.00
0.00 0.00
0.00 0.00
0.00 0.00
0.00 0.00
0.03 0.00
0.03 0.00
0.00 0.00
0.00 0.00
2.60 0.72
0.41 0.12
0.05 0.00
0.02 0.01
0.05 0.00
0.08 0.00
0.22 0.05
0.00 0.00
0.01 0.00
0.00 0.00
0.07 0.00
0.00 0.00
0.08 0.00
0.12 0.00
0.24 0.00
0.00 0.00
0.04 0.00
0.00 0.00
0.08 0.00
0.00 0.00
0.03 0.00
0.00 0.00
0.13 0.00
0.00 0.00
0.00 0.00
0.04 0.00
0.00 0.00
0.06 0.00
0.00 0.00
0.00 0.00
0.00 0.00
0.00 0.00
0.00 0.00
0.00 0.00
0.00 0.00
0.04 0.00
0.00 0.00
0.08 0.00
0.03 0.00
0.00 0.00
0.00 0.00
0.01 0.00
0.00 0.00
0.00 0.00
0.00 0.00
0.00 0.00
0.00 0.00
0.00 0.00
0.02 0.00
0.01 0.00
0.00 0.00
0.08 0.00
0.00 0.00
0.00 0.00
0.01 0.00
0.00 0.00
0.00 0.00
0.03 0.00
0.00 0.00
0.00 0.00
0.00 0.00
0.07 0.00
0.00 0.00
0.00 0.00
0.00 0.00
0.00 0.00
0.00 0.00
0.00 0.00
0.00 0.00
0.00 0.00
0.00 0.00
0.00 0.00
1.43 0.50
0.37 0.07
0.00 0.00
0.00 0.00
0.08 0.00
0.17 0.03
0.06 0.00
0.00 0.00
0.04 0.00
0.00 0.00
0.05 0.00
0.04 0.00
0.00 0.00
0.00 0.00
0.04 0.00
0.03 0.00
0.00 0.00
0.03 0.00
0.00 0.00
0.00 0.00
0.03 0.00
0.00 0.00
0.00 0.00
0.02 0.00
0.00 0.00
0.00 0.00
0.00 0.00
0.00 0.00
0.00 0.00
0.00 0.00
0.00 0.00
0.00 0.00
0.00 0.00
0.00 0.00
0.00 0.00
0.00 0.00
0.00 0.00
0.00 0.00
0.00 0.00
0.00 0.00
0.00 0.00
0.00 0.00
0.04 0.00
0.00 0.00
0.00 0.00
0.00 0.00
0.03 0.00
0.00 0.00
0.00 0.00
0.00 0.00
0.00 0.00
0.00 0.00
0.27 0.00
0.00 0.00
0.00 0.00
0.02 0.00
0.00 0.00
0.00 0.00
0.00 0.00
0.00 0.00
0.00 0.00
0.00 0.00
0.00 0.00
0.00 0.00
0.00 0.00
0.07 0.00
4.06 0.99
0.22 0.06
0.10 0.02
0.09 0.00
0.05 0.00
0.04 0.00
0.04 0.00
0.18 0.04
0.00 0.00
0.12 0.00
0.00 0.00
0.08 0.00
0.03 0.00
0.03 0.00
0.00 0.00
0.09 0.00
0.00 0.00
0.00 0.00
0.22 0.00
0.00 0.00
0.00 0.00
0.03 0.00
0.00 0.00
0.00 0.00
0.00 0.00
0.00 0.00
0.00 0.00
0.00 0.00
0.00 0.00
0.00 0.00
0.00 0.00
0.05 0.00
0.00 0.00
0.00 0.00
0.05 0.00
0.00 0.00
0.00 0.00
0.02 0.00
0.00 0.00
0.00 0.00
0.00 0.00
0.06 0.00
0.00 0.00
0.00 0.00
0.03 0.00
0.00 0.00
0.00 0.00
0.00 0.00
0.00 0.00
0.00 0.00
0.03 0.00
0.00 0.00
0.00 0.00
0.02 0.00
0.00 0.00
0.00 0.00
0.00 0.00
0.01 0.00
0.01 0.00
0.00 0.00
0.00 0.00
0.00 0.00
0.01 0.00
0.00 0.00
0.00 0.00
0.02 0.00
0.02 0.00
0.00 0.00
0.00 0.00
1.82 0.70
1.20 0.12
0.00 0.00
0.08 0.01
0.05 0.00
0.04 0.00
0.19 0.04
0.20 0.04
0.00 0.00
0.09 0.00
0.00 0.00
0.04 0.00
0.00 0.00
0.03 0.00
0.00 0.00
0.00 0.00
0.02 0.00
0.00 0.00
0.00 0.00
0.30 0.00
0.08 0.00
0.00 0.00
0.03 0.00
0.00 0.00
0.03 0.00
0.00 0.00
0.00 0.00
0.00 0.00
0.00 0.00
0.01 0.00
0.00 0.00
0.00 0.00
0.04 0.00
0.00 0.00
0.00 0.00
0.06 0.00
0.00 0.00
0.00 0.00
0.04 0.00
0.00 0.00
0.00 0.00
0.01 0.00
0.00 0.00
0.00 0.00
0.00 0.00
0.00 0.00
0.00 0.00
0.00 0.00
0.02 0.00
0.00 0.00
0.05 0.00
0.00 0.00
0.00 0.00
0.00 0.00
0.11 0.00
0.00 0.00
0.00 0.00
0.01 0.00
0.03 0.00
0.00 0.00
0.02 0.00
0.00 0.00
0.00 0.00
0.00 0.00
0.01 0.00
0.04 0.00
0.00 0.00
0.00 0.00
0.00 0.00
0.00 0.00
0.00 0.00
1.82 0.53
0.00 0.00
0.13 0.00
0.05 0.00
0.01 0.00
0.07 0.01
0.22 0.06
0.00 0.00
0.12 0.02
0.00 0.00
0.00 0.00
0.00 0.00
0.03 0.00
0.00 0.00
0.04 0.00
0.00 0.00
0.00 0.00
0.00 0.00
0.03 0.00
0.03 0.00
0.22 0.00
0.05 0.00
0.03 0.00
0.00 0.00
0.00 0.00
0.00 0.00
0.00 0.00
0.00 0.00
0.02 0.00
0.00 0.00
0.00 0.00
0.12 0.00
0.00 0.00
0.08 0.00
0.02 0.00
0.00 0.00
0.00 0.00
0.00 0.00
0.00 0.00
0.00 0.00
0.00 0.00
0.00 0.00
0.00 0.00
0.00 0.00
0.04 0.00
0.00 0.00
0.00 0.00
0.01 0.00
0.00 0.00
0.10 0.00
0.05 0.00
0.04 0.00
0.00 0.00
0.06 0.00
0.00 0.00
0.00 0.00
0.00 0.00
0.00 0.00
0.00 0.00
0.01 0.00
0.05 0.00
0.00 0.00
0.00 0.00
0.00 0.00
0.00 0.00
0.00 0.00
0.15 0.00
0.00 0.00
0.00 0.00
0.03 0.00
0.00 0.00
0.00 0.00
0.01 0.00
0.01 0.00
0.00 0.00
0.01 0.00
0.03 0.00
0.00 0.00
0.00 0.00
0.02 0.00
0.00 0.00
0.00 0.00
0.00 0.00
0.00 0.00
0.01 0.00
0.17 0.00
0.00 0.00
0.00 0.00
0.00 0.00
0.00 0.00
0.00 0.00
0.00 0.00
0.00 0.00
0.00 0.00
0.01 0.00
0.00 0.00
0.00 0.00
0.00 0.00
0.03 0.00
0.00 0.00
0.00 0.00
0.00 0.00
0.00 0.00
0.00 0.00
0.00 0.00
0.00 0.00
0.05 0.00
0.00 0.00
0.00 0.00
0.00 0.00
0.00 0.00
0.00 0.00
0.08 0.00
0.00 0.00
0.00 0.00
0.00 0.00
0.00 0.00
0.00 0.00
0.00 0.00
0.00 0.00
0.02 0.00
0.00 0.00
0.00 0.00
0.00 0.00
0.00 0.00
0.00 0.00
0.00 0.00
0.05 0.00
0.00 0.00
0.00 0.00
0.00 0.00
0.00 0.00
0.00 0.00
0.00 0.00
0.00 0.00
0.04 0.00
0.00 0.00
0.00 0.00
0.00 0.00
0.00 0.00
0.00 0.00
0.00 0.00
0.00 0.00
0.00 0.00
0.04 0.00
0.00 0.00
0.00 0.00
0.00 0.00
0.00 0.00
0.00 0.00
0.00 0.00
0.00 0.00
0.03 0.00
0.02 0.00
0.00 0.00
0.00 0.00
0.00 0.00
0.00 0.00
0.00 0.00
0.00 0.00
0.00 0.00
0.02 0.00
0.00 0.00
0.00 0.00
0.02 0.00
0.00 0.00
0.01 0.00
0.00 0.00
0.00 0.00
0.00 0.00
0.00 0.00
0.00 0.00
0.00 0.00
0.00 0.00
0.00 0.00
0.00 0.00
0.02 0.00
0.00 0.00
0.00 0.00
