0.00 0.00
0.00 0.00
0.00 0.00
0.00 0.00
0.00 0.00
0.12 0.00
0.00 0.00
0.00 0.00
0.00 0.00
0.00 0.00
0.00 0.00
0.02 0.00
0.15 0.00
0.00 0.00
0.00 0.00
0.00 0.00
0.00 0.00
0.00 0.00
0.00 0.00
0.21 0.00
0.00 0.00
0.00 0.00
0.00 0.00
0.00 0.00
0.00 0.00
0.00 0.00
0.15 0.00
0.00 0.00
0.00 0.00
0.00 0.00
0.00 0.00
0.00 0.00
0.11 0.00
0.25 0.00
0.00 0.00
0.00 0.00
0.10 0.00
0.00 0.00
0.00 0.00
0.04 0.00
0.01 0.00
0.00 0.00
0.00 0.00
0.00 0.00
0.00 0.00
0.00 0.00
0.01 0.00
0.00 0.00
0.00 0.00
0.00 0.00
0.00 0.00
0.00 0.00
0.16 0.00
0.00 0.00
0.00 0.00
0.00 0.00
0.00 0.00
0.00 0.00
0.00 0.00
0.00 0.00
0.00 0.00
0.00 0.00
0.00 0.00
0.00 0.00
0.00 0.00
0.00 0.00
0.00 0.00
0.00 0.00
0.02 0.00
0.00 0.00
0.00 0.00
0.04 0.00
0.00 0.00
0.00 0.00
0.03 0.00
0.00 0.00
0.00 0.00
0.00 0.00
0.00 0.00
0.00 0.00
0.00 0.00
0.04 0.00
0.00 0.00
0.00 0.00
0.00 0.00
0.00 0.00
0.00 0.00
0.00 0.00
0.00 0.00
0.00 0.00
0.00 0.00
0.00 0.00
0.00 0.00
0.00 0.00
0.00 0.00
0.00 0.00
0.00 0.00
0.02 0.00
0.00 0.00
0.00 0.00
0.00 0.00
0.00 0.00
0.00 0.00
0.04 0.00
0.00 0.00
0.00 0.00
0.00 0.00
0.00 0.00
0.00 0.00
0.03 0.00
0.00 0.00
0.00 0.00
0.00 0.00
0.00 0.00
0.00 0.00
0.00 0.00
0.08 0.00
0.00 0.00
0.00 0.00
0.18 0.00
0.00 0.00
0.00 0.00
0.00 0.00
0.00 0.00
0.00 0.00
0.00 0.00
0.00 0.00
0.00 0.00
0.00 0.00
0.00 0.00
0.05 0.00
0.00 0.00
0.00 0.00
0.00 0.00
0.00 0.00
0.03 0.00
0.00 0.00
0.00 0.00
0.05 0.00
0.00 0.00
0.00 0.00
0.00 0.00
0.00 0.00
0.00 0.00
0.00 0.00
0.00 0.00
0.00 0.00
0.00 0.00
0.00 0.00
0.00 0.00
0.04 0.00
0.08 0.00
0.00 0.00
0.00 0.00
0.00 0.00
0.00 0.00
0.00 0.00
0.01 0.00
0.00 0.00
0.01 0.00
0.00 0.00
0.01 0.00
0.03 0.00
0.00 0.00
0.00 0.00
0.00 0.00
0.00 0.00
0.00 0.00
0.00 0.00
0.00 0.00
0.00 0.00
0.00 0.00
0.01 0.00
0.06 0.00
0.00 0.00
0.00 0.00
0.00 0.00
0.00 0.00
0.00 0.00
0.01 0.00
0.00 0.00
0.00 0.00
0.00 0.00
0.00 0.00
0.00 0.00
0.00 0.00
0.06 0.00
0.05 0.00
0.00 0.00
0.00 0.00
0.00 0.00
0.00 0.00
0.00 0.00
0.01 0.00
0.00 0.00
0.00 0.00
0.00 0.00
0.00 0.00
0.00 0.00
0.00 0.00
0.01 0.00
0.00 0.00
0.05 0.00
0.00 0.00
0.00 0.00
0.00 0.00
0.00 0.00
0.04 0.00
0.02 0.00
0.00 0.00
0.00 0.00
0.00 0.00
0.00 0.00
0.00 0.00
0.16 0.00
0.00 0.00
0.00 0.00
0.04 0.00
0.01 0.00
0.05 0.00
0.00 0.00
0.16 0.00
0.00 0.00
0.00 0.00
0.02 0.00
0.00 0.00
0.00 0.00
0.00 0.00
0.03 0.00
0.00 0.00
0.00 0.00
0.00 0.00
0.00 0.00
0.00 0.00
0.00 0.00
0.00 0.00
0.00 0.00
0.00 0.00
0.00 0.00
0.00 0.00
0.00 0.00
0.00 0.00
0.00 0.00
0.02 0.00
0.00 0.00
0.00 0.00
0.00 0.00
0.03 0.00
0.03 0.00
0.03 0.00
0.00 0.00
0.00 0.00
0.00 0.00
0.03 0.00
0.00 0.00
0.00 0.00
0.00 0.00
0.00 0.00
0.00 0.00
0.00 0.00
0.00 0.00
0.00 0.00
0.00 0.00
0.00 0.00
0.00 0.00
0.00 0.00
0.00 0.00
0.00 0.00
0.02 0.00
0.01 0.00
0.00 0.00
5.00 2.62
0.24 0.05
0.75 0.18
0.04 0.00
0.05 0.00
0.24 0.00
0.00 0.00
0.00 0.00
0.01 0.00
0.00 0.00
0.00 0.00
0.06 0.00
0.00 0.00
0.00 0.00
0.00 0.00
0.00 0.00
0.00 0.00
0.22 0.00
0.03 0.00
0.00 0.00
0.01 0.00
0.00 0.00
0.00 0.00
0.00 0.00
0.01 0.00
0.01 0.00
0.12 0.00
0.00 0.00
0.00 0.00
0.00 0.00
0.00 0.00
0.00 0.00
0.06 0.00
0.01 0.00
0.00 0.00
0.00 0.00
0.02 0.00
0.00 0.00
0.00 0.00
0.00 0.00
0.00 0.00
0.00 0.00
0.00 0.00
0.00 0.00
0.00 0.00
0.00 0.00
0.00 0.00
0.00 0.00
0.00 0.00
0.00 0.00
0.00 0.00
0.00 0.00
0.00 0.00
0.00 0.00
0.00 0.00
0.00 0.00
0.00 0.00
0.00 0.00
0.00 0.00
0.00 0.00
0.00 0.00
0.00 0.00
0.00 0.00
0.00 0.00
0.00 0.00
0.00 0.00
0.00 0.00
0.00 0.00
0.00 0.00
0.00 0.00
0.00 0.00
0.00 0.00
0.00 0.00
0.00 0.00
0.00 0.00
0.02 0.00
0.00 0.00
2.57 0.77
2.10 0.72
0.39 0.07
0.03 0.00
0.02 0.00
0.00 0.00
0.00 0.00
0.34 0.00
0.03 0.00
0.00 0.00
0.08 0.00
0.00 0.00
0.00 0.00
0.03 0.00
0.00 0.00
0.11 0.00
0.03 0.00
0.13 0.00
0.00 0.00
0.00 0.00
0.00 0.00
0.00 0.00
0.00 0.00
0.00 0.00
0.00 0.00
0.00 0.00
0.03 0.00
0.00 0.00
0.00 0.00
0.00 0.00
0.02 0.00
0.00 0.00
0.01 0.00
0.00 0.00
0.00 0.00
0.00 0.00
0.00 0.00
0.02 0.00
0.00 0.00
0.00 0.00
0.00 0.00
0.00 0.00
0.04 0.00
0.00 0.00
0.00 0.00
0.00 0.00
0.00 0.00
0.00 0.00
0.01 0.00
0.00 0.00
0.00 0.00
0.06 0.00
0.00 0.00
0.00 0.00
0.00 0.00
0.05 0.00
0.00 0.00
0.00 0.00
0.00 0.00
0.00 0.00
0.00 0.00
0.00 0.00
0.00 0.00
0.00 0.00
0.00 0.00
0.00 0.00
0.00 0.00
0.00 0.00
0.00 0.00
0.00 0.00
0.00 0.00
0.05 0.00
0.00 0.00
0.00 0.00
0.31 0.00
0.00 0.00
3.17 1.38
0.66 0.18
0.78 0.22
0.12 0.02
0.09 0.00
0.03 0.00
0.02 0.00
0.04 0.00
0.19 0.00
0.00 0.00
0.00 0.00
0.03 0.00
0.00 0.00
0.04 0.00
0.04 0.00
0.00 0.00
0.00 0.00
0.05 0.00
0.00 0.00
0.04 0.00
0.05 0.00
0.00 0.00
0.00 0.00
0.02 0.00
0.06 0.00
0.03 0.00
0.00 0.00
0.02 0.00
0.00 0.00
0.00 0.00
0.26 0.00
0.02 0.00
0.00 0.00
0.24 0.00
0.00 0.00
0.01 0.00
0.05 0.00
0.01 0.00
0.00 0.00
0.00 0.00
0.01 0.00
0.00 0.00
0.00 0.00
0.06 0.00
0.00 0.00
0.00 0.00
0.00 0.00
0.00 0.00
0.00 0.00
0.06 0.00
0.05 0.00
0.01 0.00
0.02 0.00
0.00 0.00
0.00 0.00
0.03 0.00
0.00 0.00
0.02 0.00
0.00 0.00
0.00 0.00
0.00 0.00
0.00 0.00
0.02 0.00
0.02 0.00
0.08 0.00
0.04 0.00
0.00 0.00
0.00 0.00
0.01 0.00
0.00 0.00
5.00 1.05
0.90 0.25
0.42 0.15
0.09 0.02
0.03 0.00
0.05 0.00
0.00 0.00
0.01 0.00
0.12 0.00
0.00 0.00
0.09 0.00
0.00 0.00
0.02 0.00
0.00 0.00
0.03 0.00
0.13 0.00
0.00 0.00
0.00 0.00
0.00 0.00
0.00 0.00
0.00 0.00
0.01 0.00
0.00 0.00
0.06 0.00
0.02 0.00
0.01 0.00
0.00 0.00
0.04 0.00
0.00 0.00
0.00 0.00
0.27 0.00
0.00 0.00
0.00 0.00
0.01 0.00
0.00 0.00
0.00 0.00
0.00 0.00
0.00 0.00
0.00 0.00
0.00 0.00
0.01 0.00
0.00 0.00
0.00 0.00
0.03 0.00
0.00 0.00
0.00 0.00
0.00 0.00
0.04 0.00
0.00 0.00
0.02 0.00
0.00 0.00
0.00 0.00
0.00 0.00
0.00 0.00
0.00 0.00
0.06 0.00
0.02 0.00
0.00 0.00
0.01 0.00
0.00 0.00
0.00 0.00
0.00 0.00
0.01 0.00
0.00 0.00
0.00 0.00
0.17 0.00
0.00 0.00
0.00 0.00
0.04 0.00
0.00 0.00
0.04 0.00
0.01 0.00
0.00 0.00
0.00 0.00
0.00 0.00
2.39 0.63
0.07 0.00
0.15 0.02
0.00 0.00
0.05 0.00
0.00 0.00
0.02 0.00
0.00 0.00
0.00 0.00
0.00 0.00
0.00 0.00
0.00 0.00
0.00 0.00
0.03 0.00
0.00 0.00
0.02 0.00
0.00 0.00
0.01 0.00
0.00 0.00
0.12 0.00
0.00 0.00
0.08 0.00
0.00 0.00
0.00 0.00
0.03 0.00
0.06 0.00
0.00 0.00
0.00 0.00
0.03 0.00
0.00 0.00
0.00 0.00
0.00 0.00
0.02 0.00
0.00 0.00
0.00 0.00
0.00 0.00
0.00 0.00
0.00 0.00
0.00 0.00
0.00 0.00
0.07 0.00
0.00 0.00
0.00 0.00
0.00 0.00
0.00 0.00
0.00 0.00
0.00 0.00
0.00 0.00
0.00 0.00
0.00 0.00
0.02 0.00
0.00 0.00
0.00 0.00
0.00 0.00
0.02 0.00
0.00 0.00
0.00 0.00
0.27 0.00
0.00 0.00
0.00 0.00
0.04 0.00
0.00 0.00
0.00 0.00
0.02 0.00
0.00 0.00
0.00 0.00
0.00 0.00
0.00 0.00
0.00 0.00
0.00 0.00
0.03 0.00
1.54 0.57
0.00 0.00
0.37 0.10
0.09 0.00
0.04 0.00
0.05 0.00
0.18 0.00
0.00 0.00
0.07 0.00
0.00 0.00
0.03 0.00
0.02 0.00
0.05 0.00
0.02 0.00
0.03 0.00
0.01 0.00
0.00 0.00
0.00 0.00
0.06 0.00
0.07 0.00
0.00 0.00
0.01 0.00
0.00 0.00
0.00 0.00
0.10 0.00
0.00 0.00
0.00 0.00
0.00 0.00
0.00 0.00
0.00 0.00
0.02 0.00
0.00 0.00
0.00 0.00
0.00 0.00
0.03 0.00
0.00 0.00
0.03 0.00
0.00 0.00
0.00 0.00
0.00 0.00
0.03 0.00
0.01 0.00
0.00 0.00
0.21 0.00
0.00 0.00
0.00 0.00
0.02 0.00
0.00 0.00
0.00 0.00
0.09 0.00
0.05 0.00
0.00 0.00
0.00 0.00
0.00 0.00
0.00 0.00
0.00 0.00
0.07 0.00
0.00 0.00
0.00 0.00
0.00 0.00
0.02 0.00
0.00 0.00
0.02 0.00
0.01 0.00
0.00 0.00
0.00 0.00
0.00 0.00
0.00 0.00
0.00 0.00
0.02 0.00
0.08 0.00
0.00 0.00
3.02 1.60
0.52 0.00
0.51 0.12
0.28 0.04
0.13 0.01
0.12 0.00
0.06 0.00
0.06 0.00
0.00 0.00
0.04 0.00
0.05 0.00
0.00 0.00
0.04 0.00
0.02 0.00
0.00 0.00
0.00 0.00
0.26 0.00
0.00 0.00
0.00 0.00
0.00 0.00
0.00 0.00
0.00 0.00
0.04 0.00
0.03 0.00
0.00 0.00
0.00 0.00
0.02 0.00
0.00 0.00
0.03 0.00
0.05 0.00
0.00 0.00
0.00 0.00
0.00 0.00
0.00 0.00
0.00 0.00
0.05 0.00
0.00 0.00
0.02 0.00
0.05 0.00
0.00 0.00
0.00 0.00
0.02 0.00
0.00 0.00
0.00 0.00
0.00 0.00
0.00 0.00
0.00 0.00
0.00 0.00
0.11 0.00
0.00 0.00
0.01 0.00
0.02 0.00
0.00 0.00
0.00 0.00
0.02 0.00
0.00 0.00
0.00 0.00
0.01 0.00
0.02 0.00
0.00 0.00
0.02 0.00
0.00 0.00
0.00 0.00
0.00 0.00
0.02 0.00
0.00 0.00
0.00 0.00
0.13 0.00
0.00 0.00
0.00 0.00
0.00 0.00
0.00 0.00
0.00 0.00
0.01 0.00
2.73 0.79
0.03 0.00
0.33 0.08
0.11 0.00
0.10 0.02
0.02 0.00
0.18 0.02
0.10 0.00
0.17 0.00
0.03 0.00
0.04 0.00
0.03 0.00
0.10 0.00
0.06 0.00
0.06 0.00
0.12 0.00
0.02 0.00
0.00 0.00
0.00 0.00
0.04 0.00
0.00 0.00
0.08 0.00
0.01 0.00
0.00 0.00
0.04 0.00
0.04 0.00
0.00 0.00
0.00 0.00
0.06 0.00
0.00 0.00
0.09 0.00
0.00 0.00
0.09 0.00
0.00 0.00
0.04 0.00
0.00 0.00
0.00 0.00
0.03 0.00
0.01 0.00
0.00 0.00
0.02 0.00
0.00 0.00
0.04 0.00
0.00 0.00
0.12 0.00
0.01 0.00
0.00 0.00
0.02 0.00
0.02 0.00
0.00 0.00
0.02 0.00
0.00 0.00
0.00 0.00
0.00 0.00
0.00 0.00
0.00 0.00
0.27 0.00
0.00 0.00
0.00 0.00
0.00 0.00
0.04 0.00
0.00 0.00
0.00 0.00
0.04 0.00
0.00 0.00
0.09 0.00
0.06 0.00
0.00 0.00
0.00 0.00
1.34 0.35
0.12 0.01
0.12 0.02
0.02 0.00
0.17 0.02
0.00 0.00
0.06 0.00
0.07 0.00
0.11 0.00
0.00 0.00
0.24 0.00
0.01 0.00
0.00 0.00
0.19 0.00
0.09 0.00
0.00 0.00
0.00 0.00
0.00 0.00
0.00 0.00
0.00 0.00
0.05 0.00
0.08 0.00
0.01 0.00
0.05 0.00
0.00 0.00
0.00 0.00
0.04 0.00
0.00 0.00
0.06 0.00
0.08 0.00
0.00 0.00
0.00 0.00
0.00 0.00
0.01 0.00
0.00 0.00
0.08 0.00
0.02 0.00
0.00 0.00
0.00 0.00
0.09 0.00
0.00 0.00
0.00 0.00
0.04 0.00
0.02 0.00
0.00 0.00
0.00 0.00
0.00 0.00
0.00 0.00
0.01 0.00
0.07 0.00
0.00 0.00
0.01 0.00
0.00 0.00
0.00 0.00
0.02 0.00
0.00 0.00
0.00 0.00
0.00 0.00
0.00 0.00
0.00 0.00
0.00 0.00
0.14 0.00
0.00 0.00
0.00 0.00
0.04 0.00
0.00 0.00
0.00 0.00
0.00 0.00
0.01 0.00
0.00 0.00
2.42 0.75
0.35 0.07
0.20 0.02
0.12 0.02
0.06 0.00
0.07 0.00
0.00 0.00
0.20 0.00
0.00 0.00
0.00 0.00
0.03 0.00
0.02 0.00
0.00 0.00
0.00 0.00
0.09 0.00
0.00 0.00
0.02 0.00
0.05 0.00
0.07 0.00
0.00 0.00
0.04 0.00
0.05 0.00
0.00 0.00
0.00 0.00
0.00 0.00
0.03 0.00
0.00 0.00
0.00 0.00
0.00 0.00
0.00 0.00
0.00 0.00
0.00 0.00
0.02 0.00
0.00 0.00
0.00 0.00
0.00 0.00
0.02 0.00
0.00 0.00
0.00 0.00
0.00 0.00
0.00 0.00
0.00 0.00
0.29 0.00
0.05 0.00
0.00 0.00
0.00 0.00
0.00 0.00
0.00 0.00
0.00 0.00
0.08 0.00
0.00 0.00
0.00 0.00
0.01 0.00
0.02 0.00
0.00 0.00
0.00 0.00
0.00 0.00
0.00 0.00
0.00 0.00
0.00 0.00
0.00 0.00
0.00 0.00
0.00 0.00
0.05 0.00
0.00 0.00
0.00 0.00
0.00 0.00
0.00 0.00
0.13 0.00
0.00 0.00
0.03 0.00
0.03 0.00
2.28 0.65
0.18 0.02
0.19 0.04
0.09 0.01
0.04 0.00
0.07 0.01
0.02 0.00
0.01 0.00
0.00 0.00
0.03 0.00
0.02 0.00
0.21 0.00
0.02 0.00
0.00 0.00
0.03 0.00
0.01 0.00
0.00 0.00
0.05 0.00
0.25 0.00
0.01 0.00
0.00 0.00
0.09 0.00
0.00 0.00
0.00 0.00
0.07 0.00
0.01 0.00
0.00 0.00
0.00 0.00
0.03 0.00
0.05 0.00
0.00 0.00
0.12 0.00
0.00 0.00
0.00 0.00
0.00 0.00
0.00 0.00
0.00 0.00
0.04 0.00
0.04 0.00
0.00 0.00
0.00 0.00
0.00 0.00
0.00 0.00
0.04 0.00
0.02 0.00
0.02 0.00
0.01 0.00
0.00 0.00
0.00 0.00
0.01 0.00
0.00 0.00
0.00 0.00
0.04 0.00
0.02 0.00
0.00 0.00
0.01 0.00
0.01 0.00
0.08 0.00
0.00 0.00
0.00 0.00
0.01 0.00
0.00 0.00
0.00 0.00
0.00 0.00
2.45 0.80
0.11 0.05
0.12 0.04
0.15 0.02
0.06 0.00
0.10 0.01
0.09 0.00
0.00 0.00
0.27 0.00
0.00 0.00
0.00 0.00
0.09 0.00
0.00 0.00
0.02 0.00
0.04 0.00
0.00 0.00
0.00 0.00
0.02 0.00
0.06 0.00
0.00 0.00
0.02 0.00
0.08 0.00
0.00 0.00
0.19 0.00
0.03 0.00
0.00 0.00
0.00 0.00
0.02 0.00
0.00 0.00
0.00 0.00
0.00 0.00
0.04 0.00
0.00 0.00
0.00 0.00
0.00 0.00
0.00 0.00
0.00 0.00
0.00 0.00
0.00 0.00
0.00 0.00
0.06 0.00
0.02 0.00
0.00 0.00
0.00 0.00
0.01 0.00
0.00 0.00
0.01 0.00
0.00 0.00
0.00 0.00
0.00 0.00
0.00 0.00
0.00 0.00
0.06 0.00
0.03 0.00
0.00 0.00
0.01 0.00
0.01 0.00
0.00 0.00
0.00 0.00
0.00 0.00
0.00 0.00
0.00 0.00
0.00 0.00
0.00 0.00
0.00 0.00
0.00 0.00
0.08 0.00
0.00 0.00
0.00 0.00
0.03 0.00
0.00 0.00
5.00 1.74
0.53 0.14
0.18 0.03
0.12 0.02
0.15 0.03
0.03 0.00
0.07 0.00
0.37 0.00
0.05 0.00
0.00 0.00
0.00 0.00
0.02 0.00
0.00 0.00
0.00 0.00
0.24 0.00
0.00 0.00
0.00 0.00
0.04 0.00
0.01 0.00
0.00 0.00
0.05 0.00
0.00 0.00
0.00 0.00
0.03 0.00
0.02 0.00
0.00 0.00
0.01 0.00
0.04 0.00
0.00 0.00
0.02 0.00
0.00 0.00
0.01 0.00
0.01 0.00
0.04 0.00
0.01 0.00
0.02 0.00
0.11 0.00
0.00 0.00
0.02 0.00
0.32 0.00
0.00 0.00
0.02 0.00
0.02 0.00
0.00 0.00
0.00 0.00
0.04 0.00
0.08 0.00
0.00 0.00
0.08 0.00
0.02 0.00
0.00 0.00
0.00 0.00
0.01 0.00
0.00 0.00
0.00 0.00
0.07 0.00
0.01 0.00
0.00 0.00
0.01 0.00
0.00 0.00
0.00 0.00
0.00 0.00
0.04 0.00
0.02 0.00
0.00 0.00
0.00 0.00
0.01 0.00
0.01 0.00
0.01 0.00
0.00 0.00
0.00 0.00
0.00 0.00
0.00 0.00
0.00 0.00
0.00 0.00
0.00 0.00
0.00 0.00
0.01 0.00
0.00 0.00
0.00 0.00
0.08 0.00
0.00 0.00
0.00 0.00
0.04 0.00
0.02 0.00
0.00 0.00
0.00 0.00
0.00 0.00
0.00 0.00
0.00 0.00
0.01 0.00
0.00 0.00
0.00 0.00
0.07 0.00
0.02 0.00
0.00 0.00
0.00 0.00
0.07 0.00
0.00 0.00
0.00 0.00
0.01 0.00
0.01 0.00
0.00 0.00
0.00 0.00
0.00 0.00
0.00 0.00
0.00 0.00
0.05 0.00
0.00 0.00
0.02 0.00
0.00 0.00
0.00 0.00
0.00 0.00
0.00 0.00
0.00 0.00
0.00 0.00
0.02 0.00
0.16 0.00
0.00 0.00
0.01 0.00
0.00 0.00
0.00 0.00
0.00 0.00
0.02 0.00
0.00 0.00
0.00 0.00
0.00 0.00
0.00 0.00
0.00 0.00
0.00 0.00
0.04 0.00
0.00 0.00
0.00 0.00
0.00 0.00
0.02 0.00
0.00 0.00
0.00 0.00
0.07 0.00
0.00 0.00
0.00 0.00
0.00 0.00
0.22 0.00
0.01 0.00
0.00 0.00
0.02 0.00
0.01 0.00
0.00 0.00
0.00 0.00
0.00 0.00
0.00 0.00
0.00 0.00
0.00 0.00
0.00 0.00
0.00 0.00
0.02 0.00
0.00 0.00
0.00 0.00
0.00 0.00
0.00 0.00
0.00 0.00
0.00 0.00
0.00 0.00
0.00 0.00
0.00 0.00
0.00 0.00
0.00 0.00
0.00 0.00
0.01 0.00
0.00 0.00
0.00 0.00
0.00 0.00
0.00 0.00
0.01 0.00
0.00 0.00
0.00 0.00
0.00 0.00
0.03 0.00
0.02 0.00
0.00 0.00
0.00 0.00
0.00 0.00
0.00 0.00
0.00 0.00
