0.03 0.00
0.01 0.00
0.00 0.00
0.11 0.00
0.51 0.00
0.13 0.00
0.07 0.00
0.06 0.00
0.03 0.00
0.06 0.00
0.08 0.00
0.00 0.00
0.01 0.00
0.00 0.00
0.11 0.00
0.51 0.00
0.13 0.00
0.07 0.00
0.06 0.00
0.03 0.00
0.06 0.00
0.08 0.00
0.00 0.00
1.65 0.33
1.66 0.26
1.90 0.07
2.08 0.01
1.81 0.00
2.16 0.00
2.04 0.15
0.14 0.57
0.00 0.06
0.37 0.00
1.26 0.04
0.12 0.30
0.00 0.07
0.00 0.00
0.80 0.03
0.43 0.22
0.00 0.10
0.04 0.00
0.53 0.00
0.36 0.11
0.00 0.11
0.00 0.01
0.33 0.00
0.33 0.06
0.18 0.08
0.06 0.02
0.14 0.00
0.39 0.04
0.22 0.07
0.18 0.04
0.20 0.01
0.21 0.02
0.16 0.05
0.03 0.05
0.16 0.02
0.39 0.02
0.31 0.04
0.10 0.04
0.05 0.02
0.10 0.02
0.20 0.03
0.21 0.04
0.53 0.03
0.16 0.02
0.14 0.02
0.18 0.03
0.16 0.03
0.18 0.03
0.13 0.02
0.13 0.03
0.18 0.03
0.19 0.02
0.14 0.02
0.17 0.03
0.04 0.02
0.10 0.02
0.10 0.02
0.07 0.02
0.16 0.03
0.12 0.03
0.19 0.02
0.00 0.02
0.09 0.02
0.08 0.02
0.14 0.02
0.17 0.02
0.11 0.02
0.16 0.02
0.15 0.02
0.18 0.02
0.06 0.02
0.13 0.02
0.12 0.02
0.19 0.02
0.14 0.02
0.16 0.02
0.03 0.02
0.17 0.02
0.09 0.02
0.14 0.02
0.20 0.02
0.11 0.02
0.16 0.02
0.10 0.02
0.13 0.02
0.22 0.02
0.23 0.02
0.17 0.02
0.18 0.02
0.14 0.02
0.37 0.02
0.19 0.02
0.15 0.02
0.16 0.02
0.22 0.02
0.30 0.01
0.17 0.01
0.22 0.02
0.18 0.02
0.16 0.02
0.16 0.02
0.09 0.02
0.09 0.02
0.14 0.02
0.04 0.02
0.07 0.01
0.18 0.02
0.14 0.02
0.19 0.02
0.08 0.02
0.02 0.02
0.00 0.01
0.16 0.02
0.17 0.02
0.00 0.02
0.21 0.01
0.13 0.02
0.19 0.01
0.04 0.01
0.18 0.02
0.22 0.02
0.14 0.01
0.00 0.02
0.12 0.02
0.05 0.02
0.17 0.01
0.12 0.01
0.16 0.02
0.16 0.02
0.13 0.02
0.07 0.01
0.12 0.01
0.20 0.02
0.00 0.02
0.09 0.01
0.18 0.01
0.12 0.02
0.04 0.01
0.30 0.02
0.17 0.02
0.16 0.01
0.20 0.01
0.17 0.01
0.13 0.01
0.00 0.01
0.46 0.02
0.04 0.01
0.20 0.01
0.16 0.02
0.11 0.02
0.09 0.01
0.15 0.02
0.07 0.01
0.11 0.01
0.08 0.01
0.18 0.02
0.05 0.01
0.11 0.02
0.10 0.02
0.01 0.01
0.13 0.01
0.10 0.02
0.06 0.01
0.13 0.01
0.09 0.02
0.09 0.01
0.00 0.01
0.07 0.02
0.03 0.01
0.07 0.01
0.07 0.02
0.11 0.02
0.11 0.01
0.07 0.01
0.08 0.01
0.13 0.01
0.00 0.01
0.15 0.01
0.17 0.01
0.12 0.01
0.18 0.01
0.07 0.01
0.16 0.01
0.20 0.01
0.11 0.01
0.13 0.01
0.18 0.02
0.20 0.01
0.05 0.01
0.13 0.01
0.10 0.01
0.16 0.01
0.12 0.01
0.14 0.02
0.08 0.01
0.01 0.01
0.10 0.01
0.18 0.01
0.06 0.01
0.13 0.01
0.14 0.01
0.09 0.01
0.13 0.02
0.25 0.01
0.16 0.01
0.16 0.01
0.14 0.01
0.41 0.01
0.03 0.01
0.10 0.02
0.05 0.01
0.20 0.01
0.06 0.02
0.08 0.01
0.00 0.01
0.02 0.01
0.14 0.01
0.07 0.01
0.13 0.01
0.05 0.02
0.07 0.01
0.05 0.01
0.08 0.01
0.12 0.01
0.10 0.01
0.09 0.02
0.10 0.01
0.03 0.01
0.00 0.01
0.03 0.01
0.10 0.01
0.10 0.01
0.14 0.01
0.10 0.01
0.12 0.01
0.02 0.01
0.17 0.01
0.06 0.01
0.09 0.01
0.06 0.01
0.14 0.01
0.08 0.01
0.18 0.01
0.07 0.01
0.11 0.01
0.18 0.00
0.09 0.01
0.12 0.01
0.17 0.01
0.17 0.01
0.24 0.01
0.09 0.01
0.22 0.01
0.15 0.01
0.05 0.01
0.05 0.01
0.13 0.01
0.17 0.01
0.13 0.01
0.08 0.01
0.36 0.01
0.03 0.01
0.33 0.01
0.15 0.01
0.05 0.01
0.12 0.01
0.14 0.01
0.00 0.01
0.08 0.01
0.17 0.01
0.15 0.01
0.14 0.01
0.02 0.01
0.12 0.01
0.03 0.01
0.15 0.01
0.02 0.01
0.13 0.01
0.22 0.01
0.11 0.01
0.08 0.01
0.13 0.01
0.03 0.01
0.00 0.01
0.12 0.01
0.18 0.01
0.00 0.01
0.05 0.01
0.12 0.01
0.13 0.01
0.00 0.01
0.04 0.01
0.09 0.01
0.00 0.00
0.17 0.01
0.17 0.01
0.07 0.01
0.04 0.01
0.14 0.01
0.15 0.01
0.08 0.01
0.21 0.01
0.04 0.01
0.08 0.00
0.13 0.01
0.05 0.01
0.09 0.01
0.19 0.01
0.15 0.01
0.17 0.00
0.05 0.01
0.09 0.01
0.05 0.01
0.08 0.01
0.25 0.01
0.06 0.01
0.07 0.01
0.16 0.01
0.11 0.01
0.10 0.01
0.08 0.01
0.03 0.01
0.03 0.00
0.01 0.01
0.43 0.01
0.14 0.01
0.21 0.01
0.11 0.01
0.01 0.00
0.00 0.01
0.15 0.01
0.22 0.01
0.05 0.01
0.09 0.01
0.11 0.01
0.11 0.00
0.19 0.01
0.10 0.01
0.11 0.00
0.02 0.01
0.02 0.01
0.12 0.00
0.15 0.01
0.05 0.01
0.00 0.00
0.00 0.01
0.08 0.01
0.00 0.01
0.02 0.01
0.17 0.01
0.07 0.01
0.18 0.00
0.08 0.01
0.17 0.01
0.03 0.01
0.06 0.01
0.19 0.01
0.17 0.00
0.11 0.01
0.07 0.01
0.09 0.00
0.11 0.01
0.06 0.01
0.00 0.01
0.11 0.01
0.05 0.01
0.06 0.01
0.08 0.00
0.07 0.01
0.19 0.01
0.09 0.00
0.08 0.01
0.12 0.01
0.14 0.00
0.14 0.01
0.15 0.01
0.13 0.00
0.24 0.01
0.04 0.01
0.06 0.00
0.18 0.01
0.04 0.01
0.00 0.00
0.27 0.00
0.12 0.01
0.04 0.01
0.06 0.00
0.12 0.01
0.14 0.01
0.09 0.00
0.09 0.01
