617465388 3.58
617466284 3.73
617467220 3.56
617468156 3.52
617469092 3.48
617470028 3.47
617470960 3.46
617471884 3.46
617472820 3.45
617473752 3.44
617474688 3.43
617475624 3.44
617476680 3.44
617478044 3.44
617479404 3.47
617480764 3.49
617482124 3.48
617483484 3.48
617484844 3.45
617486204 3.42
617487564 3.42
617488924 3.42
617490284 3.49
617491644 3.46
617493004 3.47
617494364 3.47
617495724 3.49
617497080 3.51
617498444 3.52
617499804 3.51
617501164 3.48
617502524 3.45
617503884 3.45
617505244 3.46
617506604 3.45
617507964 3.46
617509320 3.47
617510680 3.44
617512044 3.46
617513404 3.48
617514764 3.49
617516124 3.49
617517484 3.46
617518844 3.42
617520200 3.41
617521560 3.41
617522924 3.41
617524284 3.41
617525644 3.45
617527004 3.45
617528364 3.44
617529724 3.48
617531084 3.49
617532444 3.49
617533804 3.47
617535160 3.44
617536528 3.42
617537884 3.43
617539244 3.43
617540604 3.46
617541964 3.53
617543324 3.55
617544684 3.54
617546044 3.54
617547404 3.54
617548764 3.56
617550124 3.54
617551484 3.47
617552844 3.49
617554204 3.44
617555564 3.38
617556920 3.43
617558280 3.42
617559644 3.45
617561004 3.49
617562364 3.50
617563724 3.53
617565084 3.53
617566440 3.53
617567800 3.51
617569164 3.49
617570524 3.50
617571884 3.53
617573240 3.45
617574604 3.45
617575964 3.46
617577324 3.46
617578684 3.44
617580040 3.47
617581404 3.47
617582764 3.46
617584124 3.44
617585484 3.41
617586844 3.40
617588204 3.40
617589564 3.40
617590924 3.41
617592284 3.43
617593640 3.44
617595004 3.46
617596364 3.49
617597724 3.52
617599080 3.54
617600440 3.53
617601800 3.49
617603164 3.47
617604524 3.48
617605884 3.47
617607244 3.48
617608604 3.48
617609964 3.49
617611324 3.49
617612684 3.53
617614044 3.55
617615400 3.55
617616764 3.54
617618124 3.51
617619484 3.48
617620844 3.49
617622204 3.48
617623568 3.49
617624924 3.50
617626284 3.50
617627644 3.51
617629004 3.53
617630364 3.57
617631724 3.56
617633084 3.55
617634444 3.53
617635804 3.49
617637164 3.49
617638524 3.49
617639884 3.49
617641244 3.50
617642604 3.51
617643964 3.51
617645320 3.52
617646684 3.55
617648044 3.56
617649404 3.56
617650764 3.53
617652124 3.50
617653484 3.48
617654844 3.49
617656204 3.48
617657564 3.49
617658924 3.49
617660284 3.50
617661644 3.50
617663004 3.53
617664360 3.55
617665724 3.55
617667080 3.53
617668444 3.50
617669804 3.48
617671164 3.48
617672524 3.48
617673880 3.48
617675244 3.50
617676604 3.50
617677964 3.51
617679320 3.53
617680684 3.56
617682044 3.56
617683400 3.55
617684760 3.52
617686120 3.50
617687484 3.51
617688844 3.50
617690204 3.51
617691564 3.52
617692924 3.53
617694284 3.54
617695640 3.57
617697004 3.61
617698364 3.62
617699724 3.64
617701084 3.56
617702444 3.51
617703804 3.51
617705164 3.51
617706524 3.50
617707880 3.50
617709244 3.49
617710608 3.52
617711964 3.55
617713324 3.57
617714684 3.55
617716044 3.54
617717404 3.51
617718764 3.48
617720124 3.48
617721484 3.49
617722844 3.50
617724204 3.49
617725564 3.50
617726924 3.51
617728284 3.51
617729640 3.53
617731004 3.55
617732364 3.54
617733720 3.52
617735080 3.49
617736444 3.48
617737804 3.48
617739164 3.47
617740524 3.47
617741884 3.48
617743244 3.48
617744604 3.47
617745964 3.49
617747324 3.51
617748684 3.50
617750044 3.49
617751404 3.46
617752764 3.43
617754124 3.43
617755484 3.43
617756844 3.43
617758204 3.44
617759564 3.45
617760924 3.45
617762284 3.48
617763644 3.50
617765004 3.51
617766364 3.50
617767724 3.48
617769084 3.46
617770440 3.46
617771804 3.47
617773164 3.47
617774524 3.47
617775884 3.48
617777244 3.48
617778604 3.49
617779964 3.52
617781324 3.52
617782684 3.52
617784044 3.49
617785404 3.46
617786760 3.45
617788124 3.45
617789484 3.45
617790844 3.45
617792204 3.46
617793560 3.47
617794924 3.48
617796284 3.51
617797648 3.53
617799004 3.53
617800364 3.52
617801720 3.49
617803080 3.48
617804444 3.48
617805804 3.46
617807160 3.47
617808524 3.48
617809884 3.48
617811244 3.48
617812604 3.50
617813964 3.52
617815324 3.49
617816684 3.48
617818044 3.45
617819404 3.44
617820764 3.44
617822124 3.44
617823484 3.44
617824844 3.45
617826204 3.51
617827564 3.49
617828924 3.52
617830284 3.54
617831644 3.54
617833004 3.52
617834364 3.50
617835724 3.47
617837084 3.47
617838444 3.46
617839804 3.41
617841164 3.41
617842524 3.42
617843884 3.42
617845244 3.44
617846604 3.47
617847964 3.48
617849324 3.49
617850684 3.47
617852044 3.44
617853404 3.41
617854764 3.41
617856124 3.41
617857484 3.42
617858844 3.42
617860204 3.43
617861560 3.44
617862924 3.47
617864284 3.48
617865644 3.48
617867004 3.47
617868364 3.44
617869720 3.43
617871080 3.44
617872444 3.45
617873800 3.45
617875164 3.47
617876524 3.48
617877884 3.48
617879244 3.49
617880604 3.51
617881964 3.50
617883324 3.49
617884688 3.46
617886044 3.43
617887404 3.43
617888764 3.43
617890124 3.43
617891484 3.43
617892844 3.44
617894204 3.44
617895564 3.46
617896924 3.48
617898284 3.48
617899644 3.48
617901004 3.45
617902364 3.42
617903724 3.40
617905084 3.39
617906444 3.38
617907804 3.41
617909164 3.40
617910524 3.39
617911880 3.41
617913240 3.44
617914604 3.46
617915964 3.46
617917320 3.43
617918680 3.40
617920044 3.39
617921404 3.39
617922764 3.39
617924124 3.39
617925484 3.40
617926840 3.40
617928204 3.41
617929560 3.44
617930924 3.46
617932284 3.46
617933644 3.44
617935004 3.40
617936364 3.39
617937720 3.39
617939084 3.39
617940444 3.39
617941804 3.40
617943164 3.40
617944524 3.40
617945884 3.43
617947240 3.45
617948604 3.45
617949960 3.44
617951320 3.41
617952680 3.38
617954044 3.38
617955404 3.38
617956760 3.38
617958124 3.38
617959480 3.39
617960844 3.40
617962204 3.42
617963564 3.45
617964924 3.45
617966284 3.44
617967644 3.41
617969004 3.38
617970360 3.38
617971728 3.38
617973084 3.38
617974444 3.38
617975804 3.39
617977164 3.39
617978524 3.41
617979884 3.44
617981244 3.45
617982604 3.44
617983964 3.42
617985320 3.39
617986684 3.38
617988044 3.38
617989404 3.38
617990760 3.38
617992124 3.39
617993484 3.39
617994840 3.40
617996204 3.43
617997564 3.45
617998924 3.44
618000284 3.42
618001644 3.39
618003004 3.38
618004364 3.38
618005724 3.37
618007084 3.38
618008440 3.39
618009804 3.39
618011164 3.39
618012524 3.42
618013884 3.44
618015244 3.44
618016604 3.43
618017964 3.40
618019324 3.37
618020684 3.38
618022044 3.37
618023404 3.37
618024760 3.38
618026124 3.39
618027484 3.39
618028844 3.41
618030204 3.44
618031564 3.44
618032924 3.44
618034284 3.41
618035644 3.37
618037004 3.37
618038364 3.37
618039724 3.38
618041084 3.38
618042444 3.39
618043804 3.39
618045164 3.40
618046524 3.43
618047884 3.44
618049244 3.44
618050604 3.41
618051964 3.38
618053324 3.37
618054684 3.37
618056044 3.37
618057404 3.38
618058768 3.39
618060124 3.39
618061480 3.39
618062844 3.43
618064204 3.45
618065564 3.44
618066924 3.42
618068284 3.39
618069644 3.37
618071004 3.37
618072364 3.37
618073724 3.37
618075084 3.38
618076444 3.39
618077804 3.39
618079164 3.42
618080524 3.44
618081884 3.44
618083244 3.43
618084604 3.40
618085964 3.37
618087324 3.37
618088684 3.37
618090044 3.37
618091404 3.38
618092760 3.39
618094120 3.39
618095484 3.41
618096840 3.44
618098204 3.44
618099564 3.44
618100924 3.40
618102284 3.37
618103644 3.37
618105004 3.38
618106360 3.37
618107724 3.38
618109084 3.38
618110444 3.39
618111804 3.40
618113160 3.43
618114524 3.44
618115884 3.44
618117244 3.41
618118604 3.38
618119964 3.37
618121324 3.37
618122684 3.37
618124044 3.37
618125404 3.38
618126764 3.39
618128124 3.40
618129484 3.43
618130844 3.44
618132204 3.44
618133560 3.42
618134924 3.39
618136284 3.37
618137644 3.37
618139004 3.37
618140364 3.38
618141724 3.38
618143084 3.39
618144444 3.39
618145808 3.42
618147164 3.44
618148524 3.44
618149884 3.43
618151244 3.40
618152604 3.37
618153964 3.38
618155324 3.37
618156684 3.37
618158044 3.38
618159404 3.39
618160764 3.39
618162124 3.41
618163484 3.44
618164844 3.44
618166204 3.43
618167564 3.41
618168920 3.37
618170284 3.37
618171644 3.37
618173000 3.37
618174364 3.38
618175720 3.39
618177084 3.39
618178444 3.41
618179804 3.43
618181164 3.44
618182524 3.44
618183884 3.41
618185244 3.38
618186604 3.37
618187964 3.38
618189324 3.37
618190684 3.38
618192044 3.39
618193404 3.39
618194764 3.39
618196124 3.43
618197480 3.44
618198844 3.44
618200204 3.42
618201564 3.39
618202920 3.37
618204284 3.37
618205644 3.37
618207004 3.37
618208364 3.38
618209724 3.39
618211084 3.39
618212444 3.42
618213804 3.44
618215164 3.44
618216524 3.43
618217884 3.40
618219244 3.37
618220604 3.37
618221964 3.37
618223324 3.37
618224684 3.38
618226044 3.39
618227404 3.39
618228764 3.41
618230120 3.44
618231484 3.44
618232848 3.43
618234204 3.41
618235564 3.37
618236924 3.37
618238284 3.37
618239644 3.37
618241004 3.38
618242364 3.38
618243724 3.39
618245084 3.40
618246444 3.44
618247804 3.44
618249164 3.44
618250524 3.41
618251884 3.38
618253244 3.37
618254604 3.37
618255964 3.37
618257324 3.38
618258684 3.38
618260044 3.39
618261404 3.40
618262764 3.43
618264124 3.44
618265484 3.44
618266844 3.42
618268204 3.39
618269564 3.37
618270924 3.37
618272284 3.37
618273644 3.37
618275004 3.38
618276364 3.39
618277724 3.39
618279080 3.42
618280440 3.44
618281804 3.44
618283164 3.43
618284524 3.40
618285884 3.37
618287244 3.38
618288604 3.37
618289964 3.37
618291324 3.38
618292684 3.39
618294044 3.39
618295404 3.41
618296764 3.44
618298124 3.44
618299484 3.43
618300840 3.40
618302204 3.38
618303564 3.37
618304924 3.37
618306284 3.37
618307644 3.38
618309004 3.39
618310364 3.39
618311724 3.40
618313080 3.43
618314444 3.44
618315804 3.44
618317160 3.41
618318524 3.38
618319888 3.37
618321244 3.37
618322604 3.37
618323964 3.37
618325324 3.38
618326684 3.39
618328044 3.40
618329404 3.43
618330764 3.44
618332124 3.44
618333484 3.42
618334844 3.39
618336204 3.37
618337564 3.37
618338924 3.37
618340284 3.37
618341644 3.38
618343004 3.39
618344360 3.39
618345724 3.42
618347084 3.44
618348444 3.44
618349804 3.43
618351164 3.40
618352520 3.37
618353884 3.37
618355240 3.37
618356604 3.37
618357964 3.38
618359324 3.38
618360684 3.39
618362044 3.41
618363404 3.44
618364764 3.44
618366124 3.43
618367484 3.40
618368844 3.37
618370204 3.37
618371564 3.37
618372924 3.37
618374284 3.38
618375644 3.38
618377004 3.39
618378360 3.40
618379724 3.44
618381084 3.44
618382444 3.44
618383804 3.41
618385164 3.38
618386524 3.37
618387884 3.37
618389244 3.37
618390604 3.37
618391964 3.39
618393324 3.39
618394684 3.39
618396040 3.43
618397404 3.44
618398764 3.44
618400124 3.42
618401484 3.39
618402844 3.37
618404204 3.37
618405564 3.37
618406928 3.37
618408284 3.38
618409644 3.39
618411004 3.39
618412364 3.42
618413724 3.44
618415084 3.44
618416444 3.43
618417804 3.40
618419164 3.37
618420524 3.37
618421880 3.37
618423244 3.37
618424604 3.38
618425964 3.39
618427324 3.39
618428684 3.41
618430044 3.44
618431404 3.44
618432764 3.43
618434124 3.40
618435484 3.37
618436840 3.37
618438204 3.38
618439564 3.37
618440924 3.38
618442284 3.38
618443640 3.39
618445004 3.40
618446360 3.43
618447724 3.44
618449084 3.44
618450444 3.41
618451804 3.38
618453164 3.37
618454520 3.37
618455884 3.37
618457244 3.37
618458604 3.38
618459964 3.39
618461324 3.40
618462684 3.43
618464040 3.44
618465404 3.44
618466764 3.42
618468124 3.39
618469484 3.37
618470844 3.37
618472204 3.37
618473564 3.38
618474924 3.38
618476284 3.39
618477644 3.39
618479004 3.42
618480364 3.44
618481724 3.44
618483084 3.43
618484444 3.40
618485804 3.37
618487164 3.37
618488524 3.37
618489884 3.37
618491244 3.38
618492604 3.38
618493968 3.39
618495324 3.41
618496684 3.44
618498044 3.44
618499404 3.43
618500764 3.40
618502124 3.37
618503484 3.37
618504844 3.37
618506204 3.37
618507560 3.37
618508924 3.38
618510284 3.39
618511640 3.40
618513004 3.43
618514364 3.44
618515720 3.44
618517084 3.41
618518444 3.38
618519804 3.37
618521164 3.37
618522524 3.37
618523884 3.37
618525244 3.38
618526604 3.39
618527964 3.39
618529324 3.43
618530680 3.44
618532044 3.44
618533404 3.42
618534764 3.39
618536124 3.37
618537484 3.37
618538840 3.37
618540204 3.37
618541564 3.38
618542924 3.38
618544284 3.39
618545644 3.42
618547004 3.44
618548364 3.44
618549724 3.42
618551084 3.39
618552444 3.37
618553804 3.37
618555164 3.37
618556524 3.37
618557884 3.37
618559244 3.38
618560604 3.39
618561964 3.41
618563324 3.44
618564684 3.44
618566044 3.43
618567404 3.40
618568764 3.37
618570120 3.36
618571484 3.37
618572844 3.36
618574204 3.37
618575564 3.37
618576924 3.38
618578284 3.39
618579644 3.43
618581008 3.43
618582364 3.43
618583724 3.40
618585084 3.37
618586444 3.36
618587804 3.36
618589164 3.36
618590524 3.36
618591884 3.37
618593244 3.38
618594600 3.38
618595964 3.42
618597324 3.43
618598680 3.43
618600044 3.41
618601404 3.38
618602764 3.36
618604124 3.36
618605484 3.36
618606844 3.36
618608204 3.37
618609564 3.38
618610924 3.38
618612284 3.41
618613644 3.43
618615004 3.43
618616364 3.42
618617724 3.39
618619084 3.36
618620440 3.36
618621804 3.36
618623164 3.36
618624524 3.37
618625884 3.37
618627244 3.38
618628604 3.40
618629964 3.42
618631324 3.43
618632684 3.42
618634044 3.40
618635404 3.36
618636760 3.36
618638124 3.36
618639484 3.36
618640844 3.37
618642204 3.38
618643564 3.38
618644924 3.39
618646284 3.42
618647644 3.43
618649004 3.42
618650364 3.40
618651724 3.37
618653084 3.36
618654444 3.36
618655804 3.36
618657164 3.36
618658520 3.37
618659884 3.38
618661244 3.39
618662600 3.42
618663964 3.43
618665324 3.43
618666684 3.41
618668048 3.38
618669404 3.36
618670764 3.37
618672124 3.36
618673484 3.36
618674844 3.37
618676200 3.38
618677564 3.38
618678924 3.41
618680280 3.43
618681644 3.43
618683004 3.42
618684364 3.39
618685720 3.36
618687084 3.36
618688444 3.36
618689800 3.36
618691164 3.37
618692524 3.37
618693884 3.38
618695244 3.40
618696604 3.43
618697964 3.43
618699324 3.42
618700684 3.39
618702040 3.36
618703404 3.36
618704764 3.37
618706124 3.37
618707484 3.37
618708840 3.38
618710204 3.38
618711564 3.40
618712924 3.42
618714284 3.43
618715644 3.42
618717004 3.40
618718364 3.37
618719724 3.36
618721084 3.36
618722444 3.36
618723804 3.37
618725164 3.37
618726524 3.38
618727884 3.39
618729244 3.42
618730604 3.43
618731964 3.43
618733324 3.41
618734684 3.38
618736044 3.36
618737404 3.36
618738760 3.36
618740124 3.36
618741484 3.37
618742844 3.38
618744204 3.38
618745564 3.41
618746924 3.43
618748284 3.43
618749644 3.41
618751004 3.38
618752360 3.37
618753724 3.36
618755088 3.36
618756444 3.36
618757804 3.37
618759164 3.38
618760524 3.38
618761884 3.40
618763240 3.43
618764604 3.43
618765964 3.42
618767324 3.39
618768684 3.36
618770044 3.36
618771404 3.36
618772764 3.36
618774124 3.37
618775484 3.37
618776844 3.38
618778204 3.39
618779564 3.42
618780924 3.43
618782284 3.42
618783644 3.40
618785004 3.37
618786364 3.36
618787724 3.36
618789084 3.36
618790444 3.36
618791804 3.37
618793164 3.38
618794520 3.38
618795884 3.42
618797244 3.43
618798604 3.43
618799964 3.41
618801320 3.38
618802684 3.36
618804044 3.36
618805404 3.36
618806764 3.36
618808124 3.37
618809484 3.38
618810844 3.38
618812204 3.41
618813564 3.43
618814924 3.43
618816284 3.41
618817644 3.38
618819004 3.36
618820364 3.36
618821724 3.36
618823084 3.36
618824440 3.37
618825804 3.38
618827164 3.38
618828524 3.40
618829884 3.43
618831244 3.43
618832604 3.42
618833960 3.39
618835324 3.36
618836684 3.36
618838044 3.36
618839404 3.35
618840760 3.36
618842128 3.37
618843484 3.37
618844844 3.39
618846204 3.42
618847564 3.42
618848924 3.42
618850280 3.39
618851644 3.36
618853000 3.35
618854360 3.36
618855724 3.35
618857084 3.36
618858444 3.37
618859804 3.37
618861164 3.38
618862524 3.41
618863884 3.42
618865244 3.42
618866604 3.40
618867964 3.37
618869324 3.36
618870684 3.36
618872044 3.36
618873404 3.36
618874764 3.37
618876120 3.37
618877480 3.38
618878844 3.41
618880204 3.43
618881564 3.43
618882924 3.42
618884284 3.39
618885644 3.36
618887004 3.36
618888364 3.36
618889724 3.36
618891084 3.37
618892444 3.37
618893804 3.38
618895164 3.40
618896524 3.42
618897884 3.43
618899244 3.42
618900604 3.39
618901964 3.36
618903324 3.36
618904684 3.36
618906044 3.36
618907404 3.36
618908764 3.37
618910124 3.38
618911484 3.39
618912844 3.42
618914204 3.43
618915560 3.42
618916924 3.40
618918284 3.37
618919644 3.36
618921004 3.36
618922364 3.36
618923724 3.36
618925084 3.37
618926444 3.38
618927804 3.38
618929168 3.42
618930524 3.43
618931884 3.43
618933244 3.41
618934604 3.38
618935964 3.36
618937324 3.36
618938684 3.36
618940044 3.36
618941400 3.37
618942764 3.38
618944124 3.38
618945484 3.41
618946844 3.43
618948204 3.43
618949564 3.42
618950920 3.39
618952280 3.36
618953644 3.36
618955004 3.36
618956364 3.36
618957724 3.37
618959084 3.37
618960444 3.38
618961804 3.40
618963164 3.43
618964524 3.43
618965884 3.42
618967244 3.39
618968604 3.36
618969964 3.36
618971324 3.36
618972684 3.36
618974044 3.36
618975404 3.37
618976764 3.38
618978124 3.39
618979484 3.42
618980844 3.43
618982204 3.43
618983564 3.40
618984924 3.37
618986284 3.36
618987644 3.36
618989004 3.36
618990364 3.36
618991724 3.37
618993084 3.38
618994440 3.38
618995804 3.42
618997160 3.43
618998524 3.43
618999884 3.41
619001244 3.38
619002604 3.36
619003964 3.36
619005324 3.36
619006684 3.36
619008044 3.37
619009404 3.38
619010764 3.38
619012124 3.41
619013484 3.43
619014844 3.43
619016208 3.41
619017560 3.38
619018920 3.36
619020284 3.36
619021644 3.36
619023004 3.36
619024364 3.37
619025724 3.37
619027084 3.38
619028444 3.40
619029804 3.43
619031164 3.43
619032524 3.42
619033884 3.39
619035244 3.36
619036604 3.36
619037964 3.36
619039324 3.36
619040680 3.37
619042044 3.37
619043404 3.38
619044764 3.39
619046124 3.42
619047484 3.43
619048844 3.43
619050204 3.40
619051564 3.37
619052924 3.36
619054284 3.36
619055644 3.36
619057004 3.37
619058360 3.37
619059720 3.38
619061084 3.39
619062444 3.42
619063804 3.43
619065160 3.43
619066524 3.41
619067884 3.38
619069244 3.36
619070604 3.36
619071964 3.36
619073324 3.36
619074680 3.37
619076044 3.38
619077404 3.38
619078764 3.41
619080120 3.43
619081484 3.43
619082840 3.42
619084200 3.38
619085564 3.36
619086924 3.36
619088284 3.36
619089644 3.36
619091004 3.37
619092360 3.38
619093724 3.38
619095084 3.40
619096440 3.43
619097804 3.43
619099164 3.42
619100524 3.39
619101884 3.36
619103248 3.36
619104604 3.36
619105964 3.36
619107324 3.36
619108684 3.38
619110044 3.38
619111404 3.39
619112760 3.42
619114120 3.43
619115484 3.43
619116844 3.40
619118200 3.37
619119564 3.36
619120924 3.36
619122284 3.36
619123644 3.36
619125000 3.38
619126364 3.38
619127720 3.38
619129084 3.41
619130444 3.43
619131804 3.43
619133164 3.41
619134524 3.38
619135884 3.36
619137244 3.36
619138604 3.36
619139960 3.36
619141324 3.37
619142684 3.38
619144044 3.38
619145404 3.41
619146764 3.43
619148124 3.43
619149484 3.42
619150844 3.38
619152204 3.36
619153564 3.36
619154924 3.36
619156284 3.36
619157644 3.37
619159004 3.37
619160360 3.38
619161724 3.40
619163084 3.43
619164444 3.43
619165800 3.42
619167160 3.39
619168524 3.36
619169884 3.36
619171244 3.36
619172604 3.36
619173960 3.37
619175324 3.38
619176684 3.38
619178044 3.39
619179404 3.42
619180764 3.43
619182120 3.43
619183484 3.40
619184844 3.37
619186204 3.36
619187564 3.36
619188924 3.36
619190288 3.36
619191644 3.37
619193004 3.38
619194364 3.38
619195724 3.42
619197084 3.43
619198444 3.43
619199804 3.41
619201164 3.38
619202524 3.36
619203884 3.36
619205244 3.36
619206604 3.36
619207964 3.37
619209324 3.38
619210684 3.38
619212044 3.41
619213400 3.43
619214764 3.43
619216124 3.42
619217484 3.39
619218844 3.36
619220204 3.36
619221564 3.36
619222924 3.36
619224284 3.37
619225644 3.37
619227004 3.38
619228364 3.40
619229724 3.43
619231084 3.43
619232444 3.42
619233804 3.39
619235164 3.36
619236524 3.36
619237884 3.36
619239244 3.36
619240604 3.36
619241960 3.37
619243324 3.38
619244684 3.39
619246044 3.42
619247404 3.43
619248760 3.43
619250120 3.40
619251484 3.37
619252840 3.36
619254204 3.36
619255560 3.36
619256924 3.36
619258284 3.37
619259644 3.38
619261004 3.38
619262364 3.42
619263724 3.43
619265084 3.43
619266444 3.41
619267804 3.38
619269160 3.36
619270524 3.36
619271884 3.36
619273244 3.36
619274604 3.37
619275964 3.37
619277328 3.38
619278684 3.41
619280044 3.43
619281404 3.43
619282764 3.42
619284124 3.38
619285484 3.36
619286844 3.36
619288204 3.36
619289564 3.36
619290924 3.37
619292284 3.37
619293644 3.38
619295004 3.40
619296364 3.43
619297724 3.43
619299084 3.42
619300440 3.39
619301804 3.36
619303160 3.36
619304520 3.36
619305884 3.36
619307244 3.37
619308604 3.38
619309964 3.38
619311320 3.40
619312684 3.42
619314044 3.43
619315404 3.43
619316764 3.40
619318124 3.37
619319480 3.36
619320844 3.36
619322204 3.36
619323564 3.36
619324924 3.37
619326284 3.38
619327644 3.39
619329000 3.42
619330360 3.43
619331724 3.43
619333084 3.40
619334444 3.38
619335804 3.36
619337164 3.36
619338524 3.36
619339884 3.36
619341244 3.37
619342604 3.38
619343964 3.38
619345324 3.41
619346684 3.43
619348044 3.43
619349404 3.42
619350760 3.38
619352120 3.36
619353484 3.36
619354844 3.36
619356204 3.36
619357564 3.37
619358924 3.38
619360284 3.38
619361644 3.40
619363000 3.43
619364368 3.43
619365724 3.42
619367080 3.39
619368444 3.36
619369804 3.36
619371164 3.36
619372524 3.36
619373884 3.37
619375244 3.38
619376604 3.38
619377964 3.40
619379324 3.42
619380680 3.43
619382044 3.43
619383404 3.40
619384764 3.37
619386124 3.36
619387484 3.36
619388844 3.36
619390204 3.36
619391564 3.37
619392924 3.38
619394284 3.38
619395644 3.42
619397004 3.43
619398364 3.43
619399724 3.41
619401084 3.38
619402444 3.36
619403804 3.36
619405164 3.36
619406524 3.36
619407884 3.37
619409244 3.38
619410604 3.38
619411960 3.41
619413324 3.43
619414684 3.43
619416044 3.42
619417404 3.38
619418760 3.36
619420120 3.36
619421484 3.36
619422844 3.36
619424204 3.37
619425564 3.37
619426924 3.38
619428284 3.40
619429644 3.43
619431004 3.43
619432364 3.42
619433724 3.39
619435084 3.36
619436444 3.36
619437804 3.36
619439164 3.36
619440524 3.37
619441884 3.38
619443244 3.38
619444604 3.40
619445964 3.42
619447324 3.43
619448684 3.43
619450044 3.40
619451408 3.37
619452764 3.36
619454124 3.36
619455484 3.36
619456840 3.37
619458204 3.37
619459564 3.38
619460920 3.39
619462284 3.42
619463644 3.43
619465004 3.43
619466364 3.41
619467724 3.38
619469080 3.36
619470444 3.36
619471804 3.36
619473164 3.36
619474524 3.37
619475884 3.38
619477244 3.38
619478604 3.41
619479964 3.43
619481324 3.43
619482684 3.41
619484044 3.38
619485404 3.36
619486760 3.36
619488124 3.36
619489484 3.36
619490844 3.37
619492204 3.38
619493564 3.38
619494924 3.40
619496280 3.43
619497644 3.43
619499004 3.42
619500364 3.39
619501724 3.36
619503084 3.36
619504444 3.36
619505804 3.36
619507164 3.36
619508524 3.38
619509880 3.38
619511244 3.39
619512604 3.42
619513964 3.43
619515320 3.43
619516680 3.40
619518044 3.37
619519400 3.36
619520764 3.36
619522124 3.36
619523484 3.78
619524844 0.00
619526204 4.16
619527564 2.20
619528924 2.25
619530280 3.62
619531644 2.35
619533000 3.67
619534364 3.00
619535724 2.66
619537084 3.48
619538448 2.92
619539804 3.65
619541164 3.41
619542524 2.82
619543884 3.74
619545244 2.58
619546604 4.11
619547964 3.01
619549320 3.50
619550684 3.03
619552044 3.20
619553400 2.80
619554764 3.07
619556124 3.26
619557484 2.65
619558844 3.23
619560204 3.38
619561564 3.32
619562924 3.22
619564280 3.27
619565644 3.50
619567004 3.19
619568364 3.93
619569724 3.14
619571084 3.10
619572444 3.57
619573804 3.33
619575164 3.95
619576524 2.96
619577884 3.52
619579244 3.05
619580604 3.53
619581964 3.85
619583324 2.98
619584684 3.37
619586044 3.28
619587404 4.45
619588764 2.94
619590120 3.87
619591484 3.24
619592844 3.23
619594204 4.22
619595564 3.25
619596924 3.36
619598284 3.41
619599644 3.19
619601004 4.00
619602360 3.32
619603724 3.85
619605084 2.98
619606444 3.31
619607804 3.57
619609164 3.61
619610520 3.46
619611884 3.49
619613244 3.51
619614600 3.22
619615960 3.72
619617324 3.32
619618684 3.22
619620044 3.59
619621400 3.19
619622764 3.48
619624124 3.26
619625488 3.34
619626844 3.38
619628204 3.48
619629564 3.59
619630924 3.20
619632284 3.53
619633644 3.20
619635004 3.38
619636364 3.42
619637724 3.35
619639084 3.38
619640444 3.18
619641804 3.63
619643164 3.22
619644524 3.40
619645884 3.43
619647240 3.21
619648604 3.51
619649964 3.30
619651324 3.39
619652684 3.28
619654044 3.49
619655404 3.35
619656764 3.27
619658124 3.59
619659484 3.22
619660844 3.46
619662204 3.35
619663564 3.38
619664924 3.39
619666284 3.27
619667640 3.49
619669004 3.14
619670364 3.51
619671724 3.30
619673084 3.18
619674444 3.38
619675804 3.21
619677164 3.34
619678524 3.25
619679884 3.45
619681244 3.30
619682604 3.34
619683964 3.46
619685324 3.18
619686684 3.36
619688044 3.23
619689404 3.28
619690764 3.26
619692124 3.35
619693484 3.34
619694844 3.25
619696204 3.53
619697560 3.28
619698924 3.39
619700284 3.35
619701644 3.26
619703004 3.32
619704364 3.25
619705724 3.41
619707084 3.16
619708444 3.41
619709804 3.33
619711164 3.23
619712528 3.46
619713884 3.22
619715244 3.36
619716604 3.25
619717964 3.31
619719324 3.22
619720684 3.16
619722044 3.35
619723404 3.11
619724764 3.31
619726124 3.26
619727484 3.21
619728844 3.31
619730204 3.27
619731564 3.33
619732920 3.20
619734284 3.31
619735644 3.20
619737004 3.22
619738364 3.29
619739720 3.19
619741080 3.26
619742444 3.22
619743804 3.29
619745164 3.22
619746524 3.32
619747884 3.31
619749240 3.22
619750604 3.34
619751964 3.18
619753324 3.26
619754684 3.21
619756044 3.25
619757404 3.25
619758764 3.19
619760124 3.33
619761484 3.18
619762844 3.34
619764200 3.32
619765564 3.26
619766924 3.32
619768284 3.19
619769644 3.28
619771004 3.20
619772364 3.27
619773724 3.25
619775084 3.21
619776444 3.32
619777804 3.23
619779164 3.34
619780520 3.31
619781884 3.31
619783240 3.28
619784600 3.26
619785964 3.27
619787324 3.21
619788684 3.27
619790044 3.23
619791404 3.26
619792764 3.27
619794124 3.27
619795484 3.31
619796844 3.29
619798204 3.36
619799568 3.25
619800924 3.28
619802284 3.25
619803644 3.22
619805004 3.29
619806364 3.22
619807724 3.29
619809084 3.24
619810444 3.28
619811804 3.30
619813164 3.28
619814524 3.36
619815884 3.26
619817240 3.29
619818604 3.25
619819964 3.24
619821324 3.27
619822684 3.23
619824044 3.28
619825404 3.25
619826760 3.28
619828124 3.28
619829484 3.30
619830840 3.33
619832204 3.30
619833564 3.28
619834924 3.24
619836284 3.26
619837644 3.24
619839004 3.26
619840364 3.25
619841724 3.24
619843084 3.28
619844444 3.26
619845804 3.32
619847164 3.30
619848520 3.32
619849884 3.29
619851244 3.24
619852600 3.28
619853964 3.22
619855324 3.26
619856684 3.25
619858044 3.24
619859404 3.28
619860764 3.25
619862124 3.31
619863484 3.30
619864840 3.32
619866200 3.30
619867560 3.26
619868920 3.27
619870284 3.25
619871644 3.26
619873004 3.26
619874364 3.26
619875724 3.26
619877084 3.27
619878444 3.30
619879804 3.32
619881164 3.35
619882524 3.33
619883880 3.30
619885240 3.28
619886608 3.31
619887964 3.31
619889324 3.28
619890684 3.30
619892040 3.27
619893404 3.32
619894764 3.32
619896120 3.34
619897484 3.37
619898844 3.34
619900204 3.34
619901564 3.29
619902924 3.30
619904284 3.31
619905644 3.29
619907000 3.32
619908364 3.30
619909724 3.32
619911084 3.34
619912444 3.35
619913804 3.37
619915164 3.36
619916524 3.33
619917884 3.31
619919244 3.30
619920604 3.30
619921964 3.30
619923324 3.29
619924684 3.31
619926044 3.31
619927404 3.32
619928764 3.35
619930124 3.35
619931484 3.36
619932844 3.33
619934204 3.30
619935564 3.28
619936924 3.27
619938284 3.28
619939640 3.27
619941004 3.29
619942364 3.29
619943724 3.28
619945084 3.34
619946444 3.34
619947804 3.35
619949164 3.33
619950524 3.29
619951884 3.28
619953240 3.27
619954604 3.27
619955964 3.27
619957324 3.28
619958680 3.29
619960044 3.29
619961404 3.32
619962764 3.35
619964124 3.34
619965484 3.34
619966840 3.31
619968204 3.28
619969560 3.29
619970924 3.27
619972284 3.28
619973648 3.28
619975004 3.29
619976364 3.30
619977724 3.30
619979084 3.35
619980444 3.35
619981804 3.34
619983160 3.32
619984524 3.27
619985880 3.28
619987244 3.28
619988600 3.27
619989964 3.29
619991324 3.28
619992684 3.30
619994040 3.30
619995404 3.33
619996764 3.35
619998124 3.34
619999484 3.32
620000840 3.29
620002204 3.27
620003560 3.28
620004920 3.27
620006284 3.28
620007644 3.29
620009004 3.28
620010364 3.30
620011724 3.32
620013084 3.34
620014444 3.35
620015804 3.32
620017164 3.30
620018524 3.27
620019884 3.28
620021244 3.28
620022604 3.27
620023960 3.29
620025320 3.29
620026684 3.29
620028044 3.32
620029404 3.34
620030760 3.35
620032124 3.33
620033484 3.31
620034844 3.28
620036204 3.27
620037564 3.28
620038924 3.28
620040284 3.28
620041640 3.29
620043004 3.29
620044360 3.31
620045724 3.34
620047084 3.34
620048444 3.35
620049804 3.31
620051164 3.29
620052524 3.28
620053884 3.28
620055244 3.28
620056604 3.28
620057964 3.29
620059324 3.29
620060688 3.30
620062040 3.34
620063404 3.34
620064764 3.35
620066120 3.32
620067484 3.28
620068844 3.28
620070204 3.27
620071564 3.28
620072924 3.28
620074284 3.28
620075644 3.30
620077004 3.29
620078364 3.33
620079724 3.35
620081084 3.34
620082444 3.33
620083804 3.30
620085164 3.28
620086524 3.28
620087884 3.27
620089244 3.28
620090604 3.28
620091964 3.29
620093324 3.30
620094684 3.32
620096040 3.35
620097404 3.34
620098764 3.33
620100124 3.31
620101484 3.27
620102844 3.28
620104204 3.28
620105564 3.27
628242036 3.28
628242924 3.28
628243852 3.28
628244788 3.26
628245724 3.25
628246660 3.23
628247596 3.22
628248528 3.22
628249456 3.22
628250396 3.22
628251328 3.22
628252264 3.22
628253320 3.23
628254680 3.23
628256040 3.24
628257400 3.27
628258760 3.28
628260120 3.29
628261480 3.27
628262840 3.24
628264200 3.22
628265560 3.22
628266920 3.22
628268280 3.22
628269640 3.23
628271000 3.23
628272360 3.24
628273720 3.26
628275080 3.28
628276440 3.28
628277800 3.28
628279160 3.25
628280520 3.22
628281880 3.22
628283240 3.22
628284600 3.22
628285960 3.22
628287320 3.23
628288680 3.24
628290040 3.26
628291400 3.28
628292760 3.29
628294120 3.29
628295480 3.26
628296840 3.23
628298200 3.23
628299560 3.22
628300920 3.22
628302280 3.22
628303640 3.23
628305000 3.24
628306360 3.25
628307720 3.27
628309080 3.29
628310440 3.29
628311800 3.27
628313160 3.24
628314520 3.23
628315880 3.22
628317240 3.22
628318600 3.22
628319960 3.23
628321320 3.23
628322680 3.24
628324040 3.27
628325400 3.29
628326760 3.29
628328120 3.28
628329488 3.25
628330840 3.22
628332200 3.23
628333560 3.22
628334920 3.22
628336280 3.23
628337640 3.23
628339000 3.24
628340360 3.26
628341720 3.29
628343080 3.29
628344440 3.28
628345800 3.26
628347160 3.23
628348520 3.23
628349880 3.22
628351240 3.22
628352600 3.23
628353960 3.23
628355320 3.24
628356680 3.26
628358040 3.28
628359400 3.29
628360760 3.29
628362120 3.26
628363480 3.23
628364840 3.22
628366200 3.22
628367560 3.22
628368920 3.22
628370280 3.23
628371640 3.24
628373000 3.25
628374360 3.27
628375720 3.29
628377080 3.28
628378440 3.26
628379800 3.23
628381160 3.22
628382520 3.22
628383880 3.22
628385240 3.22
628386600 3.23
628387960 3.23
628389320 3.24
628390680 3.27
628392040 3.28
628393400 3.28
628394760 3.27
628396120 3.24
628397480 3.22
628398840 3.22
628400200 3.22
628401560 3.22
628402920 3.23
628404280 3.23
628405640 3.24
628407000 3.26
628408360 3.28
628409720 3.28
628411080 3.27
628412440 3.25
628413800 3.22
628415160 3.22
628416528 3.22
628417880 3.22
628419240 3.23
628420600 3.23
628421960 3.24
628423320 3.26
628424680 3.28
628426040 3.29
628427400 3.28
628428760 3.26
628430120 3.23
628431480 3.22
628432840 3.22
628434200 3.22
628435560 3.22
628436920 3.23
628438280 3.24
628439640 3.25
628441000 3.27
628442360 3.29
628443720 3.28
628445080 3.26
628446440 3.23
628447800 3.22
628449160 3.22
628450520 3.22
628451880 3.22
628453240 3.23
628454600 3.24
628455960 3.24
628457320 3.27
628458680 3.29
628460040 3.29
628461400 3.27
628462760 3.24
628464120 3.22
628465480 3.22
628466840 3.22
628468200 3.22
628469560 3.23
628470920 3.23
628472280 3.24
628473640 3.26
628475000 3.29
628476360 3.29
628477720 3.28
628479080 3.25
628480440 3.23
628481800 3.23
628483160 3.22
628484520 3.22
628485880 3.23
628487240 3.24
628488600 3.24
628489960 3.26
628491320 3.28
628492680 3.29
628494040 3.28
628495400 3.26
628496760 3.23
628498120 3.23
628499480 3.23
628500840 3.22
628502200 3.23
628503568 3.24
628504920 3.24
628506280 3.25
628507640 3.28
628509000 3.29
628510360 3.29
628511720 3.26
628513080 3.24
628514440 3.23
628515800 3.23
628517160 3.22
628518520 3.22
628519880 3.24
628521240 3.24
628522600 3.24
628523960 3.27
628525320 3.29
628526680 3.29
628528040 3.27
628529400 3.25
628530760 3.23
628532120 3.23
628533480 3.22
628534840 3.22
628536200 3.24
628537560 3.24
628538920 3.24
628540280 3.26
628541640 3.29
628543000 3.29
628544360 3.28
628545720 3.25
628547080 3.23
628548440 3.23
628549800 3.22
628551160 3.23
628552520 3.23
628553880 3.24
628555240 3.24
628556600 3.26
628557960 3.29
628559320 3.29
628560680 3.29
628562040 3.26
628563400 3.23
628564760 3.23
628566120 3.23
628567480 3.22
628568840 3.23
628570200 3.24
628571560 3.24
628572920 3.26
628574280 3.28
628575640 3.29
628577000 3.29
628578360 3.27
628579720 3.24
628581080 3.23
628582440 3.23
628583800 3.22
628585160 3.23
628586520 3.24
628587880 3.24
628589240 3.24
628590608 3.27
628591960 3.29
628593320 3.29
628594680 3.28
628596040 3.25
628597400 3.23
628598760 3.23
628600120 3.22
628601480 3.23
628602840 3.23
628604200 3.24
628605560 3.24
628606920 3.26
628608280 3.29
628609640 3.29
628611000 3.28
628612360 3.25
628613720 3.23
628615080 3.23
628616440 3.22
628617800 3.22
628619160 3.23
628620520 3.24
628621880 3.24
628623240 3.26
628624600 3.28
628625960 3.29
628627320 3.29
628628680 3.26
628630040 3.23
628631400 3.23
628632760 3.23
628634120 3.22
628635480 3.23
628636840 3.24
628638200 3.24
628639560 3.25
628640920 3.28
628642280 3.29
628643640 3.29
628645000 3.27
628646360 3.24
628647720 3.23
628649080 3.23
628650440 3.22
628651800 3.23
628653160 3.24
628654520 3.24
628655880 3.24
628657240 3.27
628658600 3.29
628659960 3.29
628661320 3.27
628662680 3.25
628664040 3.23
628665400 3.23
628666760 3.22
628668120 3.23
628669480 3.23
628670840 3.24
628672200 3.24
628673560 3.26
628674920 3.29
628676280 3.29
628677648 3.28
628679000 3.26
628680360 3.23
628681720 3.23
628683080 3.23
628684440 3.23
628685800 3.23
628687160 3.23
628688520 3.24
628689880 3.26
628691240 3.28
628692600 3.29
628693960 3.29
628695320 3.26
628696680 3.23
628698040 3.23
628699400 3.22
628700760 3.22
628702120 3.23
628703480 3.23
628704840 3.24
628706200 3.25
628707560 3.28
628708920 3.29
628710280 3.29
628711640 3.27
628713000 3.24
628714360 3.23
628715720 3.23
628717080 3.22
628718440 3.23
628719800 3.23
628721160 3.24
628722520 3.24
628723880 3.27
628725240 3.29
628726600 3.29
628727960 3.27
628729320 3.25
628730680 3.23
628732040 3.23
628733400 3.22
628734760 3.22
628736120 3.23
628737480 3.24
628738840 3.24
628740200 3.26
628741560 3.29
628742920 3.29
628744280 3.28
628745640 3.25
628747000 3.23
628748360 3.23
628749720 3.23
628751080 3.22
628752440 3.23
628753800 3.24
628755160 3.24
628756520 3.26
628757880 3.29
628759240 3.29
628760600 3.29
628761960 3.26
628763320 3.23
628764688 3.23
628766040 3.23
628767400 3.22
628768760 3.23
628770120 3.24
628771480 3.24
628772840 3.25
628774200 3.28
628775560 3.29
628776920 3.29
628778280 3.27
628779640 3.24
628781000 3.23
628782360 3.23
628783720 3.22
628785080 3.23
628786440 3.24
628787800 3.24
628789160 3.24
628790520 3.27
628791880 3.29
628793240 3.29
628794600 3.27
628795960 3.25
628797320 3.23
628798680 3.23
628800040 3.22
628801400 3.22
628802760 3.23
628804120 3.24
628805480 3.24
628806840 3.27
628808200 3.29
628809560 3.29
628810920 3.28
628812280 3.26
628813640 3.23
628815000 3.23
628816360 3.23
628817720 3.23
628819080 3.23
628820440 3.24
628821800 3.24
628823160 3.26
628824520 3.28
628825880 3.29
628827240 3.29
628828600 3.26
628829960 3.23
628831320 3.23
628832680 3.23
628834040 3.22
628835400 3.23
628836760 3.24
628838120 3.24
628839480 3.25
628840840 3.28
628842200 3.29
628843560 3.29
628844920 3.27
628846280 3.24
628847640 3.23
628849000 3.23
628850360 3.22
628851728 3.23
628853080 3.24
628854440 3.24
628855800 3.24
628857160 3.27
628858520 3.29
628859880 3.29
628861240 3.27
628862600 3.25
628863960 3.23
628865320 3.23
628866680 3.22
628868040 3.23
628869400 3.23
628870760 3.24
628872120 3.24
628873480 3.26
628874840 3.29
628876200 3.29
628877560 3.28
628878920 3.26
628880280 3.23
628881640 3.23
628883000 3.23
628884360 3.23
628885720 3.23
628887080 3.24
628888440 3.24
628889800 3.26
628891160 3.29
628892520 3.29
628893880 3.28
628895240 3.26
628896600 3.23
628897960 3.23
628899320 3.23
628900680 3.22
628902040 3.22
628903400 3.23
628904760 3.24
628906120 3.25
628907480 3.28
628908840 3.29
628910200 3.29
628911560 3.26
628912920 3.24
628914280 3.22
628915640 3.23
628917000 3.22
628918360 3.22
628919720 3.23
628921080 3.24
628922440 3.24
628923800 3.27
628925160 3.29
628926520 3.29
628927880 3.27
628929240 3.24
628930600 3.22
628931960 3.22
628933320 3.22
628934680 3.22
628936040 3.23
628937400 3.23
628938768 3.24
628940120 3.26
628941480 3.28
628942840 3.29
628944200 3.28
628945560 3.25
628946920 3.22
628948280 3.22
628949640 3.22
628951000 3.22
628952360 3.23
628953720 3.23
628955080 3.24
628956440 3.26
628957800 3.28
628959160 3.29
628960520 3.28
628961880 3.26
628963240 3.23
628964600 3.22
628965960 3.23
628967320 3.22
628968680 3.22
628970040 3.23
628971400 3.24
628972760 3.25
628974120 3.27
628975480 3.29
628976840 3.29
628978200 3.26
628979560 3.24
628980920 3.22
628982280 3.22
628983640 3.22
628985000 3.22
628986360 3.23
628987720 3.24
628989080 3.24
628990440 3.27
628991800 3.29
628993160 3.29
628994520 3.28
628995880 3.25
628997240 3.23
628998600 3.23
628999960 3.22
629001320 3.22
629002680 3.23
629004040 3.24
629005400 3.24
629006760 3.26
629008120 3.29
629009480 3.29
629010840 3.28
629012200 3.26
629013560 3.23
629014920 3.22
629016280 3.23
629017640 3.22
629019000 3.23
629020360 3.23
629021720 3.24
629023080 3.26
629024440 3.28
629025808 3.29
629027160 3.29
629028520 3.26
629029880 3.23
629031240 3.23
629032600 3.23
629033960 3.22
629035320 3.23
629036680 3.24
629038040 3.24
629039400 3.25
629040760 3.28
629042120 3.29
629043480 3.29
629044840 3.27
629046200 3.24
629047560 3.23
629048920 3.23
629050280 3.22
629051640 3.22
629053000 3.23
629054360 3.24
629055720 3.24
629057080 3.27
629058440 3.29
629059800 3.29
629061160 3.27
629062520 3.25
629063880 3.23
629065240 3.23
629066600 3.22
629067960 3.23
629069320 3.23
629070680 3.24
629072040 3.24
629073400 3.26
629074760 3.28
629076120 3.29
629077480 3.28
629078840 3.26
629080200 3.23
629081560 3.23
629082920 3.23
629084280 3.22
629085640 3.23
629087000 3.24
629088360 3.24
629089720 3.26
629091080 3.28
629092440 3.29
629093800 3.28
629095160 3.26
629096520 3.23
629097880 3.23
629099240 3.23
629100600 3.23
629101960 3.23
629103320 3.24
629104680 3.24
629106040 3.25
629107400 3.28
629108760 3.29
629110120 3.29
629111480 3.27
629112848 3.24
629114200 3.23
629115560 3.23
629116920 3.22
629118280 3.23
629119640 3.23
629121000 3.24
629122360 3.24
629123720 3.27
629125080 3.29
629126440 3.29
629127800 3.27
629129160 3.25
629130520 3.23
629131880 3.23
629133240 3.22
629134600 3.23
629135960 3.23
629137320 3.24
629138680 3.24
629140040 3.26
629141400 3.29
629142760 3.29
629144120 3.28
629145480 3.26
629146840 3.23
629148200 3.23
629149560 3.23
629150920 3.22
629152280 3.23
629153640 3.24
629155000 3.24
629156360 3.26
629157720 3.28
629159080 3.29
629160440 3.29
629161800 3.26
629163160 3.23
629164520 3.23
629165880 3.23
629167240 3.22
629168600 3.23
629169960 3.24
629171320 3.24
629172680 3.25
629174040 3.27
629175400 3.29
629176760 3.29
629178120 3.27
629179480 3.24
629180840 3.23
629182200 3.23
629183560 3.22
629184920 3.23
629186280 3.23
629187640 3.24
629189000 3.24
629190360 3.27
629191720 3.29
629193080 3.29
629194440 3.27
629195800 3.25
629197160 3.23
629198520 3.23
629199888 3.22
629201240 3.22
629202600 3.23
629203960 3.24
629205320 3.24
629206680 3.26
629208040 3.29
629209400 3.29
629210760 3.28
629212120 3.26
629213480 3.23
629214840 3.23
629216200 3.23
629217560 3.22
629218920 3.23
629220280 3.24
629221640 3.24
629223000 3.26
629224360 3.28
629225720 3.29
629227080 3.29
629228440 3.26
629229800 3.23
629231160 3.23
629232520 3.23
629233880 3.22
629235240 3.23
629236600 3.23
629237960 3.24
629239320 3.25
629240680 3.28
629242040 3.29
629243400 3.29
629244760 3.27
629246120 3.24
629247480 3.23
629248840 3.23
629250200 3.22
629251560 3.23
629252920 3.23
629254280 3.24
629255640 3.24
629257000 3.27
629258360 3.29
629259720 3.29
629261080 3.27
629262440 3.25
629263800 3.23
629265160 3.23
629266520 3.22
629267880 3.23
629269240 3.23
629270600 3.24
629271960 3.24
629273320 3.26
629274680 3.29
629276040 3.29
629277400 3.28
629278760 3.26
629280120 3.23
629281480 3.23
629282840 3.23
629284200 3.22
629285560 3.23
629286928 3.24
629288280 3.24
629289640 3.26
629291000 3.28
629292360 3.29
629293720 3.29
629295080 3.26
629296440 3.23
629297800 3.23
629299160 3.23
629300520 3.22
629301880 3.23
629303240 3.23
629304600 3.24
629305960 3.25
629307320 3.28
629308680 3.29
629310040 3.29
629311400 3.27
629312760 3.24
629314120 3.23
629315480 3.23
629316840 3.22
629318200 3.22
629319560 3.23
629320920 3.24
629322280 3.24
629323640 3.27
629325000 3.29
629326360 3.29
629327720 3.28
629329080 3.25
629330440 3.23
629331800 3.22
629333160 3.22
629334520 3.22
629335880 3.23
629337240 3.24
629338600 3.24
629339960 3.26
629341320 3.29
629342680 3.29
629344040 3.28
629345400 3.26
629346760 3.23
629348120 3.22
629349480 3.22
629350840 3.22
629352200 3.23
629353560 3.23
629354920 5.00
629356280 4.36
629357640 3.57
629359000 0.00
629360360 5.00
629361720 0.32
629363080 0.00
629364440 4.12
629365800 0.48
629367160 3.60
629368520 3.40
629369880 2.40
629371240 3.63
629372600 1.68
629373968 4.08
629375320 1.83
629376680 3.06
629378040 2.73
629379400 2.15
629380760 4.54
629382120 2.25
629383480 4.08
629384840 2.24
629386200 3.61
629387560 3.00
629388920 2.45
629390280 4.16
629391640 1.29
629393000 4.49
629394360 2.96
629395720 3.21
629397080 3.98
629398440 2.01
629399800 4.18
629401160 2.16
629402520 4.02
629403880 2.52
629405240 2.66
629406600 4.36
629407960 2.04
629409320 4.72
629410680 2.73
629412040 3.23
629413400 3.19
629414760 2.73
629416120 3.99
629417480 1.97
629418840 4.16
629420200 2.64
629421560 3.27
629422920 4.03
629424280 2.53
629425640 3.78
629427000 2.62
629428360 3.80
629429720 2.75
629431080 3.21
629432440 3.52
629433800 2.48
629435160 4.13
629436520 2.93
629437880 3.48
629439240 3.03
629440600 3.25
629441960 3.35
629443320 2.83
629444680 3.89
629446040 2.48
629447400 3.72
629448760 3.30
629450120 3.10
629451480 3.55
629452840 2.76
629454200 3.73
629455560 2.56
629456920 3.82
629458280 3.02
629459640 2.88
629461008 3.96
629462360 2.59
629463720 3.97
629465080 2.82
629466440 3.38
629467800 3.20
629469160 2.83
629470520 3.89
629471880 2.36
629473240 3.90
629474600 3.05
629475960 3.17
629477320 3.79
629478680 2.77
629480040 3.66
629481400 2.74
629482760 3.59
629484120 3.05
629485480 3.00
629486840 3.67
629488200 2.69
629489560 3.74
629490920 3.17
629492280 3.33
629493640 3.26
629495000 3.19
629496360 3.37
629497720 2.86
629499080 3.61
629500440 2.91
629501800 3.33
629503160 3.34
629504520 3.19
629505880 3.34
629507240 3.04
629508600 3.63
629509960 2.85
629511320 3.56
629512680 3.17
629514040 2.95
629515400 3.60
629516760 2.91
629518120 3.60
629519480 2.95
629520840 3.42
629522200 3.20
629523560 2.95
629524920 3.78
629526280 2.73
629527640 3.61
629529000 3.17
629530360 3.15
629531720 3.48
629533080 2.94
629534440 3.56
629535800 2.85
629537160 3.49
629538520 3.18
629539880 3.01
629541240 3.61
629542600 2.99
629543960 3.50
629545320 3.19
629546680 3.31
629548048 3.18
629549400 3.15
629550760 3.41
629552120 2.95
629553480 3.43
629554840 3.12
629556200 3.26
629557560 3.32
629558920 3.29
629560280 3.34
629561640 3.08
629563000 3.50
629564360 2.98
629565720 3.32
629567080 3.25
629568440 3.06
629569800 3.40
629571160 3.07
629572520 3.48
629573880 3.06
629575240 3.43
629576600 3.32
629577960 3.03
629579320 3.55
629580680 2.94
629582040 3.36
629583400 3.18
629584760 3.22
629586120 3.33
629587480 3.06
629588840 3.50
629590200 3.01
629591560 3.42
629592920 3.30
629594280 3.11
629595640 3.40
629597000 3.09
629598360 3.35
629599720 3.13
629601080 3.33
629602440 3.20
629603800 3.15
629605160 3.40
629606520 3.08
629607880 3.36
629609240 3.22
629610600 3.31
629611960 3.24
629613320 3.24
629614680 3.32
629616040 3.06
629617400 3.40
629618760 3.11
629620120 3.24
629621480 3.27
629622840 3.17
629624200 3.35
629625560 3.17
629626920 3.46
629628280 3.13
629629640 3.28
629631000 3.30
629632360 3.08
629633720 3.36
629635088 3.10
629636440 3.29
629637800 3.18
629639160 3.27
629640520 3.31
629641880 3.17
629643240 3.45
629644600 3.14
629645960 3.30
629647320 3.23
629648680 3.17
629650040 3.26
629651400 3.16
629652760 3.33
629654120 3.12
629655480 3.33
629656840 3.26
629658200 3.23
629659560 3.38
629660920 3.19
629662280 3.30
629663640 3.15
629665000 3.28
629666360 3.19
629667720 3.20
629669080 3.33
629670440 3.12
629671800 3.33
629673160 3.22
629674520 3.27
629675880 3.30
629677240 3.25
629678600 3.30
629679960 3.14
629681320 3.32
629682680 3.17
629684040 3.23
629685400 3.28
629686760 3.18
629688120 3.28
629689480 3.20
629690840 3.32
629692200 3.23
629693560 3.31
629694920 3.28
629696280 3.17
629697640 3.30
629699000 3.17
629700360 3.26
629701720 3.20
629703080 3.24
629704440 3.24
629705800 3.19
629707160 3.35
629708520 3.20
629709880 3.34
629711240 3.26
629712600 3.22
629713960 3.28
629715320 3.17
629716680 3.27
629718040 3.16
629719400 3.26
629720760 3.23
629722128 3.20
629723480 3.33
629724840 3.23
629726200 3.33
629727560 3.26
629728920 3.25
629730280 3.23
629731640 3.20
629733000 3.25
629734360 3.18
629735720 3.26
629737080 3.22
629738440 3.24
629739800 3.27
629741160 3.27
629742520 3.29
629743880 3.26
629745240 3.28
629746600 3.18
629747960 3.25
629749320 3.22
629750680 3.20
629752040 3.26
629753400 3.20
629754760 3.27
629756120 3.22
629757480 3.29
629758840 3.29
629760200 3.25
629761560 3.31
629762920 3.18
629764280 3.26
629765640 3.22
629767000 3.21
629768360 3.25
629769720 3.20
629771080 3.26
629772440 3.22
629773800 3.28
629775160 3.29
629776520 3.26
629777880 3.29
629779240 3.22
629780600 3.23
629781960 3.23
629783320 3.22
629784680 3.22
629786040 3.23
629787400 3.24
629788760 3.23
629790120 3.27
629791480 3.27
629792840 3.30
629794200 3.27
629795560 3.26
629796920 3.23
629798280 3.21
629799640 3.25
629801000 3.19
629802360 3.25
629803720 3.22
629805080 3.23
629806440 3.27
629807800 3.26
629809168 3.31
629810520 3.26
629811880 3.26
629813240 3.23
629814600 3.20
629815960 3.25
629817320 3.20
629818680 3.23
629820040 3.24
629821400 3.23
629822760 3.26
629824120 3.27
629825480 3.29
629826840 3.28
629828200 3.26
629829560 3.24
629830920 3.22
629832280 3.22
629833640 3.23
629835000 3.22
629836360 3.24
629837720 3.24
629839080 3.23
629840440 3.28
629841800 3.28
629843160 3.28
629844520 3.27
629845880 3.23
629847240 3.24
629848600 3.21
629849960 3.23
629851320 3.23
629852680 3.22
629854040 3.25
629855400 3.22
629856760 3.27
629858120 3.28
629859480 3.27
629860840 3.28
629862200 3.24
629863560 3.23
629864920 3.23
629866280 3.22
629867640 3.23
629869000 3.22
629870360 3.24
629871720 3.24
629873080 3.25
629874440 3.29
629875800 3.28
629877160 3.28
629878520 3.26
629879880 3.22
629881240 3.23
629882600 3.22
629883960 3.22
629885320 3.23
629886680 3.22
629888040 3.25
629889400 3.25
629890760 3.27
629892120 3.29
629893480 3.27
629894840 3.27
629896208 3.24
629897560 3.22
629898920 3.23
629900280 3.21
629901640 3.23
629903000 3.23
629904360 3.23
629905720 3.25
629907080 3.26
629908440 3.29
629909800 3.28
629911160 3.26
629912520 3.25
629913880 3.22
629915240 3.23
629916600 3.22
629917960 3.22
629919320 3.24
629920680 3.23
629922040 3.24
629923400 3.26
629924760 3.28
629926120 3.29
629927480 3.27
629928840 3.26
629930200 3.23
629931560 3.22
629932920 3.23
629934280 3.22
629935640 3.23
629937000 3.24
629938360 3.23
629939720 3.26
629941080 3.27
629942440 3.28
629943800 3.28
629945160 3.25
629946520 3.24
629947880 3.22
629949240 3.22
629950600 3.23
629951960 3.22
629953320 3.24
629954680 3.23
629956040 3.25
629957400 3.28
629958760 3.28
629960120 3.29
629961480 3.26
629962840 3.24
629964200 3.23
629965560 3.22
629966920 3.23
629968280 3.22
629969640 3.23
629971000 3.24
629972360 3.24
629973720 3.27
629975080 3.28
629976440 3.28
629977800 3.27
629979160 3.24
629980520 3.23
629981880 3.23
629983248 3.22
629984600 3.23
629985960 3.23
629987320 3.24
629988680 3.24
629990040 3.26
629991400 3.29
629992760 3.28
629994120 3.28
629995480 3.25
629996840 3.22
629998200 3.23
629999560 3.22
630000920 3.22
630002280 3.23
630003640 3.23
630005000 3.24
630006360 3.25
630007720 3.28
630009080 3.29
630010440 3.28
630011800 3.26
630013160 3.23
630014520 3.23
630015880 3.23
630017240 3.22
630018600 3.23
630019960 3.23
630021320 3.24
630022680 3.25
630024040 3.27
630025400 3.29
630026760 3.28
630028120 3.26
630029480 3.24
630030840 3.22
630032200 3.23
630033560 3.22
630034920 3.22
630036280 3.24
630037640 3.23
630039000 3.25
630040360 3.27
630041720 3.28
630043080 3.29
630044440 3.27
630045800 3.25
630047160 3.22
630048520 3.22
630049880 3.22
630051240 3.22
630052600 3.23
630053960 3.24
630055320 3.24
630056680 3.26
630058040 3.28
630059400 3.28
630060760 3.28
630062120 3.25
630063480 3.23
630064840 3.22
630066200 3.22
630067560 3.22
630068920 3.22
630070288 3.24
630071640 3.24
630073000 3.26
630074360 3.28
630075720 3.28
630077080 3.29
630078440 3.26
630079800 3.23
630081160 3.23
630082520 3.22
630083880 3.23
630085240 3.22
630086600 3.24
630087960 3.24
630089320 3.25
630090680 3.28
630092040 3.28
630093400 3.28
630094760 3.26
630096120 3.23
630097480 3.23
630098840 3.22
630100200 3.22
630101560 3.23
630102920 3.23
630104280 3.24
630105640 3.24
630107000 3.26
630108360 3.29
630109720 3.28
630111080 3.27
630112440 3.25
630113800 3.23
630115160 3.23
630116520 3.22
630117880 3.22
630119240 3.23
630120600 3.23
630121960 3.24
630123320 3.26
630124680 3.28
630126040 3.28
630127400 3.27
630128760 3.26
630130120 3.22
630131480 3.23
630132840 3.22
630134200 3.22
630135560 3.23
630136920 3.23
630138280 3.24
630139640 3.26
630141000 3.28
630142360 3.29
630143720 3.28
630145080 3.26
630146440 3.23
630147800 3.22
630149160 3.23
630150520 3.22
630151880 3.22
630153240 3.23
630154600 3.23
630155960 3.25
630157328 3.27
630158680 3.29
630160040 3.28
630161400 3.26
630162760 3.24
630164120 3.22
630165480 3.23
630166840 3.22
630168200 3.22
630169560 3.23
630170920 3.24
630172280 3.24
630173640 3.26
630175000 3.28
630176360 3.29
630177720 3.27
630179080 3.25
630180440 3.23
630181800 3.22
630183160 3.22
630184520 3.22
630185880 3.23
630187240 3.24
630188600 3.24
630189960 3.26
630191320 3.28
630192680 3.28
630194040 3.28
630195400 3.25
630196760 3.23
630198120 3.23
630199480 3.22
630200840 3.23
630202200 3.22
630203560 3.24
630204920 3.24
630206280 3.26
630207640 3.28
630209000 3.28
630210360 3.28
630211720 3.26
630213080 3.23
630214440 3.23
630215800 3.22
630217160 3.22
630218520 3.23
630219880 3.23
630221240 3.24
630222600 3.25
630223960 3.27
630225320 3.29
630226680 3.28
630228040 3.27
630229400 3.24
630230760 3.23
630232120 3.23
630233480 3.22
630234840 3.23
630236200 3.23
630237560 3.24
630238920 3.24
630240280 3.26
630241640 3.28
630243000 3.28
630244368 3.27
630245720 3.25
630247080 3.23
630248440 3.23
630249800 3.22
630251160 3.22
630252520 3.23
630253880 3.23
630255240 3.24
630256600 3.26
630257960 3.28
630259320 3.29
630260680 3.27
630262040 3.26
630263400 3.23
630264760 3.22
630266120 3.23
630267480 3.22
630268840 3.23
630270200 3.23
630271560 3.24
630272920 3.26
630274280 3.28
630275640 3.29
630277000 3.28
630278360 3.26
630279720 3.23
630281080 3.23
630282440 3.23
630283800 3.22
630285160 3.22
630286520 3.23
630287880 3.24
630289240 3.25
630290600 3.27
630291960 3.28
630293320 3.29
630294680 3.26
630296040 3.24
630297400 3.23
630298760 3.22
630300120 3.22
630301480 3.22
630302840 3.23
630304200 3.24
630305560 3.24
630306920 3.26
630308280 3.28
630309640 3.28
630311000 3.27
630312360 3.25
630313720 3.23
630315080 3.22
630316440 3.22
630317800 3.23
630319160 3.23
630320520 3.24
630321880 3.24
630323240 3.26
630324600 3.28
630325960 3.28
630327320 3.28
630328680 3.25
630330040 3.23
630331408 3.23
630332760 3.22
630334120 3.22
630335480 3.22
630336840 3.23
630338200 3.24
630339560 3.26
630340920 3.28
630342280 3.29
630343640 3.28
630345000 3.26
630346360 3.23
630347720 3.23
630349080 3.23
630350440 3.22
630351800 3.23
630353160 3.23
630354520 3.24
630355880 3.25
630357240 3.27
630358600 3.28
630359960 3.28
630361320 3.26
630362680 3.24
630364040 3.23
630365400 3.23
630366760 3.22
630368120 3.22
630369480 3.23
630370840 3.24
630372200 3.24
630373560 3.27
630374920 3.28
630376280 3.28
630377640 3.27
630379000 3.25
630380360 3.23
630381720 3.23
630383080 3.22
630384440 3.22
630385800 3.23
630387160 3.23
630388520 3.24
630389880 3.26
630391240 3.28
