60688768 3.20
60689612 3.20
60690500 3.20
60691384 3.20
66416724 3.21
66417568 3.22
66418444 3.22
66419332 3.22
66420228 3.22
66421116 3.22
66422012 3.22
66422900 3.23
66423784 3.22
66424664 3.22
66425548 3.23
66426440 3.23
66427324 3.24
66428224 3.24
66429500 3.23
66430772 3.23
66432048 3.23
66433324 3.24
66434600 3.24
66435876 3.24
66437148 3.25
66438424 3.24
66439700 3.23
66440976 3.22
66442256 3.22
66443524 3.21
66444800 3.20
66446072 3.20
66447348 3.20
66448624 3.20
66449900 3.19
66451172 3.19
66452448 3.19
66453724 3.19
66455000 3.19
66456276 3.19
66457548 3.20
66458824 3.20
66460100 3.20
66461376 3.20
66462648 3.20
66463924 3.20
66465200 3.20
66466476 3.21
66467748 3.21
66469024 3.21
66470300 3.22
66471572 3.22
66472848 3.22
66474124 3.22
66475400 3.23
66476676 3.22
66477948 3.23
66479224 3.23
66480500 3.23
66481772 3.23
66483048 3.23
66484324 3.23
66485600 3.22
66486872 3.22
66488148 3.22
66489424 3.22
66490700 3.22
66491972 3.22
66493248 3.23
66494524 3.23
66495800 3.21
66497072 3.21
66498348 3.22
66499624 3.22
66500900 3.22
66502172 3.22
66503448 3.21
66504728 3.22
66506000 3.22
66507276 3.21
66508548 3.21
66509832 3.22
66511100 3.22
66512372 3.22
66513648 3.21
66514924 3.21
66516200 3.22
66517476 3.22
66518748 3.22
66520024 3.22
66521300 3.23
66522576 3.22
66523848 3.22
66525124 3.23
66526400 3.23
66527676 3.23
66528948 3.23
66530224 3.22
66531500 3.23
66532776 3.23
66534048 3.23
66535324 3.23
66536600 3.23
66537876 3.24
66539148 3.24
66540424 3.24
66541700 3.24
66542972 3.23
66544248 3.23
66545524 3.23
66546800 3.23
66548072 3.23
66549348 3.23
66550624 3.23
66551900 3.22
66553176 3.22
66554448 3.22
66555724 3.22
66557000 3.21
66558276 3.20
66559548 3.21
66560824 3.21
66562100 3.21
66563372 3.21
66564648 3.21
66565924 3.21
66567200 3.21
66568476 3.21
66569748 3.21
66571024 3.21
66572304 3.20
66573576 3.20
66574848 3.20
66576124 3.20
66577400 3.20
66578672 3.20
66579948 3.20
66581224 3.20
66582500 3.21
66583772 3.21
66585048 3.21
66586324 3.21
66587600 3.21
66588876 3.21
66590148 3.21
66591424 3.21
66592700 3.22
66593972 3.22
66595248 3.21
66596524 3.21
66597800 3.21
66599076 3.21
66600348 3.21
66601624 3.21
66602900 3.21
66604172 3.21
66605448 3.21
66606724 3.21
66608000 3.21
66609276 3.21
66610548 3.21
66611824 3.21
66613100 3.21
66614376 3.21
66615648 3.21
66616924 3.21
66618200 3.21
66619472 3.21
66620748 3.21
66622024 3.21
66623300 3.21
66624572 3.21
66625848 3.21
66627124 3.21
66628400 3.21
66629672 3.21
66630948 3.21
66632224 3.21
66633500 3.21
66634776 3.21
66636048 3.21
66637324 3.21
66638600 3.21
66639880 3.21
66641148 3.21
66642424 3.21
66643700 3.21
66644976 3.21
66646248 3.21
66647524 3.21
66648800 3.21
66650076 3.21
66651348 3.21
66652624 3.21
66653900 3.21
66655172 3.21
66656448 3.21
66657724 3.21
66659000 3.20
66660272 3.21
66661548 3.21
66662824 3.21
66664100 3.21
66665372 3.21
66666648 3.21
66667924 3.21
66669200 3.21
66670472 3.21
66671748 3.21
66673024 3.21
66674300 3.21
66675572 3.21
66676848 3.21
66678124 3.21
66679400 3.21
66680672 3.21
66681948 3.21
66683224 3.21
66684500 3.21
66685776 3.21
66687048 3.21
66688324 3.21
66689600 3.21
66690876 3.21
66692148 3.21
66693424 3.21
66694700 3.21
66695976 3.21
66697248 3.21
66698524 3.21
66699800 3.21
66701072 3.21
66702356 3.21
66703624 3.21
66704900 3.21
66706176 3.21
66707448 3.21
66708724 3.21
66710000 3.21
66711272 3.21
66712548 3.21
66713824 3.21
66715100 3.21
66716372 3.21
66717648 3.21
66718924 3.21
66720200 3.21
66721472 3.21
66722748 3.21
66724024 3.21
66725300 3.21
66726576 3.21
66727848 3.21
66729124 3.21
66730400 3.21
66731672 3.21
66732948 3.21
66734224 3.21
66735500 3.21
66736772 3.21
66738048 3.21
66739324 3.21
66740600 3.21
66741872 3.21
66743148 3.21
66744424 3.21
66745700 3.21
66746972 3.21
66748248 3.21
66749524 3.21
66750800 3.21
66752076 3.21
66753348 3.21
66754624 3.21
66755900 3.21
66757176 3.21
66758448 3.21
66759724 3.21
66761000 3.21
66762272 3.21
66763548 3.21
66764824 3.21
66766100 3.21
66767376 3.21
66768648 3.21
66769928 3.21
66771200 3.21
66772472 3.21
66773748 3.21
66775024 3.21
66776300 3.21
66777572 3.21
66778848 3.21
66780124 3.21
66781400 3.21
66782676 3.21
66783948 3.21
66785224 3.21
66786500 3.21
66787776 3.21
66789048 3.21
66790324 3.21
66791600 3.21
66792876 3.21
66794148 3.21
66795424 3.21
66796700 3.21
66797972 3.21
66799248 3.21
66800524 3.21
66801800 3.21
66803076 3.21
66804348 3.21
66805624 3.21
66806900 3.21
66808176 3.21
66809448 3.21
66810724 3.21
66812000 3.21
66813272 3.21
66814548 3.21
66815824 3.21
66817100 3.21
66818376 3.21
66819648 3.21
66820924 3.21
66822200 3.21
66823472 3.21
66824748 3.21
66826024 3.21
66827300 3.21
66828572 3.21
66829848 3.21
66831124 3.21
66832404 3.21
66833672 3.21
66834948 3.21
66836224 3.21
66837500 3.21
66838776 3.21
66840048 3.21
66841324 3.21
66842600 3.21
66843872 3.21
66845148 3.21
66846424 3.21
66847700 3.21
66848972 3.21
66850248 3.21
66851524 3.21
66852800 3.21
66854072 3.21
66855348 3.21
66856624 3.21
66857900 3.21
66859172 3.21
66860448 3.21
66861724 3.21
66863000 3.21
66864272 3.22
66865548 3.22
66866824 3.21
66868100 3.21
66869372 3.22
66870648 3.22
66871924 3.21
66873200 3.21
66874472 3.21
66875748 3.22
66877024 3.21
66878300 3.21
66879572 3.21
66880848 3.21
66882124 3.21
66883400 3.21
66884676 3.21
66885948 3.21
66887224 3.21
66888500 3.22
66889776 3.21
66891048 3.22
66892324 3.22
66893600 3.22
66894872 3.22
66896148 3.21
66897424 3.22
66898700 3.22
66899980 3.22
66901248 3.21
66902524 3.21
66903800 3.21
66905076 3.21
66906348 3.21
66907624 3.21
66908900 3.21
66910172 3.21
66911448 3.21
66912724 3.21
66914000 3.21
66915272 3.21
66916548 3.21
66917824 3.21
66919100 3.21
66920376 3.21
66921648 3.21
66922924 3.21
66924200 3.21
66925472 3.21
66926748 3.21
66928024 3.21
66929300 3.21
66930572 3.21
66931848 3.21
66933124 3.21
66934400 3.21
66935676 3.21
66936948 3.21
66938224 3.21
66939500 3.21
66940776 3.21
66942048 3.21
66943324 3.21
66944600 3.21
66945872 3.21
66947148 3.21
66948424 3.21
66949700 3.21
66950972 3.21
66952248 3.21
66953524 3.21
66954800 3.21
66956076 3.21
66957348 3.21
66958624 3.21
66959900 3.21
66961176 3.21
66962456 3.21
66963724 3.20
66965000 3.21
66966272 3.21
66967548 3.21
66968824 3.21
66970100 3.21
66971376 3.21
66972648 3.21
66973924 3.21
66975200 3.21
66976476 3.21
66977748 3.21
66979024 3.20
66980300 3.21
66981576 3.20
66982848 3.21
66984124 3.21
66985400 3.21
66986676 3.21
66987948 3.21
66989224 3.21
66990500 3.21
66991776 3.21
66993048 3.21
66994324 3.20
66995600 3.20
66996872 3.20
66998148 3.21
66999424 3.21
67000700 3.21
67001976 3.21
67003248 3.21
67004524 3.21
67005800 3.21
67007076 3.21
67008348 3.21
67009624 3.21
67010900 3.21
67012176 3.21
67013448 3.21
67014724 3.21
67016000 3.21
67017272 3.21
67018548 3.21
67019824 3.21
67021100 3.21
67022376 3.22
67023648 3.21
67024924 3.21
67026200 3.22
67027476 3.22
67028748 3.22
67030032 3.22
67031300 3.22
67032576 3.22
67033848 3.22
67035124 3.22
67036400 3.22
67037676 3.22
67038948 3.21
67040224 3.21
67041500 3.21
67042772 3.21
67044048 3.21
67045324 3.21
67046600 3.21
67047876 3.21
67049148 3.21
67050424 3.21
67051700 3.21
67052972 3.21
67054248 3.21
67055524 3.21
67056800 3.21
67058076 3.21
67059348 3.21
67060624 3.21
67061900 3.21
67063176 3.21
67064448 3.21
67065724 3.21
67067000 3.21
67068276 3.21
67069548 3.21
67070824 3.21
67072100 3.21
67073372 3.21
67074648 3.21
67075924 3.21
67077200 3.21
67078476 3.21
67079748 3.21
67081024 3.21
67082300 3.21
67083572 3.21
67084848 3.21
67086124 3.21
67087400 3.21
67088676 3.21
67089948 3.21
67091224 3.21
67092504 3.21
67093776 3.21
67095048 3.21
67096324 3.21
67097604 3.21
67098876 3.21
67100148 3.21
67101424 3.21
67102700 3.21
67103976 3.21
67105248 3.21
67106524 3.21
67107800 3.21
67109076 3.21
67110348 3.21
67111624 3.21
67112900 3.21
67114172 3.21
67115448 3.21
67116724 3.21
67118000 3.21
67119276 3.21
67120548 3.21
67121824 3.21
67123100 3.21
67124376 3.21
67125648 3.21
67126924 3.21
67128200 3.21
67129476 3.21
67130748 3.21
67132024 3.21
67133300 3.21
67134576 3.21
67135848 3.21
67137124 3.21
67138400 3.21
67139676 3.21
67140948 3.21
67142224 3.21
67143500 3.22
67144776 3.21
67146048 3.22
67147324 3.21
67148600 3.22
67149872 3.22
67151148 3.22
67152424 3.22
67153700 3.22
67154976 3.22
67156248 3.22
67157524 3.22
67158800 3.22
67160080 3.22
67161348 3.22
67162624 3.22
67163900 3.22
67165176 3.22
67166448 3.22
67167724 3.22
67169000 3.22
67170272 3.22
67171548 3.22
67172824 3.22
67174100 3.22
67175376 3.22
67176648 3.22
67177924 3.22
67179200 3.22
67180472 3.22
67181748 3.22
67183024 3.22
67184300 3.22
67185572 3.22
67186848 3.22
67188124 3.22
67189400 3.22
67190672 3.22
67191948 3.21
67193224 3.21
67194500 3.22
67195772 3.21
67197048 3.22
67198324 3.22
67199600 3.22
67200872 3.22
67202148 3.22
67203424 3.22
67204700 3.22
67205976 3.22
67207248 3.22
67208524 3.22
67209800 3.22
67211072 3.22
67212348 3.22
67213624 3.22
67214900 3.22
67216176 3.22
67217448 3.22
67218724 3.22
67220000 3.21
67221276 3.22
67222552 3.22
67223824 3.21
67225100 3.21
67226372 3.21
67227656 3.21
67228924 3.21
67230200 3.21
67231476 3.21
67232748 3.21
67234024 3.21
67235300 3.21
67236576 3.21
67237848 3.21
67239124 3.21
67240400 3.21
67241676 3.21
67242948 3.21
67244224 3.21
67245500 3.21
67246772 3.21
67248048 3.21
67249324 3.21
67250600 3.21
67251872 3.21
67253148 3.21
67254424 3.21
67255700 3.21
67256972 3.21
67258248 3.21
67259524 3.21
67260800 3.21
67262076 3.21
67263348 3.21
67264624 3.21
67265900 3.21
67267172 3.21
67268448 3.21
67269724 3.21
67271000 3.21
67272272 3.21
67273548 3.21
67274824 3.21
67276100 3.21
67277376 3.21
67278648 3.21
67279924 3.21
67281200 3.21
67282476 3.21
67283748 3.21
67285024 3.21
67286300 3.21
67287572 3.21
67288848 3.21
67290132 3.21
67291400 3.21
67292672 3.22
67293948 3.21
67295224 3.22
67296500 3.22
67297776 3.21
67299048 3.21
67300324 3.22
67301600 3.22
67302872 3.21
67304148 3.21
67305424 3.22
67306700 3.21
67307976 3.21
67309248 3.21
67310524 3.21
67311800 3.21
67313076 3.21
67314348 3.21
67315624 3.21
67316900 3.22
67318172 3.21
67319448 3.21
67320724 3.21
67322000 3.22
67323276 3.21
67324548 3.21
67325824 3.21
67327100 3.22
67328376 3.22
67329648 3.21
67330924 3.21
67332200 3.22
67333476 3.22
67334748 3.22
67336024 3.22
67337300 3.21
67338576 3.21
67339848 3.21
67341124 3.21
67342400 3.21
67343676 3.21
67344948 3.21
67346224 3.21
67347500 3.21
67348772 3.21
67350048 3.21
67351324 3.21
67352600 3.21
67353876 3.21
67355148 3.21
67356424 3.21
67357704 3.21
67358976 3.21
67360248 3.21
67361524 3.21
67362800 3.21
67364076 3.21
67365348 3.21
67366624 3.21
67367900 3.21
67369172 3.21
67370448 3.21
67371724 3.21
67373000 3.21
67374276 3.21
67375548 3.21
67376824 3.21
67378100 3.21
67379372 3.21
67380648 3.21
67381924 3.21
67383200 3.21
67384472 3.21
67385748 3.21
67387024 3.21
67388300 3.21
67389576 3.21
67390848 3.21
67392124 3.21
67393400 3.21
67394672 3.21
67395948 3.21
67397224 3.21
67398500 3.21
67399772 3.21
67401048 3.21
67402324 3.21
67403600 3.21
67404876 3.21
67406148 3.21
67407424 3.21
67408700 3.21
67409972 3.21
67411248 3.21
67412524 3.21
67413800 3.21
67415076 3.21
67416348 3.21
67417624 3.21
67418900 3.21
67420180 3.21
67421448 3.21
67422724 3.21
67424000 3.21
67425276 3.21
67426548 3.21
67427824 3.21
67429100 3.21
67430372 3.21
67431648 3.21
67432924 3.21
67434200 3.21
67435476 3.21
67436748 3.21
67438024 3.21
67439300 3.21
67440572 3.21
67441848 3.21
67443124 3.21
67444400 3.21
67445672 3.21
67446948 3.21
67448224 3.21
67449500 3.21
67450772 3.21
67452048 3.21
67453324 3.21
67454600 3.21
67455876 3.21
67457148 3.21
67458424 3.21
67459700 3.21
67460972 3.21
67462248 3.22
67463524 3.22
67464800 3.22
67466072 3.21
67467348 3.21
67468624 3.21
67469900 3.21
67471176 3.21
67472448 3.21
67473724 3.21
67475000 3.21
67476276 3.21
67477548 3.21
67478824 3.21
67480100 3.21
67481376 3.21
67482648 3.21
67483924 3.21
67485200 3.21
67486476 3.21
67487756 3.21
67489024 3.21
67490300 3.21
67491576 3.21
67492848 3.21
67494124 3.21
67495400 3.21
67496672 3.21
67497948 3.21
67499224 3.21
67500500 3.21
67501776 3.21
67503048 3.21
67504324 3.21
67505600 3.21
67506872 3.21
67508148 3.21
67509424 3.21
67510700 3.21
67511972 3.21
67513248 3.21
67514524 3.21
67515800 3.21
67517072 3.21
67518348 3.21
67519624 3.21
67520900 3.21
67522172 3.21
67523448 3.21
67524724 3.21
67526000 3.21
67527276 3.21
67528548 3.21
67529824 3.21
67531100 3.21
67532372 3.21
67533648 3.21
67534924 3.21
67536200 3.21
67537472 3.21
67538748 3.20
67540024 3.20
67541300 3.20
67542572 3.21
67543848 3.21
67545124 3.21
67546400 3.21
67547676 3.21
67548948 3.21
67550232 3.21
67551500 3.21
67552776 3.21
67554048 3.21
67555324 3.21
67556600 3.21
67557872 3.21
67559148 3.21
67560424 2.89
67561700 2.83
67562976 2.02
67564248 0.00
67565524 5.00
67566800 2.20
67568072 1.57
67569348 2.92
67570624 3.72
67571900 2.61
67573176 3.26
67574448 3.15
67575724 2.37
67577000 3.36
67578276 3.14
67579548 2.69
67580824 2.76
67582100 4.43
67583372 2.47
67584648 3.53
67585924 3.19
67587200 3.43
67588472 2.28
67589748 3.79
67591024 3.28
67592300 2.56
67593572 2.95
67594848 4.00
67596124 2.66
67597400 2.65
67598676 3.53
67599948 3.24
67601224 2.98
67602500 3.38
67603776 3.13
67605048 3.13
67606324 3.28
67607600 3.38
67608876 2.87
67610148 3.46
67611424 3.12
67612700 3.01
67613972 3.18
67615248 3.57
67616524 2.73
67617804 3.61
67619072 3.44
67620348 2.89
67621624 3.04
67622900 3.72
67624176 3.07
67625448 3.05
67626724 3.29
67628000 3.30
67629276 3.18
67630548 3.35
67631824 3.08
67633100 3.04
67634372 3.27
67635648 3.42
67636924 3.07
67638200 3.29
67639476 3.16
67640748 3.24
67642024 3.15
67643300 3.44
67644572 2.89
67645848 3.29
67647124 3.26
67648400 3.27
67649676 2.91
67650948 3.45
67652224 3.20
67653500 3.26
67654772 3.12
67656048 3.34
67657324 3.09
67658600 3.30
67659876 3.23
67661148 3.08
67662424 3.10
67663700 3.49
67664976 3.11
67666248 3.22
67667524 3.19
67668800 3.16
67670076 3.12
67671348 3.50
67672624 2.95
67673900 3.27
67675176 3.23
67676448 3.38
67677724 3.02
67679000 3.36
67680280 3.08
67681548 3.32
67682824 3.13
67684100 3.29
67685376 3.08
67686648 3.31
67687924 3.25
67689200 3.22
67690476 3.07
67691748 3.30
67693024 3.20
67694300 3.28
67695576 3.12
67696848 3.21
67698124 3.10
67699400 3.40
67700672 3.13
67701948 3.26
67703224 3.08
67704500 3.40
67705772 3.09
67707048 3.30
67708324 3.09
67709600 3.29
67710876 3.11
67712148 3.39
67713424 3.08
67714700 3.24
67715976 3.23
67717248 3.27
67718524 3.07
67719800 3.26
67721072 3.15
67722348 3.30
67723624 3.20
67724900 3.22
67726176 3.08
67727448 3.33
67728724 3.17
67730000 3.28
67731272 3.04
67732548 3.32
67733824 3.15
67735100 3.32
67736372 3.10
67737648 3.27
67738924 3.09
67740200 3.38
67741476 3.13
67742748 3.23
67744024 3.16
67745300 3.29
67746572 3.14
67747856 3.26
67749124 3.13
67750400 3.27
67751676 3.21
67752948 3.27
67754224 3.10
67755500 3.24
67756772 3.19
67758048 3.31
67759324 3.08
67760600 3.27
67761872 3.14
67763148 3.33
67764424 3.16
67765700 3.26
67766972 3.05
67768248 3.33
67769524 3.17
67770800 3.27
67772072 3.12
67773348 3.27
67774624 3.17
67775900 3.29
67777176 3.13
67778448 3.23
67779724 3.19
67781000 3.29
67782272 3.15
67783548 3.22
67784824 3.16
67786100 3.30
67787372 3.15
67788648 3.26
67789924 3.10
67791200 3.29
67792472 3.18
67793748 3.28
67795024 3.07
67796300 3.28
67797572 3.16
67798848 3.31
67800124 3.13
67801400 3.24
67802676 3.15
67803948 3.28
67805224 3.17
67806500 3.23
67807772 3.14
67809048 3.27
67810328 3.20
67811600 3.23
67812876 3.14
67814148 3.26
67815432 3.18
67816700 3.27
67817976 3.12
67819248 3.25
67820524 3.18
67821800 3.30
67823072 3.13
67824348 3.25
67825624 3.14
67826900 3.31
67828172 3.17
67829448 3.25
67830724 3.13
67832000 3.26
67833276 3.19
67834548 3.26
67835824 3.14
67837100 3.24
67838372 3.21
67839648 3.26
67840924 3.16
67842200 3.22
67843476 3.17
67844748 3.27
67846024 3.17
67847300 3.23
67848572 3.15
67849848 3.27
67851124 3.17
67852400 3.24
67853672 3.12
67854948 3.27
67856224 3.18
67857500 3.26
67858776 3.14
67860048 3.23
67861324 3.19
67862600 3.27
67863876 3.16
67865148 3.22
67866424 3.18
67867700 3.26
67868976 3.20
67870248 3.21
67871524 3.16
67872800 3.25
67874072 3.20
67875348 3.24
67876624 3.15
67877904 3.25
67879176 3.19
67880448 3.26
67881724 3.14
67883000 3.24
67884272 3.18
67885548 3.27
67886824 3.17
67888100 3.22
67889376 3.17
67890648 3.26
67891924 3.19
67893200 3.23
67894476 3.17
67895748 3.24
67897024 3.21
67898300 3.23
67899572 3.17
67900848 3.22
67902124 3.20
67903400 3.25
67904676 3.18
67905948 3.22
67907224 3.18
67908500 3.26
67909776 3.18
67911048 3.23
67912324 3.16
67913600 3.26
67914872 3.20
67916148 3.23
67917424 3.17
67918700 3.24
67919976 3.21
67921248 3.25
67922524 3.17
67923800 3.22
67925076 3.21
67926348 3.24
67927624 3.20
67928900 3.21
67930176 3.19
67931448 3.24
67932724 3.20
67934000 3.22
67935272 3.18
67936548 3.24
67937824 3.20
67939100 3.23
67940376 3.17
67941648 3.23
67942924 3.20
67944200 3.24
67945480 3.18
67946748 3.21
67948024 3.19
67949300 3.24
67950576 3.19
67951848 3.21
67953124 3.19
67954400 3.23
67955676 3.22
67956948 3.21
67958224 3.18
67959500 3.22
67960772 3.22
67962048 3.22
67963324 3.18
67964600 3.21
67965876 3.21
67967148 3.24
67968424 3.19
67969700 3.22
67970972 3.20
67972248 3.24
67973524 3.21
67974800 3.22
67976072 3.19
67977348 3.24
67978624 3.21
67979900 3.23
67981172 3.19
67982448 3.22
67983724 3.22
67985000 3.22
67986272 3.20
67987548 3.20
67988824 3.21
67990100 3.23
67991376 3.21
67992648 3.20
67993924 3.20
67995200 3.23
67996476 3.21
67997748 3.21
67999024 3.19
68000300 3.23
68001576 3.21
68002848 3.22
68004124 3.19
68005400 3.21
68006676 3.21
68007956 3.23
68009224 3.20
68010500 3.20
68011776 3.21
68013048 3.22
68014324 3.21
68015600 3.20
68016872 3.20
68018148 3.21
68019424 3.22
68020700 3.20
68021972 3.20
68023248 3.20
68024524 3.21
68025800 3.21
68027076 3.19
68028348 3.20
68029624 3.21
68030900 3.22
68032176 3.20
68033448 3.20
68034724 3.20
68036000 3.22
68037276 3.22
68038548 3.21
68039824 3.20
68041100 3.21
68042372 3.22
68043648 3.21
68044924 3.20
68046200 3.21
68047476 3.23
68048748 3.21
68050024 3.21
68051300 3.20
68052572 3.21
68053848 3.22
68055124 3.21
68056400 3.20
68057676 3.20
68058948 3.22
68060224 3.22
68061500 3.20
68062776 3.19
68064048 3.21
68065324 3.22
68066600 3.21
68067876 3.20
68069148 3.20
68070424 3.22
68071700 3.21
68072972 3.21
68074248 3.19
68075532 3.21
68076800 3.21
68078072 3.22
68079348 3.20
68080624 3.21
68081900 3.21
68083172 3.22
68084448 3.21
68085724 3.20
68087000 3.20
68088272 3.22
68089548 3.21
68090824 3.21
68092100 3.20
68093376 3.21
68094648 3.21
68095924 3.22
68097200 3.19
68098476 3.21
68099748 3.21
68101024 3.22
68102300 3.20
68103576 3.21
68104848 3.20
68106124 3.23
68107400 3.20
68108676 3.21
68109948 3.19
68111224 3.22
68112500 3.21
68113776 3.22
68115048 3.20
68116324 3.22
68117600 3.21
68118872 3.22
68120148 3.20
68121424 3.21
68122700 3.21
68123972 3.23
68125248 3.20
68126524 3.21
68127800 3.20
68129072 3.23
68130348 3.21
68131624 3.22
68132900 3.20
68134172 3.23
68135448 3.21
68136724 3.22
68138004 3.19
68139272 3.22
68140548 3.21
68141824 3.22
68143100 3.19
68144372 3.21
68145648 3.20
68146924 3.22
68148200 3.20
68149476 3.21
68150748 3.19
68152024 3.22
68153300 3.20
68154576 3.21
68155848 3.19
68157124 3.21
68158400 3.20
68159672 3.22
68160948 3.19
68162224 3.21
68163500 3.20
68164772 3.23
68166048 3.20
68167324 3.21
68168600 3.20
68169876 3.23
68171148 3.20
68172424 3.21
68173700 3.19
68174972 3.22
68176248 3.21
68177524 3.22
68178800 3.19
68180076 3.22
68181348 3.21
68182624 3.22
68183900 3.20
68185176 3.22
68186448 3.20
68187724 3.23
68189000 3.20
68190276 3.22
68191548 3.20
68192824 3.23
68194100 3.20
68195376 3.22
68196648 3.19
68197924 3.22
68199200 3.20
68200476 3.22
68201748 3.19
68203024 3.22
68204300 3.21
68205580 3.22
68206848 3.20
68208124 3.21
68209400 3.20
68210676 3.22
68211948 3.20
68213224 3.21
68214500 3.20
68215776 3.22
68217048 3.20
68218324 3.22
68219600 3.20
68220872 3.22
68222148 3.21
68223424 3.23
68224700 3.20
68225972 3.22
68227248 3.20
68228524 3.23
68229800 3.20
68231072 3.22
68232348 3.20
68233624 3.23
68234900 3.21
68236172 3.22
68237448 3.20
68238724 3.22
68240000 3.21
68241276 3.22
68242548 3.20
68243824 3.22
68245100 3.21
68246372 3.22
68247648 3.20
68248924 3.22
68250200 3.20
68251472 3.23
68252748 3.20
68254024 3.22
68255300 3.19
68256576 3.23
68257848 3.20
68259124 3.22
68260400 3.20
68261676 3.22
68262948 3.21
68350132 3.22
68350980 3.22
68351864 3.22
68352752 3.22
68353644 3.22
68354532 3.22
68355428 3.22
68356316 3.21
68357212 3.21
68358096 3.20
68358972 3.21
68359860 3.21
68360748 3.21
68361636 3.21
68362908 3.22
68364184 3.20
68365460 3.21
68366732 3.19
68368008 3.21
68369284 3.20
68370560 3.21
68371836 3.20
68373108 3.21
68374384 3.20
68375660 3.22
68376936 3.20
68378208 3.21
68379484 3.20
68380760 3.22
68382036 3.20
68383308 3.21
68384584 3.20
68385860 3.23
68387136 3.21
68388408 3.23
68389684 3.21
68390960 3.23
68392232 3.22
68393508 3.23
68394784 3.21
68396060 3.22
68397336 3.21
68398608 3.22
68399884 3.20
68401164 3.21
68402436 3.20
68403708 3.22
68404984 3.20
68406260 3.22
68407532 3.21
68408808 3.22
68410084 3.22
68411360 3.23
68412636 3.21
68413908 3.23
68415184 3.22
68416460 3.23
68417732 3.21
68419008 3.22
68420284 3.21
68421560 3.23
68422836 3.21
68424108 3.22
68425384 3.21
68426660 3.23
68427932 3.21
68429208 3.22
68430484 3.21
68431760 3.22
68433032 3.21
68434308 3.22
68435584 3.20
72366496 3.21
72367340 3.21
72368232 3.19
72369112 3.19
72369996 3.20
72370884 3.20
72371780 3.20
72372668 3.20
72373564 3.20
72374452 3.20
72375340 3.20
72376232 3.19
72377112 3.19
72377996 3.19
72379268 3.19
72380544 3.19
72381820 3.19
72383092 3.19
72384368 3.19
72385644 3.20
72386920 3.20
72388192 3.20
72389468 3.20
72390744 3.20
72392020 3.21
72393292 3.21
72394568 3.22
72395844 3.22
72397120 3.22
72398392 3.22
72399668 3.22
72400944 3.22
72402220 3.22
72403492 3.22
72404768 3.22
72406044 3.21
72407320 3.21
72408592 3.21
72409868 3.21
72411148 3.21
72412420 3.21
72413692 3.21
72414968 3.21
72416244 3.21
72417520 3.21
72418792 3.21
72420068 3.21
72421344 3.21
72422620 3.22
72423892 3.22
72425168 3.22
72426444 3.22
72427720 3.23
72428992 3.24
72430268 3.24
72431544 3.24
72432820 3.24
72434092 3.24
72435368 3.24
72436644 3.24
72437920 3.24
72439192 3.24
72440468 3.24
72441744 3.24
72443020 3.24
72444292 3.24
72445568 3.24
72446844 3.23
72448120 3.23
72449392 3.23
72450668 3.22
72451944 3.22
72453220 3.21
72454492 3.21
72455768 3.21
72457044 3.20
72458320 3.20
72459592 3.20
72460868 3.20
72462144 3.20
72463420 3.21
72464692 3.20
72465968 3.21
72467244 3.21
72468520 3.21
72469792 3.21
72471068 3.21
72472344 3.21
72473624 3.21
72474892 3.21
72476168 3.21
72477444 3.21
72478720 3.21
72479992 3.22
72481268 3.22
72482544 3.22
72483820 3.22
72485092 3.21
72486368 3.22
72487644 3.21
72488920 3.21
72490192 3.21
72491468 3.21
72492744 3.21
72494020 3.21
72495292 3.21
72496568 3.21
72497844 3.21
72499120 3.21
72500392 3.21
72501668 3.21
72502944 3.21
72504220 3.21
72505492 3.21
72506768 3.21
72508044 3.21
72509320 3.21
72510592 3.21
72511868 3.21
72513144 3.21
72514420 3.21
72515692 3.21
72516968 3.21
72518244 3.22
72519520 3.21
72520792 3.22
72522068 3.22
72523344 3.22
72524620 3.22
72525892 3.21
72527168 3.21
72528444 3.21
72529720 3.21
72530992 3.21
72532268 3.21
72533544 3.21
72534820 3.21
72536092 3.21
72537368 3.21
72538644 3.21
72539920 3.21
72541200 3.21
72542468 3.21
72543744 3.21
72545020 3.21
72546292 3.21
72547568 3.21
72548844 3.21
72550120 3.21
72551392 3.21
72552668 3.21
72553944 3.21
72555220 3.21
72556492 3.21
72557768 3.21
72559044 3.21
72560320 3.21
72561592 3.21
72562868 3.21
72564144 3.21
72565420 3.21
72566692 3.21
72567968 3.21
72569244 3.21
72570520 3.21
72571792 3.21
72573068 3.21
72574344 3.21
72575620 3.21
72576892 3.21
72578168 3.21
72579444 3.21
72580720 3.21
72581992 3.21
72583268 3.21
72584544 3.21
72585820 3.21
72587092 3.21
72588368 3.21
72589644 3.21
72590920 3.21
72592192 3.21
72593468 3.21
72594744 3.21
72596020 3.21
72597292 3.21
72598568 3.21
72599844 3.21
72601120 3.21
72602392 3.21
72603672 3.21
72604944 3.21
72606220 3.21
72607492 3.21
72608776 3.21
72610044 3.21
72611320 3.21
72612592 3.21
72613868 3.21
72615144 3.21
72616420 3.21
72617692 3.21
72618968 3.21
72620244 3.21
72621520 3.21
72622792 3.21
72624068 3.21
72625344 3.21
72626620 3.21
72627892 3.21
72629168 3.21
72630444 3.21
72631720 3.21
72632992 3.21
72634268 3.21
72635544 3.21
72636820 3.21
72638092 3.21
72639368 3.21
72640644 3.21
72641920 3.21
72643192 3.21
72644468 3.21
72645744 3.21
72647020 3.21
72648292 3.21
72649568 3.21
72650844 3.21
72652120 3.21
72653392 3.22
72654668 3.21
72655944 3.21
72657220 3.21
72658492 3.21
72659768 3.21
72661044 3.21
72662320 3.21
72663592 3.21
72664868 3.21
72666144 3.21
72667420 3.21
72668692 3.21
72669968 3.21
72671248 3.21
72672520 3.21
72673792 3.21
72675068 3.21
72676344 3.21
72677620 3.21
72678892 3.21
72680168 3.21
72681444 3.21
72682720 3.21
72683992 3.21
72685268 3.21
72686544 3.21
72687820 3.21
72689092 3.21
72690368 3.21
72691644 3.21
72692920 3.21
72694192 3.21
72695468 3.21
72696744 3.21
72698020 3.21
72699292 3.21
72700568 3.21
72701844 3.21
72703120 3.21
72704392 3.21
72705668 3.21
72706944 3.21
72708220 3.21
72709492 3.21
72710768 3.21
72712044 3.21
72713320 3.21
72714592 3.21
72715868 3.21
72717144 3.21
72718420 3.22
72719692 3.21
72720968 3.21
72722244 3.21
72723520 3.21
72724792 3.21
72726068 3.21
72727344 3.21
72728620 3.21
72729892 3.21
72731168 3.21
72732444 3.21
72733720 3.21
72734992 3.21
72736268 3.21
72737544 3.21
72738824 3.21
72740092 3.21
72741368 3.21
72742644 3.21
72743920 3.21
72745192 3.21
72746468 3.21
72747744 3.21
72749020 3.21
72750292 3.21
72751568 3.21
72752844 3.21
72754120 3.21
72755392 3.21
72756668 3.21
72757944 3.21
72759220 3.21
72760492 3.21
72761768 3.21
72763044 3.21
72764320 3.21
72765592 3.21
72766868 3.21
72768144 3.21
72769420 3.21
72770692 3.21
72771968 3.21
72773244 3.21
72774520 3.21
72775792 3.21
72777068 3.21
72778344 3.21
72779620 3.21
72780892 3.21
72782168 3.21
72783444 3.21
72784720 3.21
72785992 3.21
72787268 3.21
72788544 3.21
72789820 3.21
72791092 3.21
72792368 3.21
72793644 3.21
72794920 3.21
72796192 3.21
72797468 3.21
72798744 3.21
72800020 3.21
72801300 3.21
72802568 3.21
72803844 3.21
72805120 3.21
72806392 3.21
72807668 3.21
72808944 3.21
72810220 3.21
72811492 3.21
72812768 3.21
72814044 3.21
72815320 3.21
72816592 3.21
72817868 3.21
72819144 3.21
72820420 3.21
72821692 3.21
72822968 3.21
72824244 3.21
72825520 3.21
72826792 3.21
72828068 3.21
72829344 3.21
72830620 3.21
72831892 3.21
72833168 3.21
72834444 3.21
72835720 3.21
72836992 3.21
72838268 3.21
72839544 3.21
72840820 3.21
72842092 3.21
72843368 3.21
72844644 3.21
72845920 3.21
72847192 3.21
72848468 3.21
72849744 3.21
72851020 3.21
72852292 3.21
72853568 3.21
72854844 3.21
72856120 3.21
72857392 3.21
72858668 3.21
72859944 3.21
72861220 3.21
72862492 3.21
72863768 3.21
72865044 3.21
72866320 3.21
72867592 3.21
72868876 3.21
72870144 3.21
72871420 3.21
72872692 3.21
72873968 3.21
72875244 3.21
72876520 3.21
72877792 3.22
72879068 3.21
72880344 3.21
72881620 3.21
72882892 3.22
72884168 3.22
72885444 3.22
72886720 3.22
72887992 3.22
72889268 3.22
72890544 3.22
72891820 3.22
72893092 3.22
72894368 3.22
72895644 3.22
72896920 3.22
72898192 3.22
72899468 3.22
72900744 3.21
72902020 3.21
72903292 3.21
72904568 3.21
72905844 3.21
72907120 3.21
72908392 3.21
72909668 3.21
72910944 3.21
72912220 3.21
72913492 3.21
72914768 3.21
72916044 3.21
72917320 3.21
72918592 3.21
72919868 3.21
72921144 3.21
72922420 3.21
72923692 3.21
72924968 3.21
72926244 3.21
72927520 3.21
72928792 3.21
72930068 3.21
72931348 3.21
72932620 3.21
72933892 3.21
72935168 3.21
72936444 3.21
72937720 3.21
72938992 3.21
72940268 3.21
72941544 3.21
72942820 3.21
72944092 3.21
72945368 3.21
72946644 3.21
72947920 3.21
72949192 3.21
72950468 3.21
72951744 3.21
72953020 3.21
72954292 3.21
72955568 3.21
72956844 3.21
72958120 3.21
72959392 3.21
72960668 3.21
72961944 3.21
72963220 3.21
72964492 3.21
72965768 3.21
72967044 3.21
72968320 3.21
72969592 3.21
72970868 3.21
72972144 3.21
72973420 3.21
72974692 3.21
72975968 3.21
72977244 3.21
72978520 3.21
72979792 3.21
72981068 3.21
72982344 3.21
72983620 3.21
72984892 3.21
72986168 3.21
72987444 3.21
72988720 3.21
72989992 3.21
72991268 3.21
72992544 3.21
72993820 3.21
72995092 3.21
72996368 3.21
72997644 3.21
72998924 3.21
73000192 3.21
73001468 3.21
73002744 3.21
73004020 3.21
73005292 3.21
73006568 3.21
73007844 3.21
73009120 3.21
73010392 3.21
73011668 3.21
73012944 3.21
73014220 3.21
73015492 3.21
73016768 3.21
73018044 3.21
73019320 3.21
73020592 3.21
73021868 3.21
73023144 3.21
73024420 3.21
73025692 3.21
73026968 3.21
73028244 3.21
73029520 3.21
73030792 3.21
73032068 3.21
73033344 3.21
73034620 3.21
73035892 3.21
73037168 3.21
73038444 3.21
73039720 3.21
73040992 3.21
73042268 3.21
73043544 3.21
73044820 3.21
73046092 3.21
73047368 3.21
73048644 3.21
73049920 3.21
73051192 3.21
73052468 3.21
73053744 3.21
73055020 3.21
73056292 3.21
73057568 3.21
73058844 3.21
73060120 3.21
73061400 3.21
73062668 3.21
73063944 3.21
73065220 3.21
73066492 3.21
73067768 3.21
73069044 3.21
73070320 3.21
73071592 3.21
73072868 3.21
73074144 3.21
73075420 3.21
73076692 3.21
73077968 3.21
73079244 3.21
73080520 3.21
73081792 3.21
73083068 3.21
73084344 3.21
73085620 3.21
73086892 3.21
73088168 3.21
73089444 3.21
73090720 3.21
73091992 3.21
73093268 3.21
73094544 3.21
73095820 3.21
73097092 3.21
73098368 3.21
73099644 3.21
73100920 3.21
73102192 3.21
73103468 3.21
73104744 3.21
73106020 3.21
73107292 3.21
73108568 3.21
73109844 3.21
73111120 3.21
73112392 3.21
73113668 3.21
73114944 3.21
73116220 3.21
73117492 3.21
73118768 3.21
73120044 3.21
73121320 3.21
73122592 3.21
73123868 3.21
73125144 3.21
73126420 3.21
73127692 3.21
73128976 3.21
73130244 3.21
73131520 3.21
73132792 3.22
73134068 3.21
73135344 3.21
73136620 3.22
73137892 3.21
73139168 3.21
73140444 3.21
73141720 3.21
73142992 3.21
73144268 3.21
73145544 3.21
73146820 3.22
73148092 3.21
73149368 3.21
73150644 3.21
73151920 3.21
73153192 3.21
73154468 3.21
73155744 3.21
73157020 3.22
73158292 3.21
73159568 3.22
73160844 3.21
73162120 3.21
73163392 3.21
73164668 3.21
73165944 3.21
73167220 3.21
73168492 3.21
73169768 3.22
73171044 3.21
73172320 3.21
73173592 3.22
73174868 3.21
73176144 3.21
73177420 3.21
73178692 3.21
73179968 3.21
73181244 3.21
73182520 3.21
73183792 3.21
73185068 3.21
73186344 3.21
73187620 3.21
73188892 3.21
73190168 3.21
73191448 3.21
73192720 3.21
73193992 3.21
73195268 3.21
73196548 3.21
73197820 3.21
73199092 3.21
73200368 3.21
73201644 3.21
73202920 3.21
73204192 3.21
73205468 3.21
73206744 3.21
73208020 3.21
73209292 3.21
73210568 3.21
73211844 3.21
73213120 3.21
73214392 3.21
73215668 3.21
73216944 3.21
73218220 3.21
73219492 3.21
73220768 3.21
73222044 3.21
73223320 3.21
73224592 3.21
73225868 3.21
73227144 3.21
73228420 3.21
73229692 3.21
73230968 3.21
73232244 3.21
73233520 3.21
73234792 3.21
73236068 3.21
73237344 3.21
73238620 3.21
73239892 3.21
73241168 3.21
73242444 3.21
73243720 3.21
73244992 3.21
73246268 3.21
73247544 3.21
73248820 3.21
73250092 3.21
73251368 3.21
73252644 3.21
73253920 3.21
73255192 3.21
73256468 3.21
73257744 3.21
73259024 3.21
73260292 3.21
73261568 3.21
73262844 3.21
73264120 3.21
73265392 3.21
73266668 3.21
73267944 3.21
73269220 3.21
73270492 3.21
73271768 3.21
73273044 3.21
73274320 3.21
73275592 3.21
73276868 3.21
73278144 3.21
73279420 3.21
73280692 3.21
73281968 3.21
73283244 3.21
73284520 3.21
73285792 3.21
73287068 3.21
73288344 3.21
73289620 3.21
73290892 3.21
73292168 3.21
73293444 3.21
73294720 3.21
73295992 3.21
73297268 3.21
73298544 3.21
73299820 3.21
73301092 3.21
73302368 3.21
73303644 3.21
73304920 3.21
73306192 3.21
73307468 3.21
73308744 3.21
73310020 3.21
73311292 3.21
73312568 3.22
73313844 3.21
73315120 3.21
73316392 3.22
73317668 3.21
73318944 3.22
73320220 3.21
73321496 3.21
73322768 3.22
73324044 3.21
73325320 3.21
73326600 3.21
73327868 3.21
73329144 3.21
73330420 3.22
73331692 3.21
73332968 3.22
73334244 3.22
73335520 3.22
73336792 3.22
73338068 3.22
73339344 3.22
73340620 3.22
73341892 3.22
73343168 3.21
73344444 3.21
73345720 3.22
73346992 3.21
73348268 3.21
73349544 3.21
73350820 3.21
73352092 3.21
73353368 3.21
73354644 3.21
73355920 3.22
73357192 3.21
73358468 3.21
73359744 3.21
73361020 3.21
73362292 3.22
73363568 3.22
73364844 3.21
73366120 3.22
73367392 3.22
73368668 3.22
73369944 3.22
73371220 3.22
73372492 3.21
73373768 3.21
73375044 3.21
73376320 3.21
73377592 3.22
73378868 3.21
73380144 3.22
73381420 3.21
73382692 3.21
73383968 3.22
73385244 3.21
73386520 3.22
73387792 3.22
73389076 3.22
73390344 3.22
73391620 3.22
73392892 3.21
73394168 3.22
73395444 3.21
73396720 3.21
73397992 3.22
73399268 3.22
73400544 3.22
73401820 3.22
73403092 3.22
73404368 3.22
73405644 3.21
73406920 3.21
73408192 3.21
73409468 3.21
73410744 3.21
73412020 3.21
73413292 3.21
73414568 3.21
73415844 3.21
73417120 3.22
73418392 3.21
73419668 3.21
73420944 3.22
73422220 3.21
73423492 3.21
73424768 3.21
73426044 3.21
73427320 3.21
73428592 3.21
73429868 3.21
73431144 3.21
73432420 3.21
73433692 3.21
73434968 3.22
73436244 3.21
73437520 3.21
73438792 3.22
73440068 3.21
73441344 3.21
73442620 3.21
73443892 3.21
73445168 3.21
73446444 3.21
73447720 3.21
73448992 3.21
73450268 3.21
73451544 3.21
73452820 3.22
73454092 3.21
73455368 3.22
73456648 3.21
73457920 3.21
73459192 3.21
73460468 3.21
73461744 3.21
73463020 3.21
73464292 3.21
73465568 3.21
73466844 3.21
73468120 3.21
73469392 3.21
73470668 3.21
73471944 3.22
73473220 3.21
73474492 3.21
73475768 3.21
73477044 3.21
73478320 3.21
73479592 3.21
73480868 3.21
73482144 3.21
73483420 3.21
73484692 3.22
73485968 3.21
73487244 3.21
73488520 3.22
73489792 3.22
73491068 3.21
73492344 3.21
73493620 3.21
73494892 3.21
73496168 3.21
73497444 3.21
73498720 3.21
73499992 3.22
73501268 3.21
73502544 3.21
73503820 3.21
73505092 3.21
73506368 3.21
73507644 3.21
73508920 3.21
73510192 3.22
73511468 3.22
73512744 3.21
73514020 3.22
73515292 3.21
73516568 3.21
73517844 3.21
73519124 3.21
73520392 3.21
73521668 3.22
73522944 3.21
73524220 3.21
73525492 3.21
73526768 3.21
73528044 3.21
73529320 3.21
73530592 3.21
73531868 3.21
73533144 3.21
73534420 3.21
73535692 3.21
73536968 3.21
73538244 3.21
73539520 3.21
73540792 3.21
73542068 3.21
73543344 3.21
73544620 3.21
73545892 3.21
73547168 3.21
73548444 3.21
73549720 3.21
73550992 3.21
73552268 3.21
73553544 3.21
73554820 3.21
73556092 3.21
73557368 3.21
73558644 3.22
73559920 3.21
73561192 3.21
73562468 3.21
73563744 3.21
73565020 3.21
73566292 3.21
73567568 3.21
73568844 3.21
73570120 3.09
73571392 0.00
73572668 2.59
73573944 0.14
73575220 5.00
73576492 2.00
73577768 3.32
73579044 3.14
73580320 2.74
73581592 2.86
73582868 3.46
73584144 2.49
73585420 2.90
73586700 3.39
73587968 2.85
73589244 3.23
73590520 3.27
73591792 3.13
73593068 2.29
73594344 3.25
73595620 2.90
73596892 3.36
73598168 2.65
73599444 3.58
73600720 2.83
73601992 3.21
73603268 3.54
73604544 3.60
73605820 2.56
73607092 3.20
73608368 3.32
73609644 3.49
73610920 3.19
73612192 3.46
73613468 2.93
73614744 3.46
73616020 3.10
73617292 3.51
73618568 2.89
73619844 3.34
73621120 3.07
73622392 3.26
73623668 2.92
73624944 3.66
73626220 2.87
73627492 3.40
73628768 3.26
73630044 3.05
73631320 3.11
73632592 3.77
73633868 2.73
73635144 3.30
73636420 3.21
73637692 3.49
73638968 3.19
73640244 3.39
73641520 2.88
73642792 3.33
73644068 2.99
73645344 3.68
73646620 2.98
73647892 3.25
73649176 3.29
73650444 3.33
73651720 2.98
73652992 3.52
73654268 2.92
73655544 3.39
73656820 3.20
73658092 3.32
73659368 3.01
73660644 3.58
73661920 2.99
73663192 3.38
73664468 2.93
73665744 3.55
73667020 3.09
73668292 3.44
73669568 3.04
73670844 3.27
73672120 2.92
73673392 3.61
73674668 3.05
73675944 3.26
73677220 3.17
73678492 3.40
73679768 3.01
73681044 3.50
73682320 2.91
73683592 3.33
73684868 3.14
73686144 3.45
73687420 3.01
73688692 3.47
73689968 3.04
73691244 3.46
73692520 2.91
73693792 3.44
73695068 3.08
73696344 3.41
73697620 3.13
73698892 3.37
73700168 2.89
73701444 3.52
73702720 3.08
73703992 3.33
73705268 3.07
73706544 3.35
73707820 3.06
73709092 3.49
73710368 2.97
73711644 3.33
73712920 3.04
73714192 3.47
73715468 3.09
73716748 3.36
73718020 3.04
73719292 3.44
73720568 2.96
73721844 3.44
73723120 3.04
73724392 3.36
73725668 3.16
73726944 3.43
73728220 2.92
73729492 3.43
73730768 3.07
73732044 3.39
73733320 3.06
73734592 3.33
73735868 3.04
73737144 3.45
73738420 3.06
73739692 3.34
73740968 3.00
73742244 3.39
73743520 3.12
73744792 3.36
73746068 3.03
73747344 3.38
73748620 3.01
73749892 3.44
73751168 3.05
73752444 3.33
73753720 3.11
73754992 3.43
73756268 3.00
73757544 3.38
73758820 3.04
73760092 3.38
73761368 3.11
73762644 3.34
73763920 3.05
73765192 3.37
73766468 3.10
73767744 3.37
73769020 3.00
73770292 3.33
73771568 3.14
73772844 3.37
73774120 3.07
73775392 3.34
73776668 3.01
73777944 3.40
73779224 3.09
73780492 3.31
73781768 3.07
73783044 3.38
73784320 3.08
73785592 3.37
73786868 3.04
73788144 3.34
73789420 3.11
73790692 3.35
73791968 3.07
73793244 3.32
73794520 3.11
73795792 3.37
73797068 3.05
73798344 3.29
73799620 3.10
73800892 3.35
73802168 3.13
73803444 3.33
73804720 3.03
73805992 3.33
73807268 3.12
73808544 3.33
73809820 3.07
73811092 3.32
73812368 3.12
73813644 3.36
73814920 3.07
73816192 3.30
73817468 3.09
73818744 3.33
73820020 3.13
73821292 3.29
73822568 3.10
73823844 3.35
73825120 3.11
73826392 3.30
73827668 3.10
73828944 3.29
73830220 3.15
73831492 3.32
73832768 3.08
73834044 3.29
73835320 3.12
73836592 3.33
73837868 3.11
73839144 3.28
73840420 3.12
73841692 3.33
73842968 3.13
73844244 3.30
73845520 3.08
73846800 3.30
73848068 3.16
73849344 3.30
73850620 3.11
73851892 3.29
73853168 3.13
73854444 3.30
73855720 3.12
73856992 3.26
73858268 3.15
73859544 3.31
73860820 3.14
73862092 3.26
73863368 3.12
73864644 3.30
73865920 3.15
73867192 3.27
73868468 3.12
73869744 3.28
73871020 3.16
73872292 3.30
73873568 3.11
73874844 3.26
73876120 3.16
73877392 3.29
73878668 3.15
73879944 3.26
73881220 3.13
73882492 3.29
73883768 3.16
73885044 3.26
73886320 3.14
73887592 3.27
73888868 3.18
73890144 3.26
73891420 3.13
73892692 3.26
73893968 3.17
73895244 3.27
73896520 3.15
73897792 3.25
73899068 3.16
73900344 3.29
73901620 3.15
73902892 3.25
73904168 3.15
73905444 3.27
73906720 3.19
73907992 3.25
73909272 3.14
73910544 3.26
73911820 3.18
73913092 3.26
73914376 3.16
73915644 3.24
73916920 3.19
73918192 3.26
73919468 3.16
73920744 3.24
73922020 3.17
73923292 3.26
73924568 3.19
73925844 3.24
73927120 3.17
73928392 3.26
73929668 3.18
73930944 3.25
73932220 3.16
73933492 3.24
73934768 3.20
73936044 3.26
73937320 3.17
73938592 3.23
73939868 3.18
73941144 3.25
73942420 3.19
73943692 3.22
73944968 3.19
73946244 3.25
73947520 3.20
73948792 3.23
73950068 3.17
73951344 3.23
73952620 3.21
73953892 3.23
73955168 3.18
73956444 3.23
73957720 3.20
73958992 3.24
73960268 3.18
73961544 3.22
73962820 3.20
73964092 3.24
73965368 3.20
73966644 3.22
73967920 3.18
73969192 3.24
73970468 3.21
73971744 3.22
73973020 3.20
73974292 3.22
73975568 3.22
73976848 3.24
73978120 3.19
73979392 3.21
73980668 3.21
73981944 3.23
73983220 3.21
73984492 3.21
73985768 3.20
73987044 3.23
73988320 3.21
73989592 3.21
73990868 3.19
73992144 3.22
73993420 3.22
73994692 3.22
73995968 3.20
73997244 3.21
73998520 3.22
73999792 3.22
74001068 3.21
74002344 3.20
74003620 3.22
74004892 3.23
74006168 3.22
74007444 3.21
74008720 3.21
74009992 3.21
74011268 3.23
74012544 3.21
74013820 3.21
74015092 3.21
74016368 3.22
74017644 3.22
74018920 3.21
74020192 3.20
74021468 3.23
74022744 3.22
74024020 3.22
74025292 3.20
74026568 3.21
74027844 3.22
74029120 3.23
74030392 3.20
74031668 3.22
74032944 3.21
74034220 3.24
74035492 3.21
74036768 3.21
74038044 3.20
74039320 3.23
74040592 3.21
74041868 3.22
74043144 3.19
74044424 3.22
74045692 3.21
74046968 3.23
74048244 3.19
74049520 3.22
74050792 3.20
74052068 3.24
74053344 3.20
74054620 3.22
74055892 3.20
74057168 3.24
74058444 3.20
74059720 3.22
74060992 3.19
74062268 3.24
74063544 3.20
74064820 3.23
74066092 3.19
74067368 3.23
74068644 3.20
74069920 3.24
74071192 3.19
74072468 3.22
74073744 3.20
74075020 3.24
74076292 3.20
74077568 3.22
74078844 3.19
74080120 3.24
74081392 3.20
74082668 3.23
74083944 3.19
74085220 3.24
74086492 3.20
74087768 3.24
74089044 3.19
74090320 3.23
74091592 3.20
74092868 3.24
74094144 3.19
74095420 3.23
74096692 3.19
74097968 3.25
74099244 3.19
74100520 3.23
74101792 3.18
74103068 3.24
74104344 3.20
74105620 3.24
74106900 3.19
74108168 3.24
74109444 3.20
74110720 3.24
74111992 3.19
74113268 3.23
74114544 3.19
74115820 3.24
74117092 3.19
74118368 3.24
74119644 3.19
74120920 3.25
74122192 3.19
74123468 3.23
74124744 3.18
74126020 3.24
74127292 3.19
74128568 3.24
74129844 3.18
74131120 3.24
74132392 3.19
74133668 3.25
74134944 3.19
74136220 3.24
74137492 3.19
74138768 3.25
74140044 3.19
74141320 3.23
74142592 3.18
74143868 3.24
74145144 3.19
74146420 3.24
74147692 3.18
74148968 3.24
74150244 3.19
74151520 3.24
74152792 3.18
74154068 3.24
74155344 3.19
74156620 3.25
74157892 3.18
74159168 3.24
74160444 3.19
74161720 3.25
74162992 3.19
74164268 3.24
74165544 3.18
74166820 3.25
74168092 3.19
74169368 3.24
74170644 3.18
74171920 3.24
74173192 3.19
74174476 3.25
74175744 3.18
74177020 3.24
74178292 3.19
74179568 3.25
74180844 3.19
74182120 3.24
74183392 3.18
74184668 3.25
74185944 3.19
74187220 3.24
74188492 3.18
74189768 3.24
74191044 3.19
74192320 3.24
74193592 3.18
74194868 3.24
74196144 3.19
74197420 3.25
74198692 3.19
74199968 3.24
74201244 3.19
74202520 3.25
74203792 3.19
74205068 3.24
74206344 3.18
74207620 3.24
74208892 3.19
74210168 3.24
74211444 3.18
74212720 3.24
74213992 3.19
74215268 3.24
74216544 3.18
74217820 3.24
74219092 3.19
74220368 3.24
74221644 3.19
74222920 3.23
74224192 3.18
74225468 3.24
74226744 3.19
74228020 3.24
74229292 3.18
74230568 3.24
74231844 3.19
74233120 3.24
74234392 3.18
74235668 3.24
74236948 3.19
74238220 3.24
74239492 3.19
74240768 3.24
74242044 3.19
74243320 3.25
74244592 3.19
74245868 3.24
74247144 3.19
74248420 3.24
74249692 3.19
74250968 3.24
74252244 3.19
74253520 3.24
74254792 3.20
74256068 3.24
74257344 3.19
74258620 3.24
74259892 3.20
74261168 3.25
74262444 3.19
74263720 3.24
74264992 3.19
74266268 3.24
74267544 3.19
74268820 3.24
74270092 3.19
74271368 3.24
74272644 3.19
74273920 3.24
74275192 3.19
74276468 3.24
74277744 3.19
74279020 3.24
74280292 3.19
74281568 3.24
74282844 3.19
74284120 3.24
74285392 3.19
74286668 3.23
74287944 3.19
74289220 3.24
74290492 3.20
74291768 3.24
74293044 3.19
74294320 3.24
74295592 3.20
74296868 3.24
74298144 3.19
74299420 3.24
74300692 3.19
74301968 3.24
74303244 3.19
74304524 3.23
74305792 3.19
74307068 3.24
74308344 3.19
74309620 3.23
74310892 3.19
74312168 3.24
74313444 3.20
74314720 3.24
74315992 3.19
74317268 3.24
74318544 3.20
74319820 3.24
74321092 3.19
74322368 3.23
74323644 3.20
74324920 3.24
74326192 3.20
74327468 3.23
74328744 3.19
74330020 3.24
74331292 3.20
74332568 3.23
74333844 3.19
74335120 3.23
74336392 3.20
74337668 3.24
74338944 3.19
74340220 3.23
74341492 3.20
74342768 3.23
74344044 3.20
74345320 3.23
74346592 3.20
74347868 3.24
74349144 3.20
74350420 3.23
74351692 3.20
74352968 3.23
74354244 3.20
74355520 3.23
74356792 3.19
74358068 3.23
74359344 3.20
74360620 3.23
74361892 3.20
74363168 3.23
74364444 3.20
74365720 3.23
74367000 3.20
74368268 3.23
74369544 3.20
74370820 3.23
74372092 3.20
74373368 3.23
74374644 3.20
74375920 3.23
74377192 3.20
74378468 3.23
74379744 3.20
74381020 3.23
74382292 3.20
74383568 3.23
74384844 3.20
74386120 3.23
74387392 3.20
74388668 3.23
74389944 3.20
74391220 3.23
74392492 3.20
74393768 3.23
74395044 3.20
74396320 3.23
74397592 3.20
74398868 3.23
74400144 3.20
74401420 3.23
74402692 3.20
74403968 3.23
74405244 3.20
74406520 3.23
74407792 3.20
74409068 3.22
74410344 3.20
74411620 3.23
74412892 3.20
74414168 3.23
74415444 3.20
74416720 3.23
74417992 3.20
74419268 3.23
74420544 3.20
74421820 3.23
74423092 3.20
74424368 3.23
74425644 3.20
74426920 3.22
74428192 3.20
74429468 3.23
74430744 3.20
74432020 3.22
74433292 3.20
74434576 3.23
74435844 3.21
74437120 3.23
74438392 3.20
74439668 3.23
74440944 3.21
74442220 3.23
74443492 3.20
74444768 3.22
74446044 3.20
74447320 3.23
74448592 3.21
74449868 3.22
74451144 3.20
74452420 3.23
74453692 3.21
74454968 3.22
74456244 3.20
74457520 3.22
74458792 3.21
74460068 3.22
74461344 3.20
74462620 3.22
74463892 3.21
74465168 3.22
74466444 3.20
74467720 3.22
74468992 3.21
74470268 3.23
74471544 3.21
74472820 3.22
74474092 3.21
74475368 3.22
74476644 3.21
74477920 3.22
74479192 3.21
74480468 3.22
74481744 3.21
74483020 3.22
74484292 3.21
74485568 3.22
74486844 3.21
74488120 3.22
74489392 3.21
74490668 3.22
74491944 3.21
74493220 3.22
74494492 3.21
74495768 3.22
74497048 3.21
74498320 3.22
74499592 3.21
74500868 3.22
74502148 3.21
74503420 3.22
74504692 3.21
74505968 3.22
74507244 3.21
74508520 3.22
74509792 3.21
74511068 3.22
74512344 3.21
74513620 3.22
74514892 3.21
74516168 3.22
74517444 3.21
74518720 3.22
74519992 3.21
74521268 3.22
74522544 3.21
74523820 3.22
74525092 3.21
74526368 3.22
74527644 3.21
74528920 3.22
74530192 3.21
74531468 3.22
74532744 3.21
74534020 3.22
74535292 3.21
74536568 3.22
74537844 3.21
74539120 3.22
74540392 3.21
74541668 3.22
74542944 3.21
74544220 3.22
74545492 3.21
74546768 3.22
74548044 3.21
74549320 3.22
74550592 3.21
74551868 3.22
74553144 3.21
74554420 3.22
74555692 3.21
74556968 3.22
74558244 3.21
74559520 3.22
74560792 3.21
74562068 3.22
74563344 3.21
74564624 3.22
74565892 3.21
74567168 3.21
74568444 3.21
74569720 3.22
74570992 3.21
74572268 3.21
74573544 3.21
74574820 3.22
74576092 3.21
74577368 3.21
74578644 3.21
74579920 3.22
74581192 3.21
74582468 3.21
74583744 3.21
74585020 3.22
74586292 3.21
74587568 3.21
74588844 3.21
74590120 3.21
74591392 3.21
74592668 3.22
74593944 3.21
74595220 3.22
74596492 3.21
74597768 3.22
74599044 3.21
74600320 3.21
74601592 3.21
74602868 3.22
74604144 3.21
74605420 3.21
74606692 3.21
74607968 3.21
74609244 3.21
74610520 3.21
74611792 3.21
74613068 3.21
74614344 3.21
74615620 3.22
74616892 3.21
74618168 3.21
74619444 3.21
74620720 3.22
74621992 3.21
74623268 3.21
74624544 3.21
74625820 3.21
74627096 3.21
74628368 3.21
74629644 3.21
74630920 3.21
74632200 3.21
74633468 3.21
74634744 3.21
74636020 3.21
74637292 3.21
74638568 3.21
74639844 3.21
74641120 3.21
74642392 3.21
74643668 3.21
74644944 3.22
74646220 3.21
74647492 3.21
74648768 3.21
74650044 3.21
74651320 3.22
74652592 3.22
74653868 3.22
74655144 3.22
74656420 3.22
74657692 3.21
74658968 3.21
74660244 3.22
74661520 3.21
74662792 3.22
74664068 3.21
74665344 3.21
74666620 3.21
74667892 3.22
74669168 3.21
74670444 3.21
74671720 3.21
74672992 3.22
74674268 3.21
74675544 3.22
74676820 3.21
74678092 3.21
74679368 3.21
74680644 3.21
74681920 3.21
74683192 3.22
74684468 3.21
74685744 3.22
74687020 3.21
74688292 3.21
74689568 3.21
74690844 3.21
74692120 3.21
74693392 3.22
74694676 3.21
74695944 3.22
74697220 3.21
74698492 3.22
74699768 3.21
74701044 3.22
74702320 3.22
74703592 3.22
74704868 3.21
74706144 3.22
74707420 3.21
74708692 3.21
74709968 3.21
74711244 3.22
74712520 3.21
74713792 3.22
74715068 3.21
74716344 3.22
74717620 3.21
74718892 3.22
74720168 3.22
74721444 3.22
74722720 3.21
74723992 3.22
74725268 3.21
74726544 3.22
74727820 3.21
74729092 3.22
74730368 3.21
74731644 3.22
74732920 3.21
74734192 3.22
74735468 3.21
74736744 3.22
74738020 3.22
74739292 3.22
74740568 3.21
74741844 3.22
74743120 3.21
74744392 3.22
74745668 3.21
74746944 3.22
74748220 3.21
74749492 3.22
74750768 3.21
74752044 3.22
74753320 3.21
74754592 3.22
74755868 3.21
74757144 3.22
74758420 3.21
74759692 3.22
74760968 3.21
74762248 3.22
74763520 3.21
74764792 3.22
74766068 3.21
74767344 3.22
74768620 3.21
74769892 3.22
74771168 3.21
74772444 3.22
74773720 3.21
74774992 3.22
74776268 3.21
74777544 3.22
74778820 3.21
74780092 3.22
74781368 3.21
74782644 3.22
74783920 3.21
74785192 3.22
74786468 3.21
74787744 3.22
74789020 3.21
74790292 3.22
74791568 3.21
74792844 3.22
74794120 3.21
74795392 3.22
74796668 3.21
74797944 3.22
74799220 3.21
74800492 3.22
74801768 3.21
74803044 3.22
74804320 3.21
74805592 3.22
74806868 3.21
74808144 3.22
74809420 3.21
74810692 3.22
74811968 3.21
74813244 3.22
74814520 3.21
74815792 3.22
74817068 3.21
74818344 3.22
74819620 3.21
74820892 3.22
74822168 3.21
74823444 3.21
74824724 3.21
74825992 3.22
74827268 3.21
74828544 3.21
74829820 3.21
74831092 3.22
74832368 3.21
74833644 3.22
74834920 3.21
74836192 3.22
74837468 3.21
74838744 3.22
74840020 3.21
74841292 3.21
74842568 3.21
74843844 3.22
74845120 3.21
74846392 3.21
74847668 3.21
74848944 3.21
74850220 3.21
74851492 3.21
74852768 3.21
74854044 3.22
74855320 3.21
74856592 3.22
74857868 3.21
74859144 3.21
74860420 3.21
74861692 3.22
74862968 3.21
74864244 3.22
74865520 3.21
74866792 3.22
74868068 3.21
74869344 3.22
74870620 3.21
74871892 3.22
74873168 3.22
74874444 3.22
74875720 3.21
74876992 3.22
74878268 3.21
74879544 3.22
74880820 3.21
74882092 3.22
74883368 3.21
74884644 3.22
74885920 3.21
74887192 3.22
74888468 3.21
74889744 3.22
74891020 3.21
74892300 3.22
74893568 3.21
74894844 3.22
74896120 3.21
74897392 3.22
74898668 3.21
74899944 3.22
74901220 3.21
74902492 3.22
74903768 3.21
74905044 3.22
74906320 3.21
74907592 3.22
74908868 3.21
74910144 3.22
74911420 3.21
74912692 3.21
74913968 3.21
74915244 3.22
74916520 3.21
74917792 3.22
74919068 3.21
74920344 3.21
74921620 3.21
74922892 3.22
74924168 3.21
74925444 3.22
74926720 3.21
74927992 3.22
74929268 3.21
74930544 3.22
74931820 3.21
74933092 3.22
74934368 3.21
74935644 3.22
74936920 3.21
74938192 3.22
74939468 3.21
74940744 3.21
74942020 3.21
74943292 3.21
74944568 3.21
74945844 3.21
74947120 3.21
74948392 3.21
74949668 3.21
74950944 3.22
74952220 3.21
74953492 3.22
74954776 3.21
74956044 3.21
74957320 3.21
74958592 3.22
74959868 3.21
74961144 3.22
74962420 3.21
74963692 3.22
74964968 3.22
74966244 3.22
74967520 3.22
74968792 3.22
74970068 3.22
74971344 3.22
74972620 3.21
74973892 3.22
74975168 3.21
74976444 3.22
74977720 3.21
74978992 3.22
74980268 3.21
74981544 3.22
74982820 3.21
74984092 3.22
74985368 3.21
74986644 3.22
74987920 3.22
74989192 3.22
74990468 3.21
74991744 3.22
74993020 3.21
74994292 3.22
74995568 3.21
74996844 3.22
74998120 3.21
74999392 3.22
75000668 3.21
75001944 3.22
75003220 3.22
75004492 3.22
75005768 3.21
75007044 3.22
75008320 3.21
75009592 3.22
75010868 3.21
75012144 3.22
75013420 3.21
75014692 3.21
75015968 3.21
75017244 3.21
75018520 3.21
75019792 3.22
75021068 3.21
75022348 3.21
75023620 3.21
75024892 3.21
75026168 3.21
75027444 3.21
75028720 3.21
75029992 3.21
75031268 3.21
75032544 3.21
75033820 3.21
75035092 3.22
75036368 3.21
75037644 3.22
75038920 3.21
75040192 3.22
75041468 3.21
75042744 3.22
75044020 3.21
75045292 3.22
75046568 3.21
75047844 3.22
75049120 3.21
75050392 3.22
75051668 3.21
75052944 3.22
75054220 3.21
75055492 3.21
75056768 3.21
75058044 3.22
75059320 3.21
75060592 3.22
75061868 3.21
75063144 3.22
75064420 3.21
75065692 3.22
75066968 3.21
75068244 3.22
75069520 3.21
75070792 3.22
75072068 3.21
75073344 3.22
75074620 3.21
75075892 3.22
75077168 3.21
75078444 3.22
75079720 3.22
75080992 3.22
75082268 3.22
75083544 3.22
75084824 3.21
75086092 3.22
75087368 3.21
75088644 3.22
75089920 3.21
75091192 3.21
75092468 3.21
75093744 3.21
75095020 3.21
75096292 3.21
75097568 3.21
75098844 3.21
75100120 3.21
75101392 3.21
75102668 3.21
75103944 3.22
75105220 3.21
75106492 3.21
75107768 3.21
75109044 3.22
75110320 3.21
75111592 3.22
75112868 3.21
75114144 3.22
75115420 3.22
75116692 3.22
75117968 3.21
75119244 3.22
75120520 3.21
75121792 3.21
75123068 3.22
75124344 3.21
75125620 3.21
75126892 3.21
75128168 3.21
75129444 3.21
75130720 3.21
75131992 3.21
75133268 3.21
75134544 3.21
75135820 3.21
75137092 3.21
75138368 3.21
75139644 3.21
75140920 3.21
75142192 3.21
75143468 3.21
75144744 3.21
75146020 3.21
75147292 3.21
75148568 3.21
75149844 3.21
75151120 3.21
75152400 3.21
75153668 3.21
75154944 3.21
75156220 3.21
75157492 3.21
75158768 3.21
75160044 3.21
75161320 3.21
75162592 3.21
75163868 3.21
75165144 3.21
75166420 3.21
75167692 3.21
75168968 3.21
75170244 3.21
75171520 3.21
75172792 3.21
75174068 3.21
75175344 3.21
75176620 3.21
75177892 3.21
75179168 3.21
75180444 3.21
75181720 3.21
75182992 3.21
75184268 3.21
75185544 3.21
75186820 3.21
75188092 3.21
75189368 3.21
75190644 3.21
75191920 3.21
75193192 3.22
75194468 3.22
75195744 3.22
75197020 3.22
75198292 3.22
75199568 3.22
75200844 3.23
75202120 3.22
75203392 3.22
75204668 3.22
75205944 3.22
75207220 3.22
75208492 3.22
75209768 3.22
75211044 3.22
75212320 3.22
75213592 3.22
75214872 3.21
75216144 3.22
75217420 3.21
75218692 3.21
75219976 3.21
75221244 3.21
75222520 3.21
75223792 3.21
75225068 3.21
75226344 3.21
75227620 3.21
75228892 3.21
75230168 3.21
75231444 3.21
75232720 3.21
75233992 3.21
75235268 3.21
75236544 3.21
75237820 3.21
75239092 3.21
75240368 3.21
75241644 3.22
75242920 3.21
75244192 3.22
75245468 3.22
75246744 3.21
75248020 3.22
75249292 3.22
75250568 3.22
75251844 3.22
75253120 3.22
75254392 3.22
75255668 3.22
75256944 3.22
75258220 3.21
75259492 3.21
75260768 3.21
75262044 3.22
75263320 3.21
75264592 3.22
75265868 3.21
75267144 3.21
75268420 3.22
75269692 3.21
75270968 3.21
75272244 3.22
75273520 3.21
75274792 3.22
75276068 3.21
75277344 3.21
75278620 3.21
75279892 3.21
75281168 3.21
75282448 3.21
75283720 3.21
75284992 3.22
75286268 3.21
75287544 3.22
75288820 3.21
75290092 3.21
75291368 3.21
75292644 3.21
75293920 3.21
75295192 3.21
75296468 3.21
75297744 3.21
75299020 3.21
75300292 3.21
75301568 3.21
75302844 3.21
75304120 3.21
75305392 3.21
75306668 3.21
75307944 3.21
75309220 3.21
75310492 3.21
75311768 3.21
75313044 3.21
75314320 3.21
75315592 3.21
75316868 3.22
75318144 3.22
75319420 3.21
75320692 3.22
75321968 3.22
75323244 3.22
75324520 3.21
75325792 3.22
75327068 3.22
75328344 3.22
75329620 3.22
75330892 3.21
75332168 3.21
75333444 3.22
75334720 3.22
75335992 3.22
75337268 3.21
75338544 3.22
75339820 3.22
75341092 3.22
75342368 3.22
75343644 3.22
75344920 3.22
75346192 3.22
75347468 3.22
75348744 3.22
75350024 3.22
75351292 3.22
75352568 3.22
75353844 3.22
75355120 3.22
75356392 3.22
75357668 3.22
75358944 3.22
75360220 3.22
75361492 3.22
75362768 3.22
75364044 3.22
75365320 3.22
75366592 3.22
75367868 3.22
75369144 3.22
75370420 3.22
75371692 3.22
75372968 3.22
75374244 3.22
75375520 3.21
75376792 3.22
75378068 3.22
75379344 3.22
75380620 3.22
75381892 3.22
75383168 3.22
75384444 3.22
75385720 3.22
75386992 3.21
75388268 3.22
75389544 3.21
75390820 3.22
75392092 3.21
75393368 3.21
75394644 3.22
75395920 3.21
75397192 3.21
75398468 3.21
75399744 3.21
75401020 3.21
75402292 3.21
75403568 3.21
75404844 3.22
75406120 3.21
75407392 3.21
75408668 3.22
75409944 3.21
75411220 3.21
75412500 3.21
75413768 3.21
75415044 3.21
75416320 3.21
75417592 3.22
75418868 3.22
75420144 3.22
75421420 3.22
75422692 3.21
75423968 3.21
75425244 3.21
75426520 3.22
75427792 3.21
75429068 3.21
75430344 3.21
75431620 3.21
75432892 3.21
75434168 3.22
75435444 3.22
75436720 3.22
75437992 3.22
75439268 3.22
75440544 3.22
75441820 3.22
75443092 3.21
75444368 3.21
75445644 3.21
75446920 3.22
75448192 3.22
75449468 3.22
75450744 3.22
75452020 3.22
75453292 3.22
75454568 3.22
75455844 3.22
75457120 3.22
75458392 3.22
75459668 3.21
75460944 3.21
75462220 3.21
75463492 3.21
75464768 3.21
75466044 3.21
75467320 3.21
75468592 3.21
75469868 3.21
75471144 3.21
75472420 3.21
75473692 3.21
75474968 3.21
75476244 3.21
75477520 3.21
75478792 3.22
75480076 3.21
75481344 3.21
75482620 3.21
75483892 3.21
75485168 3.21
75486444 3.21
75487720 3.21
75488992 3.21
75490268 3.22
75491544 3.21
75492820 3.21
75494092 3.21
75495368 3.22
75496644 3.21
75497920 3.21
75499192 3.22
75500468 3.21
75501744 3.21
75503020 3.21
75504292 3.21
75505568 3.21
75506844 3.21
75508120 3.21
75509392 3.21
75510668 3.21
75511944 3.21
75513220 3.21
75514492 3.21
75515768 3.21
75517044 3.21
75518320 3.22
75519592 3.22
75520868 3.22
75522144 3.21
75523420 3.21
75524692 3.21
75525968 3.21
75527244 3.21
75528520 3.22
75529792 3.21
75531068 3.22
75532344 3.21
75533620 3.21
75534892 3.21
75536168 3.22
75537444 3.21
75538720 3.21
75539992 3.21
75541268 3.21
75542548 3.21
75543820 3.21
75545092 3.21
75546368 3.21
75547644 3.21
75548920 3.21
75550192 3.21
75551468 3.21
75552744 3.21
75554020 3.21
75555292 3.21
75556568 3.21
75557844 3.21
75559120 3.21
75560392 3.21
75561668 3.21
75562944 3.21
75564220 3.22
75565492 3.21
75566768 3.22
75568044 3.21
75569320 3.21
75570592 3.22
75571868 3.22
75573144 3.21
75574420 3.21
75575692 3.21
75576968 3.22
75578244 3.21
75579520 3.21
75580792 3.21
75582068 3.21
75583344 3.22
75584620 3.22
75585892 3.21
75587168 3.22
75588444 3.21
75589720 3.22
75590992 3.21
75592268 3.21
75593544 3.21
75594820 3.22
75596092 3.21
75597368 3.22
75598644 3.22
75599920 3.21
75601192 3.22
75602468 3.22
75603744 3.22
75605020 3.22
75606292 3.22
75607568 3.21
75608844 3.21
75610124 3.21
75611392 3.22
75612668 3.21
75613944 3.22
75615220 3.22
75616492 3.22
75617768 3.22
75619044 3.22
75620320 3.22
75621592 3.22
75622868 3.22
75624144 3.21
75625420 3.21
75626692 3.21
75627968 3.21
75629244 3.21
75630520 3.21
75631792 3.21
75633068 3.21
75634344 3.21
75635620 3.21
75636892 3.21
75638168 3.21
75639444 3.21
75640720 3.21
75641992 3.21
75643268 3.21
75644544 3.21
75645820 3.21
75647092 3.21
75648368 3.21
75649644 3.21
75650920 3.21
75652192 3.21
75653468 3.21
75654744 3.21
75656020 3.21
75657292 3.21
75658568 3.21
75659844 3.21
75661120 3.21
75662392 3.21
75663668 3.21
75664944 3.21
75666220 3.22
75667492 3.21
75668768 3.22
75670044 3.21
75671320 3.21
75672600 3.21
75673868 3.22
75675144 3.21
75676420 3.22
75677692 3.21
75678968 3.21
75680244 3.21
75681520 3.21
75682792 3.21
75684068 3.21
75685344 3.21
75686620 3.22
75687892 3.21
75689168 3.21
75690444 3.21
75691720 3.22
75692992 3.22
75694268 3.21
75695544 3.22
75696820 3.21
75698092 3.21
75699368 3.21
75700644 3.22
75701920 3.21
75703192 3.22
75704468 3.21
75705744 3.21
75707020 3.21
75708292 3.21
75709568 3.21
75710844 3.21
75712120 3.21
75713392 3.21
75714668 3.21
75715944 3.21
75717220 3.22
75718492 3.22
75719768 3.22
75721044 3.22
75722320 3.22
75723592 3.22
75724868 3.22
75726144 3.21
75727420 3.22
75728692 3.22
75729968 3.22
75731244 3.22
75732520 3.22
75733792 3.22
75735068 3.22
75736344 3.22
75737620 3.22
75738892 3.21
75740176 3.21
75741444 3.22
75742720 3.22
75743992 3.22
75745268 3.21
75746544 3.21
75747820 3.21
75749092 3.21
75750368 3.21
75751644 3.22
75752920 3.22
75754192 3.22
75755468 3.21
75756744 3.22
75758020 3.21
75759292 3.21
75760568 3.21
75761844 3.21
75763120 3.21
75764392 3.21
75765668 3.22
75766944 3.21
75768220 3.22
75769492 3.22
75770768 3.21
75772044 3.21
75773320 3.21
75774592 3.22
75775868 3.22
75777144 3.21
75778420 3.22
75779692 3.22
75780968 3.22
75782244 3.22
75783520 3.22
75784792 3.22
75786068 3.22
75787344 3.22
75788620 3.22
75789892 3.22
75791168 3.22
75792444 3.22
75793720 3.22
75794992 3.22
75796268 3.22
75797544 3.22
75798820 3.22
75800092 3.22
75801368 3.22
75802648 3.22
75803920 3.22
75805192 3.22
75806468 3.22
75807748 3.21
75809020 3.22
75810292 3.22
75811568 3.22
75812844 3.22
75814120 3.22
75815392 3.22
75816668 3.21
75817944 3.22
75819220 3.22
75820492 3.21
75821768 3.22
75823044 3.21
75824320 3.21
75825592 3.21
75826868 3.21
75828144 3.21
75829420 3.21
75830692 3.21
75831968 3.21
75833244 3.21
75834520 3.21
75835792 3.21
75837068 3.21
75838344 3.21
75839620 3.21
75840892 3.21
75842168 3.21
75843444 3.21
75844720 3.21
75845992 3.21
75847268 3.21
75848544 3.21
75849820 3.22
75851092 3.21
75852368 3.22
75853644 3.22
75854920 3.22
75856192 3.22
75857468 3.22
75858744 3.21
75860020 3.21
75861292 3.21
75862568 3.21
75863844 3.21
75865120 3.21
75866392 3.21
75867668 3.21
75868944 3.21
75870224 3.21
75871492 3.21
75872768 3.21
75874044 3.21
75875320 3.21
75876592 3.21
75877868 3.21
75879144 3.21
75880420 3.21
75881692 3.21
75882968 3.22
75884244 3.22
75885520 3.22
75886792 3.22
75888068 3.22
75889344 3.22
75890620 3.22
75891892 3.22
75893168 3.22
