22
3806668 3.22
3807856 3.22
3809044 3.22
3810236 3.23
3811424 3.22
3812616 3.21
3813804 3.21
3814996 3.21
3816188 3.21
3817376 3.21
3818564 3.21
3819756 3.21
3820944 3.21
3822136 3.21
3823324 3.21
3824516 3.21
3825704 3.21
3826896 3.21
3828088 3.21
3829276 3.21
3830464 3.21
3831656 3.21
3832852 3.21
3834036 3.21
3835224 3.21
3836416 3.21
3837608 3.21
3838796 3.21
3839984 3.21
3841176 3.21
3842364 3.22
3843556 3.21
3844744 3.22
3845936 3.22
3847124 3.21
3848316 3.21
3849504 3.21
3850696 3.21
3851884 3.21
3853076 3.21
3854268 3.21
3855456 3.21
3856648 3.21
3857836 3.21
3859024 3.21
3860216 3.21
3861404 3.21
3862596 3.21
3863788 3.21
3864976 3.21
3866164 3.21
3867356 3.21
3868544 3.21
3869736 3.21
3870924 3.21
3872116 3.21
3873308 3.21
3874496 3.22
3875688 3.22
3876880 3.22
3878068 3.22
3879256 3.21
3880444 3.22
3881636 3.21
3882824 3.22
3884016 3.21
3885204 3.22
3886396 3.22
3887588 3.22
3888776 3.22
3889964 3.21
3891156 3.21
3892344 3.22
3893536 3.22
3894728 3.22
3895916 3.22
3897104 3.22
3898296 3.21
3899484 3.22
3900676 3.21
3901868 3.21
3903056 3.21
3904244 3.22
3905436 3.21
3906624 3.21
3907816 3.21
3909004 3.21
3910196 3.21
3911384 3.21
3912576 3.21
3913764 3.21
3914956 3.21
3916148 3.21
3917336 3.21
3918524 3.21
3919716 3.21
3920912 3.21
3922096 3.21
3923284 3.21
3924476 3.21
3925668 3.21
3926856 3.21
3928048 3.21
3929236 3.21
3930428 3.21
3931616 3.21
3932804 3.21
3933996 3.21
3935188 3.21
3936376 3.21
3937564 3.21
3938756 3.21
3939944 3.21
3941136 3.22
3942324 3.21
3943516 3.22
3944704 3.21
3945896 3.22
3947084 3.22
3948276 3.21
3949468 3.22
3950656 3.21
3951844 3.22
3953036 3.22
3954228 3.21
3955416 3.21
3956608 3.21
3957796 3.22
3958988 3.21
3960176 3.22
3961368 3.22
3962556 3.21
3963748 3.21
3964940 3.21
3966124 3.21
3967316 3.21
3968504 3.21
3969696 3.22
3970884 3.21
3972076 3.21
3973264 3.21
3974456 3.21
3975644 3.22
3976836 3.21
3978024 3.21
3979216 3.22
3980408 3.22
3981596 3.21
3982784 3.21
3983976 3.21
3985164 3.21
3986356 3.21
3987544 3.21
3988736 3.21
3989924 3.21
3991116 3.22
3992304 3.21
3993496 3.21
3994684 3.22
3995876 3.21
3997064 3.21
3998256 3.21
3999444 3.22
4000636 3.21
4001824 3.21
4003016 3.21
4004208 3.21
4005396 3.21
4006584 3.21
4007776 3.21
4008972 3.22
4010156 3.21
4011344 3.21
4012536 3.22
4013724 3.21
4014916 3.21
4016108 3.21
4017296 3.21
4018484 3.21
4019676 3.21
4020868 3.22
4022056 3.21
4023244 3.22
4024436 3.21
4025624 3.21
4026816 3.21
4028008 3.21
4029196 3.21
4030384 3.21
4031576 3.21
4032764 3.21
4033956 3.21
4035148 3.22
4036336 3.22
4037528 3.21
4038716 3.21
4039904 3.21
4041096 3.21
4042288 3.21
4043476 3.22
4044664 3.22
4045856 3.21
4047044 3.22
4048236 3.21
4049424 3.21
4050616 3.21
4051808 3.21
4053004 3.21
4054184 3.21
4055376 3.21
4056564 3.21
4057756 3.21
4058948 3.22
4060136 3.22
4061324 3.21
4062516 3.22
4063704 3.22
4064896 3.22
4066088 3.22
4067276 3.21
4068464 3.22
4069656 3.21
4070844 3.21
4072036 3.21
4073228 3.21
4074416 3.21
4075604 3.21
4076796 3.22
4077984 3.21
4079176 3.21
4080368 3.21
4081556 3.21
4082748 3.21
4083936 3.21
4085128 3.21
4086316 3.21
4087504 3.21
4088696 3.21
4089884 3.21
4091076 3.21
4092264 3.22
4093456 3.21
4094648 3.22
4095836 3.21
4097032 3.21
4098216 3.21
4099404 3.21
4100596 3.21
4101788 3.21
4102976 3.21
4104164 3.21
4105356 3.21
4106548 3.21
4107736 3.21
4108924 3.22
4110116 3.21
4111308 3.21
4112496 3.22
4113684 3.21
4114876 3.21
4116064 3.21
4117256 3.21
4118444 3.21
4119636 3.22
4120828 3.21
4122016 3.21
4123208 3.21
4124396 3.21
4125584 3.22
4126776 3.21
4127964 3.22
4129156 3.21
4130344 3.22
4131536 3.21
4132728 3.21
4133916 3.21
4135104 3.21
4136296 3.22
4137488 3.21
4138676 3.21
4139864 3.21
4141064 3.21
4142244 3.21
4143436 3.21
4144624 3.21
4145816 3.22
4147008 3.21
4148196 3.21
4149384 3.22
4150576 3.21
4151764 3.21
4152956 3.21
4154148 3.22
4155336 3.22
4156524 3.21
4157716 3.21
4158904 3.22
4160096 3.21
4161284 3.21
4162476 3.21
4163668 3.22
4164856 3.21
4166044 3.21
4167236 3.22
4168428 3.21
4169616 3.21
4170808 3.21
4171996 3.21
4173184 3.22
4174376 3.22
4175564 3.21
4176756 3.22
4177948 3.22
4179136 3.21
4180324 3.21
4181516 3.21
4182704 3.21
4183896 3.21
4185088 3.21
4186276 3.21
4187468 3.21
4188656 3.21
4189844 3.22
4191036 3.21
4192224 3.21
4193416 3.22
4194604 3.21
4195796 3.22
4196984 3.21
4198176 3.21
4199364 3.21
4200556 3.21
4201748 3.21
4202936 3.22
4204128 3.21
4205316 3.21
4206504 3.22
4207696 3.21
4208888 3.21
4210076 3.22
4211264 3.22
4212456 3.22
4213644 3.22
4214836 3.21
4216024 3.22
4217216 3.22
4218408 3.21
4219596 3.22
4220784 3.22
4221976 3.21
4223164 3.21
4224356 3.21
4225548 3.22
4226736 3.22
4227924 3.21
4229116 3.21
4230304 3.21
4231496 3.21
4232684 3.21
4233876 3.21
4235068 3.21
4236256 3.21
4237444 3.21
4238636 3.21
4239824 3.21
4241016 3.21
4242204 3.21
4243396 3.21
4244588 3.21
4245776 3.21
4246968 3.21
4248156 3.21
4249344 3.21
4250536 3.21
4251728 3.21
4252916 3.21
4254104 3.21
4255296 3.21
4256484 3.21
4257676 3.21
4258864 3.22
4260056 3.21
4261248 3.22
4262436 3.21
4263628 3.22
4264816 3.21
4266008 3.21
4267196 3.21
4268384 3.21
4269576 3.21
4270768 3.21
4271956 3.21
4273144 3.21
4274336 3.22
4275524 3.21
4276716 3.21
4277908 3.21
4279096 3.21
4280288 3.21
4281476 3.21
4282668 3.21
4283856 3.21
4285044 3.22
4286236 3.21
4287424 3.21
4288616 3.21
4289804 3.21
4290996 3.21
4292184 3.21
4293376 3.21
4294568 3.22
4295756 3.21
4296948 3.22
4298136 3.21
4299324 3.21
4300516 3.21
4301704 3.22
4302896 3.21
4304084 3.21
4305276 3.21
4306468 3.22
4307656 3.21
4308844 3.22
4310040 3.21
4311228 3.21
4312416 3.22
4313608 3.22
4314796 3.21
4315988 3.21
4317176 3.21
4318368 3.21
4319556 3.21
4320744 3.21
4321936 3.21
4323128 3.21
4324316 3.21
4325504 3.22
4326696 3.22
4327888 3.22
4329076 3.22
4330264 3.21
4331456 3.21
4332648 3.21
4333836 3.21
4335024 3.21
4336216 3.21
4337404 3.22
4338596 3.21
4339784 3.21
4340976 3.21
4342164 3.22
4343356 3.22
4344544 3.22
4345736 3.22
4346924 3.22
4348116 3.21
4349308 3.22
4350496 3.21
4351688 3.21
4352876 3.21
4354072 3.21
4355256 3.21
4356444 3.21
4357636 3.21
4358824 3.21
4360016 3.21
4361204 3.21
4362396 3.22
4363588 3.22
4364776 3.21
4365968 3.21
4367156 3.21
4368348 3.21
4369536 3.22
4370728 3.21
4371916 3.21
4373108 3.22
4374296 3.21
4375484 3.22
4376676 3.22
4377864 3.22
4379056 3.22
4380244 3.22
4381436 3.22
4382624 3.21
4383816 3.22
4385004 3.22
4386196 3.21
4387388 3.21
4388576 3.21
4389764 3.21
4390956 3.21
4392148 3.21
4393336 3.21
4394524 3.22
4395716 3.21
4396904 3.21
4398104 3.21
4399288 3.21
4400476 3.21
4401664 3.22
4402856 3.21
4404044 3.21
4405236 3.21
4406424 3.21
4407616 3.21
4408804 3.21
4409996 3.21
4411184 3.21
4412376 3.21
4413568 3.21
4414756 3.21
4415948 3.21
4417136 3.21
4418328 3.21
4419516 3.21
4420704 3.21
4421896 3.21
4423088 3.21
4424276 3.21
4425468 3.21
4426656 3.21
4427844 3.21
4429036 3.22
4430224 3.22
4431416 3.21
4432608 3.21
4433796 3.21
4434984 3.21
4436176 3.21
4437364 3.21
4438556 3.22
4439744 3.21
4440936 3.22
4442132 3.22
4443316 3.22
4444504 3.22
4445696 3.21
4446884 3.22
4448076 3.21
4449268 3.21
4450456 3.21
4451644 3.22
4452836 3.22
4454024 3.21
4455216 3.21
4456404 3.21
4457596 3.21
4458784 3.21
4459976 3.22
4461164 3.22
4462356 3.21
4463544 3.21
4464736 3.21
4465924 3.21
4467116 3.21
4468308 3.21
4469496 3.21
4470684 3.21
4471876 3.21
4473064 3.21
4474256 3.21
4475444 3.21
4476636 3.21
4477828 3.21
4479016 3.21
4480208 3.21
4481396 3.21
4482584 3.21
4483776 3.21
4484968 3.21
4486160 3.21
4487348 3.22
4488536 3.22
4489728 3.21
4490916 3.21
4492108 3.22
4493296 3.22
4494484 3.22
4495676 3.21
4496864 3.22
4498056 3.21
4499248 3.21
4500436 3.21
4501628 3.21
4502816 3.21
4504004 3.21
4505196 3.21
4506384 3.21
4507576 3.21
4508768 3.21
4509956 3.21
4511144 3.21
4512336 3.21
4513528 3.21
4514716 3.21
4515904 3.21
4517096 3.21
4518288 3.21
4519476 3.21
4520664 3.21
4521856 3.21
4523044 3.22
4524236 3.22
4525428 3.22
4526616 3.22
4527808 3.21
4528996 3.22
4530192 3.22
4531376 3.22
4532564 3.21
4533756 3.22
4534944 3.21
4536136 3.21
4537328 3.21
4538516 3.21
4539708 3.21
4540896 3.21
4542088 3.21
4543276 3.21
4544464 3.22
4545656 3.22
4546844 3.21
4548036 3.21
4549228 3.21
4550416 3.21
4551608 3.21
4552796 3.21
4553988 3.22
4555176 3.21
4556368 3.21
4557556 3.21
4558748 3.22
4559936 3.22
4561128 3.22
4562316 3.22
4563504 3.21
4564696 3.22
4565888 3.22
4567076 3.21
4568268 3.21
4569456 3.22
4570644 3.22
4571836 3.21
4573024 3.21
4574224 3.21
4575408 3.21
4576596 3.21
4577784 3.21
4578976 3.21
4580164 3.21
4581356 3.21
4582544 3.21
4583736 3.21
4584924 3.21
4586116 3.21
4587304 3.21
4588496 3.21
4589684 3.21
4590876 3.21
4592064 3.21
4593256 3.21
4594444 3.21
4595636 3.21
4596824 3.21
4598016 3.21
4599208 3.21
4600396 3.21
4601588 3.21
4602776 3.22
4603968 3.22
4605156 3.22
4606344 3.22
4607536 3.22
4608728 3.22
4609916 3.22
4611104 3.22
4612296 3.22
4613484 3.22
4614676 3.22
4615864 3.22
4617056 3.22
4618252 3.22
4619436 3.22
4620628 3.22
4621816 3.22
4623004 3.22
4624196 3.22
4625384 3.22
4626576 3.21
4627764 3.21
4628956 3.21
4630144 3.21
4631336 3.21
4632528 3.21
4633716 3.21
4634908 3.21
4636096 3.21
4637288 3.21
4638476 3.21
4639668 3.21
4640856 3.22
4642044 3.22
4643236 3.22
4644424 3.22
4645616 3.22
4646808 3.22
4647996 3.22
4649184 3.22
4650376 3.22
4651568 3.22
4652756 3.23
4653944 3.23
4655136 3.23
