99241412 3.22
99242260 3.22
99243148 3.21
99244040 3.21
99244920 3.21
99245808 3.22
99246700 3.22
99247588 3.22
99248484 3.23
99249372 3.24
99250260 3.25
99251152 3.25
99252032 3.25
99252916 3.25
99254188 3.24
99255464 3.23
99256740 3.22
99258016 3.22
99259288 3.21
99260564 3.21
99261840 3.22
99263112 3.22
99264388 3.22
99265664 3.23
99266940 3.24
99268216 3.25
99269488 3.25
99270764 3.24
99272040 3.22
99273316 3.22
99274588 3.21
99275864 3.22
99277140 3.21
99278416 3.21
99279688 3.22
99280964 3.22
99282240 3.23
99283512 3.24
99284788 3.25
99286064 3.25
99287340 3.24
99288616 3.23
99289888 3.22
99291164 3.21
99292440 3.22
99293716 3.21
99294988 3.22
99296272 3.22
99297540 3.22
99298816 3.23
99300088 3.24
99301364 3.25
99302640 3.25
99303912 3.25
99305188 3.23
99306464 3.22
99307740 3.22
99309012 3.22
99310288 3.21
99311564 3.22
99312840 3.22
99314112 3.22
99315388 3.22
99316664 3.24
99317940 3.25
99319212 3.25
99320488 3.24
99321764 3.23
99323040 3.22
99324316 3.22
99325588 3.22
99326864 3.22
99328140 3.22
99329412 3.22
99330688 3.22
99331964 3.23
99333240 3.24
99334516 3.25
99335788 3.25
99337064 3.25
99338340 3.24
99339616 3.22
99340888 3.22
99342164 3.22
99343440 3.22
99344716 3.22
99345988 3.22
99347264 3.22
99348540 3.23
99349816 3.24
99351088 3.25
99352364 3.25
99353640 3.25
99354912 3.23
99356188 3.21
99357464 3.21
99358744 3.22
99360016 3.21
99361288 3.21
99362564 3.22
99363844 3.22
99365116 3.22
99366388 3.24
99367664 3.25
99368940 3.25
99370212 3.25
99371488 3.23
99372764 3.22
99374040 3.22
99375312 3.22
99376588 3.21
99377864 3.21
99379140 3.22
99380412 3.22
99381688 3.22
99382964 3.24
99384240 3.25
99385512 3.25
99386788 3.25
99388064 3.23
99389340 3.21
99390616 3.21
99391888 3.21
99393164 3.21
99394440 3.21
99395716 3.22
99396988 3.22
99398264 3.22
99399540 3.23
99400816 3.25
99402088 3.25
99403364 3.25
99404640 3.23
99405916 3.21
99407188 3.21
99408464 3.21
99409740 3.21
99411016 3.21
99412288 3.22
99413564 3.22
99414840 3.22
99416116 3.23
99417388 3.25
99418664 3.25
99419940 3.25
99421216 3.23
99422488 3.21
99423764 3.21
99425040 3.21
99426320 3.21
99427588 3.21
99428864 3.21
99430140 3.22
99431412 3.22
99432688 3.23
99433964 3.24
99435240 3.25
99436516 3.25
99437788 3.23
99439064 3.21
99440340 3.21
99441616 3.21
99442888 3.21
99444164 3.21
99445440 3.21
99446716 3.22
99447988 3.22
99449264 3.23
99450540 3.24
99451816 3.25
99453088 3.25
99454364 3.23
99455640 3.22
99456916 3.21
99458188 3.21
99459464 3.21
99460740 3.21
99462016 3.21
99463288 3.22
99464564 3.22
99465840 3.23
99467112 3.24
99468388 3.25
99469664 3.25
99470940 3.23
99472216 3.22
99473488 3.21
99474764 3.21
99476040 3.21
99477312 3.21
99478588 3.21
99479864 3.22
99481140 3.22
99482416 3.23
99483688 3.24
99484964 3.25
99486240 3.25
99487516 3.24
99488792 3.22
99490064 3.21
99491340 3.21
99492616 3.21
99493896 3.21
99495164 3.21
99496440 3.21
99497716 3.21
99498988 3.22
99500264 3.24
99501540 3.24
99502812 3.24
99504088 3.23
99505364 3.22
99506640 3.21
99507916 3.21
99509188 3.21
99510464 3.21
99511740 3.21
99513016 3.21
99514288 3.21
99515564 3.22
99516840 3.24
99518116 3.24
99519388 3.24
99520664 3.23
99521940 3.21
99523216 3.21
99524488 3.21
99525764 3.21
99527040 3.20
99528316 3.21
99529588 3.21
99530864 3.21
99532140 3.22
99533416 3.24
99534688 3.24
99535964 3.24
99537240 3.23
99538516 3.22
99539788 3.21
99541064 3.21
99542340 3.21
99543616 3.20
99544888 3.21
99546164 3.21
99547440 3.21
99548716 3.22
99549988 3.23
99551264 3.24
99552540 3.25
99553816 3.23
99555088 3.22
99556372 3.21
99557640 3.21
99558916 3.21
99560188 3.20
99561464 3.21
99562740 3.21
99564016 3.21
99565288 3.22
99566564 3.24
99567840 3.24
99569112 3.24
99570388 3.23
99571664 3.22
99572940 3.21
99574216 3.21
99575488 3.21
99576764 3.20
99578040 3.21
99579316 3.21
99580588 3.21
99581864 3.22
99583140 3.23
99584416 3.24
99585688 3.24
99586964 3.23
99588240 3.22
99589516 3.21
99590788 3.21
99592064 3.20
99593340 3.20
99594616 3.20
99595888 3.21
99597164 3.21
99598440 3.22
99599716 3.23
99600988 3.24
99602264 3.24
99603540 3.24
99604816 3.22
99606088 3.21
99607364 3.21
99608640 3.21
99609916 3.21
99611188 3.20
99612464 3.21
99613740 3.21
99615016 3.22
99616288 3.23
99617564 3.24
99618840 3.24
99620116 3.24
99621388 3.22
99622664 3.21
99623944 3.21
99625216 3.21
99626488 3.21
99627764 3.20
99629040 3.21
99630316 3.21
99631588 3.21
99632864 3.23
99634140 3.24
99635416 3.24
99636688 3.24
99637964 3.22
99639240 3.21
99640516 3.21
99641788 3.21
99643064 3.21
99644340 3.21
99645616 3.21
99646888 3.21
99648164 3.21
99649440 3.23
99650716 3.24
99651988 3.25
99653264 3.24
99654540 3.23
99655816 3.21
99657088 3.21
99658364 3.21
99659640 3.21
99660916 3.21
99662188 3.22
99663464 3.22
99664740 3.22
99666016 3.23
99667288 3.25
99668564 3.25
99669840 3.25
99671116 3.23
99672388 3.22
99673664 3.21
99674940 3.21
99676212 3.21
99677488 3.21
99678764 3.21
99680040 3.22
99681316 3.22
99682588 3.23
99683864 3.25
99685140 3.25
99686420 3.25
99687688 3.23
99688964 3.22
99690240 3.22
99691516 3.22
99692788 3.21
99694064 3.21
99695340 3.22
99696616 3.22
99697888 3.22
99699164 3.23
99700440 3.25
99701712 3.25
99702988 3.25
99704264 3.24
99705540 3.22
99706816 3.22
99708088 3.22
99709364 3.21
99710640 3.21
99711916 3.22
99713188 3.22
99714464 3.22
99715740 3.23
99717012 3.25
99718288 3.25
99719564 3.25
99720840 3.24
99722112 3.22
99723388 3.21
99724664 3.22
99725940 3.21
99727216 3.21
99728488 3.22
99729764 3.22
99731040 3.22
99732316 3.23
99733588 3.25
99734864 3.25
99736140 3.25
99737416 3.24
99738688 3.22
99739964 3.22
99741240 3.22
99742516 3.22
99743788 3.21
99745064 3.22
99746340 3.22
99747612 3.22
99748888 3.23
99750164 3.25
99751440 3.25
99752716 3.26
99753996 3.24
99755264 3.22
99756540 3.22
99757816 3.22
99759088 3.21
99760364 3.21
99761640 3.22
99762916 3.22
99764188 3.22
99765464 3.23
99766740 3.25
99768012 3.25
99769288 3.25
99770564 3.24
99771840 3.23
99773116 3.22
99774388 3.22
99775664 3.21
99776940 3.22
99778216 3.22
99779488 3.22
99780764 3.22
99782040 3.23
99783316 3.25
99784588 3.25
99785864 3.25
99787140 3.24
99788416 3.23
99789688 3.22
99790964 3.22
99792240 3.22
99793516 3.21
99794788 3.22
99796064 3.22
99797340 3.22
99798616 3.23
99799888 3.25
99801164 3.25
99802440 3.26
99803716 3.24
99804988 3.23
99806264 3.22
99807540 3.22
99808816 3.22
99810088 3.21
99811364 3.22
99812640 3.22
99813916 3.22
99815188 3.23
99816472 3.25
99817740 3.26
99819016 3.26
99820288 3.25
99821564 3.23
99822840 3.22
99824112 3.22
99825388 3.22
99826664 3.22
99827940 3.22
99829216 3.22
99830488 3.22
99831764 3.23
99833040 3.25
99834316 3.26
99835588 3.26
99836864 3.25
99838140 3.23
99839416 3.22
99840688 3.22
99841964 3.22
99843240 3.22
99844516 3.22
99845788 3.22
99847064 3.22
99848340 3.23
99849616 3.25
99850888 3.26
99852164 3.26
99853440 3.25
99854716 3.24
99855988 3.22
99857264 3.22
99858540 3.22
99859816 3.22
99861088 3.22
99862364 3.22
99863640 3.22
99864916 3.23
99866188 3.25
99867464 3.26
99868740 3.26
99870016 3.26
99871288 3.24
99872564 3.22
99873840 3.22
99875116 3.22
99876388 3.22
99877664 3.22
99878940 3.22
99880216 3.22
99881488 3.23
99882764 3.25
99884044 3.26
99885316 3.26
99886588 3.26
99887864 3.24
99889140 3.22
99890416 3.22
99891688 3.22
99892964 3.22
99894240 3.22
99895516 3.22
99896788 3.22
99898064 3.23
99899340 3.25
99900616 3.26
99901888 3.26
99903164 3.26
99904440 3.24
99905716 3.22
99906988 3.22
99908264 3.22
99909540 3.22
99910816 3.22
99912088 3.22
99913364 3.22
99914640 3.22
99915916 3.24
99917188 3.26
99918464 3.26
99919740 3.26
99921016 3.24
99922288 3.22
99923564 3.22
99924840 3.22
99926116 3.22
99927388 3.21
99928664 3.22
99929940 3.22
99931216 3.22
99932488 3.24
99933764 3.26
99935040 3.26
99936316 3.26
99937588 3.24
99938864 3.22
99940140 3.22
99941416 3.22
99942688 3.21
99943964 3.21
99945240 3.22
99946520 3.22
99947788 3.22
99949064 3.24
99950340 3.25
99951616 3.26
99952888 3.26
99954164 3.24
99955440 3.22
99956716 3.22
99957988 3.22
99959264 3.22
99960540 3.21
99961816 3.22
99963088 3.22
99964364 3.22
99965640 3.24
99966916 3.26
99968188 3.26
99969464 3.26
99970740 3.25
99972012 3.23
99973288 3.22
99974564 3.22
99975840 3.22
99977116 3.22
99978388 3.22
99979664 3.22
99980940 3.22
99982216 3.24
99983488 3.25
99984764 3.26
99986040 3.26
99987316 3.24
99988588 3.22
99989864 3.22
99991140 3.22
99992416 3.21
99993688 3.21
99994964 3.22
99996240 3.22
99997516 3.22
99998788 3.23
100000064 3.25
100001424 3.25
100002784 3.25
100004144 3.23
100005504 3.21
100006864 3.21
100008224 3.21
100009584 3.21
100010944 3.21
100012304 3.21
100013664 3.21
100015024 3.22
100016384 3.24
100017744 3.25
100019104 3.25
100020464 3.23
100021824 3.21
100023184 3.21
100024544 3.21
100025904 3.21
100027264 3.21
100028624 3.21
100029984 3.21
100031344 3.22
100032704 3.23
100034064 3.24
100035424 3.25
100036784 3.24
100038144 3.21
100039504 3.21
100040864 3.21
100042224 3.20
100043584 3.20
100044944 3.21
100046304 3.21
100047664 3.21
100049024 3.23
100050384 3.24
100051744 3.24
100053104 3.24
100054464 3.22
100055824 3.21
100057184 3.21
100058544 3.21
100059904 3.20
100061264 3.21
100062624 3.21
100063984 3.21
100065344 3.22
100066704 3.24
100068064 3.24
100069424 3.24
100070784 3.23
100072144 3.21
100073504 3.21
100074864 3.21
100076224 3.20
100077592 3.21
100078944 3.21
100080304 3.21
100081672 3.22
100083024 3.24
100084384 3.25
100085744 3.25
100087104 3.23
100088464 3.22
100089824 3.21
100091184 3.21
100092544 3.21
100093904 3.21
100095264 3.21
100096624 3.21
100097984 3.22
100099344 3.24
100100704 3.25
100102064 3.25
100103424 3.24
100104784 3.22
100106144 3.21
100107504 3.21
100108864 3.21
100110224 3.21
100111584 3.21
100112944 3.21
100114304 3.22
100115664 3.23
100117024 3.25
100118384 3.25
100119744 3.25
100121104 3.23
100122464 3.22
100123824 3.21
100125184 3.21
100126544 3.21
100127904 3.21
100129264 3.22
100130624 3.22
100131984 3.23
100133344 3.25
100134704 3.26
100136064 3.25
100137424 3.24
100138784 3.22
100140144 3.22
100141504 3.21
100142864 3.21
100144224 3.21
100145584 3.22
100146944 3.22
100148304 3.23
100149664 3.25
100151024 3.25
100152384 3.25
100153744 3.24
100155104 3.22
100156464 3.21
100157824 3.21
100159184 3.21
100160544 3.21
100161904 3.21
100163264 3.21
100164632 3.22
100165984 3.24
100167344 3.25
100168712 3.25
100170064 3.24
100171424 3.22
100172784 3.21
100174144 3.21
100175504 3.21
100176864 3.21
100178224 3.21
100179584 3.22
100180944 3.22
100182304 3.24
100183664 3.25
100185024 3.26
100186384 3.25
100187744 3.23
100189104 3.22
100190464 3.22
100191824 3.21
100193184 3.21
100194544 3.21
100195904 3.22
100197264 3.22
100198624 3.23
100199984 3.25
100201344 3.26
100202704 3.26
100204064 3.24
100205424 3.22
100206784 3.22
100208144 3.22
100209504 3.21
100210864 3.22
100212224 3.22
100213584 3.22
100214944 3.23
100216304 3.25
100217664 3.26
100219024 3.26
100220384 3.25
100221744 3.22
100223104 3.22
100224464 3.22
100225824 3.22
100227184 3.21
100228544 3.22
100229904 3.22
100231264 3.23
100232624 3.25
100233984 3.26
100235344 3.26
100236704 3.25
100238064 3.23
100239424 3.22
100240784 3.22
100242144 3.22
100243504 3.21
100244864 3.22
100246224 3.22
100247584 3.22
100248944 3.24
100250304 3.26
100251672 3.26
100253024 3.26
100254384 3.24
100255752 3.22
100257104 3.22
100258464 3.22
100259824 3.22
100261184 3.22
100262544 3.22
100263904 3.22
100265264 3.24
100266624 3.26
100267984 3.26
100269344 3.26
100270704 3.24
100272064 3.22
100273424 3.22
100274784 3.22
100276144 3.21
100277504 3.22
100278864 3.22
100280224 3.22
100281584 3.23
100282944 3.25
100284304 3.26
100285664 3.26
100287024 3.24
100288384 3.22
100289744 3.22
100291104 3.22
100292464 3.21
100293824 3.21
100295184 3.22
100296544 3.22
100297904 3.23
100299264 3.25
100300624 3.26
100301984 3.26
100303344 3.25
100304704 3.23
100306064 3.22
100307424 3.22
100308784 3.22
100310144 3.22
100311504 3.22
100312864 3.22
100314224 3.23
100315584 3.24
100316944 3.26
100318304 3.26
100319664 3.26
100321024 3.24
100322384 3.22
100323744 3.22
100325104 3.22
100326464 3.21
100327824 3.22
100329184 3.22
100330544 3.22
100331904 3.24
100333264 3.26
100334624 3.26
100335984 3.26
100337344 3.24
100338712 3.22
100340064 3.22
100341424 3.22
100342792 3.22
100344144 3.22
100345504 3.22
100346864 3.22
100348224 3.24
100349584 3.25
100350944 3.26
100352304 3.26
100353664 5.00
100355024 0.00
100356384 1.23
100357744 0.92
100359104 5.00
100360464 0.00
100361824 5.00
100363184 0.00
100364544 5.00
100365904 4.81
100367264 2.64
100368624 4.38
100369984 2.32
100371344 0.06
100372704 4.10
100374064 0.48
100375424 3.38
100376784 2.09
100378144 5.00
100379504 0.18
100380864 4.65
100382224 1.63
100383584 1.50
100384944 4.13
100386304 0.94
100387664 2.92
100389024 3.00
100390384 1.88
100391744 3.48
100393104 2.62
100394464 2.53
100395824 2.73
100397184 2.11
100398544 3.26
100399904 1.40
100401264 4.24
100402624 2.32
100403984 2.42
100405344 3.67
100406704 2.40
100408064 2.30
100409424 3.30
100410784 2.89
100412144 1.90
100413504 3.77
100414864 2.86
100416224 2.22
100417584 3.60
100418944 3.13
100420304 1.98
100421664 3.84
100423024 2.38
100424384 2.84
100425752 2.86
100427104 3.25
100428464 2.88
100429832 2.61
100431184 3.74
100432544 2.24
100433904 3.23
100435264 3.18
100436624 2.83
100437984 2.86
100439344 3.49
100440704 2.57
100442064 3.38
100443424 2.85
100444784 3.31
100446144 2.76
100447504 3.39
100448864 2.83
100450224 3.23
100451584 3.33
100452944 2.74
100454304 3.77
100455664 2.67
100457024 3.36
100458384 3.11
100459744 3.23
100461104 2.88
100462464 3.48
100463824 3.01
100465184 3.30
100466544 2.97
100467904 3.77
100469264 2.63
100470624 3.45
100471984 3.45
100473344 2.65
100474704 3.55
100476064 3.14
100477424 3.22
100478784 2.93
100480144 3.69
100481504 2.82
100482864 3.27
100484224 3.33
100485584 3.29
100486944 2.83
100488304 3.73
100489664 2.85
100491024 3.29
100492384 3.23
100493744 3.24
100495104 3.20
100496464 3.04
100497824 3.63
100499184 2.81
100500544 3.59
100501904 3.17
100503264 3.30
100504624 3.16
100505984 3.41
100507344 3.02
100508704 3.47
100510064 2.93
100511424 3.55
100512792 3.05
100514144 3.28
100515504 3.40
100516872 3.16
100518224 3.44
100519584 3.07
100520944 3.58
100522304 2.94
100523664 3.42
100525024 3.27
100526384 3.24
100527744 3.10
100529104 3.57
100530464 2.98
100531824 3.41
100533184 3.27
100534544 3.41
100535904 3.13
100537264 3.34
100538624 3.47
100539984 2.86
100541344 3.62
100542704 3.10
100544064 3.24
100545424 3.18
100546784 3.42
100548144 3.04
100549504 3.39
100550864 3.24
100552224 3.36
100553584 3.05
100554944 3.47
100556304 3.14
100557664 3.12
100559024 3.42
100560384 3.06
100561744 3.34
100563104 3.09
100564464 3.40
100565824 3.09
100567184 3.35
100568544 3.22
100569904 3.31
100571264 3.09
100572624 3.35
100573984 3.11
100575344 3.26
100576704 3.15
100578064 3.24
100579424 3.24
100580784 3.06
100582144 3.43
100583504 3.09
100584864 3.31
100586224 3.18
100587584 3.30
100588944 3.06
100590304 3.29
100591664 3.14
100593024 3.21
100594384 3.09
100595744 3.34
100597104 3.08
100598464 3.20
100599832 3.34
100601184 3.11
100602544 3.27
100603912 3.16
100605264 3.26
100606624 3.04
100607984 3.30
100609344 3.12
100610704 3.19
100612064 3.12
100613424 3.30
100614784 3.05
100616144 3.29
100617504 3.21
100618864 3.20
100620224 3.21
100621584 3.17
100622944 3.24
100624304 3.07
100625664 3.28
100627024 3.11
100628384 3.21
100629744 3.14
100631104 3.27
100632464 3.13
100633824 3.29
100635184 3.17
100636544 3.26
100637904 3.12
100639264 3.21
100640624 3.21
100641984 3.12
100643344 3.23
100644704 3.15
100646064 3.21
100647424 3.13
100648784 3.27
100650144 3.17
100651504 3.24
100652864 3.19
100654224 3.26
100655584 3.09
100656944 3.26
100658304 3.15
100659664 3.16
100661024 3.19
100662384 3.18
100663744 3.19
100665104 3.15
100666464 3.28
100667824 3.17
100669184 3.23
100670544 3.20
100671904 3.20
100673264 3.13
100674624 3.24
100675984 3.13
100677344 3.21
100678704 3.17
100680064 3.21
100681424 3.20
100682784 3.21
100684144 3.27
100685504 3.19
100686872 3.24
100688224 3.18
100689584 3.20
100690952 3.17
100692304 3.21
100693664 3.18
100695024 3.21
100696384 3.16
100697744 3.25
100699104 3.20
100700464 3.26
100701824 3.24
100703184 3.22
100704544 3.21
100705904 3.18
100707264 3.22
100708624 3.17
100709984 3.20
100711344 3.21
100712704 3.20
100714064 3.21
100715424 3.26
100716784 3.22
100718144 3.26
100719504 3.22
100720864 3.24
100722224 3.19
100723584 3.22
100724944 3.21
100726304 3.18
100727664 3.23
100729024 3.20
100730384 3.21
100731744 3.24
100733104 3.25
100734464 3.25
100735824 3.25
100737184 3.22
100738544 3.23
100739904 3.19
100741264 3.23
100742624 3.19
100743984 3.22
100745344 3.21
100746704 3.21
100748064 3.25
100749424 3.24
100750784 3.26
100752144 3.25
100753504 3.23
100754864 3.22
100756224 3.21
100757584 3.21
100758944 3.22
100760304 3.20
100761664 3.23
100763024 3.19
100764384 3.25
100765744 3.24
100767104 3.25
100768464 3.26
100769824 3.23
100771184 3.22
100772544 3.21
100773912 3.21
100775264 3.21
100776624 3.20
100777992 3.22
100779344 3.21
100780704 3.22
100782064 3.26
100783424 3.24
100784784 3.27
100786144 3.23
100787504 3.23
100788864 3.22
100790224 3.21
100791584 3.22
100792944 3.21
100794304 3.22
100795664 3.22
100797024 3.22
100798384 3.25
100799744 3.25
100801104 3.26
100802464 3.26
100803824 3.21
100805184 3.23
100806544 3.20
100807904 3.22
100809264 3.21
100810624 3.21
100811984 3.22
100813344 3.21
100814704 3.24
100816064 3.25
100817424 3.25
100818784 3.26
100820144 3.23
100821504 3.22
100822864 3.22
100824224 3.21
100825584 3.22
100826944 3.20
100828304 3.23
100829664 3.21
100831024 3.24
100832384 3.25
100833744 3.26
100835104 3.26
100836464 3.24
100837824 3.22
100839184 3.22
100840544 3.21
100841904 3.22
100843264 3.21
100844624 3.21
100845984 3.23
100847344 3.22
100848704 3.26
100850064 3.25
100851424 3.26
100852784 3.25
100854144 3.22
100855504 3.22
100856864 3.21
100858224 3.21
100859584 3.22
100860952 3.21
100862304 3.23
100863664 3.22
100865032 3.25
100866384 3.26
100867744 3.25
100869104 3.26
100870464 3.22
100871824 3.22
100873184 3.21
100874544 3.21
100875904 3.21
100877264 3.21
100878624 3.22
100879984 3.22
100881344 3.23
100882704 3.26
100884064 3.25
100885424 3.26
100886784 3.23
100888144 3.22
100889504 3.22
100890864 3.20
100892224 3.22
100893584 3.21
100894944 3.22
100896304 3.22
100897664 3.23
100899024 3.26
100900384 3.26
100901744 3.25
100903104 3.24
100904464 3.21
100905824 3.22
100907184 3.21
100908544 3.21
100909904 3.22
100911264 3.21
100912624 3.23
100913984 3.23
100915344 3.25
100916704 3.26
100918064 3.26
100919424 3.25
100920784 3.22
100922144 3.22
100923504 3.22
100924864 3.21
100926224 3.22
100927584 3.21
100928944 3.22
100930304 3.23
100931664 3.24
100933024 3.26
100934384 3.25
100935744 3.25
100937104 3.22
100938464 3.22
100939824 3.22
100941184 3.21
100942544 3.22
100943904 3.22
100945264 3.22
100946624 3.23
100947992 3.23
100949344 3.26
100950704 3.25
100952072 3.25
100953424 3.23
100954784 3.21
100956144 3.22
100957504 3.21
100958864 3.21
100960224 3.22
100961584 3.22
100962944 3.22
100964304 3.24
100965664 3.25
100967024 3.26
100968384 3.25
100969744 3.24
100971104 3.22
100972464 3.22
100973824 3.22
100975184 3.21
100976544 3.22
100977904 3.21
100979264 3.22
100980624 3.23
100981984 3.25
100983344 3.26
100984704 3.25
100986064 3.24
100987424 3.22
100988784 3.21
100990144 3.22
100991504 3.20
100992864 3.21
100994224 3.21
100995584 3.21
100996944 3.23
100998304 3.24
100999664 3.25
101001024 3.25
101002384 3.24
101003744 3.23
101005104 3.22
101006464 3.22
101007824 3.22
101009184 3.21
101010544 3.22
101011904 3.21
101013264 3.23
101014624 3.24
101015984 3.25
101017344 3.26
101018704 3.24
101020064 3.23
101021424 3.21
101022784 3.21
101024144 3.21
101025504 3.21
101026864 3.22
101028224 3.21
101029584 3.21
101030944 3.24
101032304 3.24
101033664 3.25
101035032 3.24
101036384 3.23
101037744 3.21
101039112 3.21
101040464 3.22
101041824 3.21
101043184 3.21
101044544 3.21
101045904 3.21
101047264 3.23
101048624 3.25
101049984 3.25
101051344 3.25
101052704 3.23
101054064 3.22
101055424 3.21
101056784 3.21
101058144 3.21
101059504 3.21
101060864 3.21
101062224 3.21
101063584 3.22
101064944 3.24
101066304 3.24
101067664 3.25
101069024 3.23
101070384 3.21
101071744 3.21
101073104 3.20
101074464 3.21
101075824 3.20
101077184 3.21
101078544 3.21
101079904 3.21
101081264 3.24
101082624 3.24
101083984 3.25
101085344 3.23
101086704 3.22
101088064 3.21
101089424 3.21
101090784 3.21
101092144 3.20
101093504 3.21
101094864 3.21
101096224 3.21
101097584 3.23
101098944 3.24
101100304 3.24
101101664 3.24
101103024 3.22
101104384 3.21
101105744 3.21
101107104 3.21
101108464 3.21
101109824 3.21
101111184 3.21
101112544 3.21
101113904 3.23
101115264 3.25
101116624 3.25
101117984 3.25
101119344 3.23
101120704 3.21
101122072 3.21
101123424 3.21
101124784 3.21
101126152 3.21
101127504 3.22
101128864 3.22
101130224 3.23
101131584 3.25
101132944 3.25
101134304 3.25
101135664 3.24
101137024 3.22
101138384 3.21
101139744 3.21
101141104 3.21
101142464 3.21
101143824 3.21
101145184 3.22
101146544 3.22
101147904 3.24
101149264 3.25
101150624 3.25
101151984 3.24
101153344 3.22
101154704 3.21
101156064 3.21
101157424 3.21
101158784 3.21
101160144 3.21
101161504 3.21
101162864 3.21
101164224 3.23
101165584 3.25
101166944 3.25
101168304 3.24
101169664 3.22
101171024 3.21
101172384 3.21
101173744 3.21
101175104 3.21
101176464 3.21
101177824 3.21
101179184 3.21
101180544 3.22
101181904 3.24
101183264 3.24
101184624 3.24
101185984 3.23
101187344 3.21
101188704 3.21
101190064 3.21
101191424 3.21
101192784 3.21
101194144 3.21
101195504 3.22
101196864 3.22
101198224 3.24
101199584 3.25
101200944 3.25
101202304 3.24
101203664 3.22
101205024 3.21
101206384 3.21
101207744 3.21
101209112 3.21
101210464 3.21
101211824 3.22
101213192 3.22
101214544 3.24
101215904 3.25
101217264 3.25
101218624 3.24
101219984 3.22
101221344 3.21
101222704 3.21
101224064 3.21
101225424 3.21
101226784 3.21
101228144 3.21
101229504 3.22
101230864 3.23
101232224 3.25
101233584 3.25
101234944 3.24
101236304 3.23
101237664 3.21
101239024 3.21
101240384 3.21
101241744 3.21
101243104 3.22
101244464 3.21
101245824 3.22
101247184 3.23
101248544 3.25
101249904 3.26
101251264 3.26
101252624 3.24
101253984 3.22
101255344 3.22
101256704 3.22
101258064 3.21
101259424 3.21
101260784 3.22
101262144 3.22
101263504 3.23
101264864 3.25
101266224 3.26
101267584 3.26
101268944 3.25
101270304 3.22
101271664 3.22
101273024 3.22
101274384 3.21
101275744 3.21
101277104 3.22
101278464 3.22
101279824 3.23
101281184 3.25
101282544 3.26
101283904 3.26
101285264 3.25
101286624 3.23
101287984 3.22
101289344 3.22
101290704 3.21
101292064 3.21
101293424 3.22
101294784 3.22
101296152 3.22
101297504 3.24
101298864 3.26
101300232 3.26
101301584 3.26
101302944 3.24
101304304 3.22
101305664 3.22
101307024 3.21
101308384 3.21
101309744 3.21
101311104 3.21
101312464 3.22
101313824 3.23
101315184 3.25
101316544 3.26
101317904 3.26
101319264 3.24
101320624 3.22
101321984 3.21
101323344 3.22
101324704 3.21
101326064 3.21
101327424 3.22
101328784 3.22
101330144 3.23
101331504 3.25
101332864 3.26
101334224 3.26
101335584 3.25
101336944 3.22
101338304 3.22
101339664 3.22
101341024 3.21
101342384 3.21
101343744 3.21
101345104 3.21
101346464 3.22
101347824 3.24
101349184 3.26
101350544 3.27
101351904 3.25
101353264 3.23
101354624 3.21
101355984 3.21
101357344 3.21
101358704 3.21
101360064 3.21
101361424 3.21
101362784 3.22
101364144 3.24
101365504 3.26
101366864 3.26
101368224 3.26
101369584 3.23
101370944 3.22
101372304 3.21
101373664 3.21
101375024 3.21
101376384 3.21
101377744 3.21
101379104 3.22
101380464 3.24
101381824 3.26
101383192 3.26
101384544 3.26
101385904 3.24
101387272 3.22
101388624 3.21
101389984 3.21
101391344 3.21
101392704 3.21
101394064 3.22
101395424 3.21
101396784 3.23
101398144 3.25
101399504 3.26
101400864 3.26
101402224 3.24
101403584 3.22
101404944 3.22
101406304 3.21
101407664 3.21
101409024 3.21
101410384 3.21
101411744 3.22
101413104 3.22
101414464 3.25
101415824 3.26
101417184 3.26
101418544 3.25
101419904 3.23
101421264 3.22
101422624 3.22
101423984 3.21
101425344 3.21
101426704 3.21
101428064 3.22
101429424 3.22
101430784 3.25
101432144 3.26
101433504 3.26
101434864 3.26
101436224 3.24
101437584 3.22
101438944 3.22
101440304 3.21
101441664 3.21
101443024 3.22
101444384 3.22
101445744 3.22
101447104 3.24
101448464 3.26
101449824 3.26
101451184 3.26
101452544 3.24
101453904 3.22
101455264 3.22
101456624 3.21
101457984 3.21
101459344 3.21
101460704 3.21
101462064 3.22
101463424 3.23
101464784 3.25
101466144 3.26
101467504 3.26
101468864 3.25
101470232 3.22
101471584 3.22
101472944 3.22
101474312 3.21
101475664 3.21
101477024 3.22
101478384 3.22
101479744 3.23
101481104 3.25
101482464 3.26
101483824 3.26
101485184 3.25
101486544 3.23
101487904 3.22
101489264 3.22
101490624 3.21
101491984 3.21
101493344 3.21
101494704 3.21
101496064 3.22
101497424 3.24
101498784 3.25
101500144 3.26
101501504 3.25
101502864 3.23
101504224 3.22
101505584 3.21
101506944 3.21
101508304 3.21
101509664 3.21
101511024 3.22
101512384 3.22
101513744 3.24
101515104 3.25
101516464 3.26
101517824 3.26
101519184 3.24
101520544 3.22
101521904 3.22
101523264 3.21
101524624 3.21
101525984 3.21
101527344 3.21
101528704 3.21
101530064 3.22
101531424 3.25
101532784 3.26
101534144 3.26
101535504 3.24
101536864 3.22
101538224 3.21
101539584 3.21
101540944 3.20
101542304 3.21
101543664 3.21
101545024 3.22
101546384 3.23
101547744 3.25
101549104 3.26
101550464 3.26
101551824 3.25
101553184 3.22
101554544 3.22
101555904 3.22
101557272 3.21
101558624 3.21
101559984 3.22
101561352 3.22
101562704 3.22
101564064 3.24
101565424 3.25
101566784 3.25
101568144 3.24
101569504 3.22
101570864 3.21
101572224 3.21
101573584 3.21
101574944 3.21
101576304 3.21
101577664 3.21
101579024 3.21
101580384 3.23
101581744 3.25
101583104 3.25
101584464 3.25
101585824 3.23
101587184 3.22
101588544 3.22
101589904 3.21
101591264 3.21
101592624 3.21
101593984 3.22
101595344 3.22
101596704 3.24
101598064 3.25
101599424 3.26
101600784 3.26
101602144 3.24
101603504 3.22
101604864 3.21
101606224 3.21
101607584 3.21
101608944 3.21
101610304 3.21
101611664 3.22
101613024 3.23
101614384 3.24
101615744 3.25
101617104 3.25
101618464 3.24
101619824 3.22
101621184 3.21
101622544 3.21
101623904 3.21
101625264 3.22
101626624 3.22
101627984 3.22
101629344 3.22
101630704 3.25
101632064 3.25
101633424 3.26
101634784 3.24
101636144 3.23
101637504 3.22
101638864 3.22
101640224 3.21
101641584 3.21
101642944 3.22
101644312 3.22
101645664 3.22
101647024 3.24
101648392 3.25
101649744 3.26
101651104 3.25
101652464 3.23
101653824 3.21
101655184 3.21
101656544 3.21
101657904 3.21
101659264 3.21
101660624 3.22
101661984 3.22
101663344 3.23
101664704 3.25
101666064 3.25
101667424 3.25
101668784 3.23
101670144 3.22
101671504 3.21
101672864 3.21
101674224 3.21
101675584 3.21
101676944 3.21
101678304 3.21
101679664 3.23
101681024 3.24
101682384 3.25
101683744 3.25
101685104 3.23
101686464 3.21
101687824 3.21
101689184 3.21
101690544 3.21
101691904 3.21
101693264 3.22
101694624 3.22
101695984 3.23
101697344 3.25
101698704 3.25
101700064 3.25
101701424 3.24
101702784 3.22
101704144 3.21
101705504 3.21
101706864 3.21
101708224 3.21
101709584 3.22
101710944 3.22
101712304 3.22
101713664 3.24
101715024 3.24
101716384 3.24
101717744 3.23
101719104 3.22
101720464 3.21
101721824 3.21
101723184 3.20
101724544 3.20
101725904 3.20
101727264 3.21
101728624 3.21
101729984 3.23
101731352 3.25
101732704 3.25
101734064 3.24
101735432 3.23
101736784 3.21
101738144 3.21
101739504 3.21
101740864 3.21
101742224 3.21
101743584 3.22
101744944 3.22
101746304 3.23
101747664 3.25
101749024 3.25
101750384 3.25
101751744 3.23
101753104 3.21
101754464 3.21
101755824 3.21
101757184 3.20
101758544 3.21
101759904 3.21
101761264 3.21
101762624 3.22
101763984 3.24
101765344 3.25
101766704 3.24
101768064 3.23
101769424 3.21
101770784 3.21
101772144 3.21
101773504 3.21
101774864 3.21
101776224 3.22
101777584 3.22
101778944 3.23
101780304 3.24
101781664 3.25
101783024 3.24
101784384 3.23
101785744 3.22
101787104 3.21
101788464 3.21
101789824 3.21
101791184 3.21
101792544 3.21
101793904 3.21
101795264 3.22
101796624 3.23
101797984 3.25
101799344 3.25
101800704 3.24
101802064 3.23
101803424 3.21
101804784 3.21
101806144 3.21
101807504 3.20
101808864 3.21
101810224 3.21
101811584 3.22
101812944 3.23
101814304 3.24
101815664 3.25
101817024 3.24
101818392 3.22
101819744 3.21
101821104 3.20
101822472 3.21
101823824 3.20
101825184 3.21
101826544 3.21
101827904 3.21
101829264 3.22
101830624 3.23
101831984 3.24
101833344 3.24
101834704 3.23
101836064 3.21
101837424 3.21
101838784 3.21
101840144 3.21
101841504 3.21
101842864 3.21
101844224 3.21
101845584 3.22
101846944 3.23
101848304 3.24
101849664 3.24
101851024 3.24
101852384 3.22
101853744 3.21
101855104 3.21
101856464 3.20
101857824 3.20
101859184 3.21
101860544 3.21
101861904 3.21
101863264 3.23
101864624 3.24
101865984 3.24
101867344 3.23
101868704 3.21
101870064 3.20
101871424 3.19
101872784 3.20
101874144 3.19
101875504 3.20
101876864 3.20
101878224 3.20
101879584 3.22
101880944 3.23
101882304 3.24
101883664 3.23
101885024 3.22
101886384 3.20
101887744 3.20
101889104 3.20
101890464 3.20
101891824 3.20
101893184 3.20
101894544 3.20
101895904 3.22
