22
3145140 3.23
3146332 3.22
3147520 3.22
3148712 3.22
3149900 3.22
3151092 3.22
3152280 3.21
3153472 3.22
3154660 3.22
3155852 3.21
3157040 3.22
3158232 3.21
3159420 3.22
3160612 3.22
3161800 3.21
3162992 3.22
3164184 3.21
3165372 3.22
3166560 3.21
3167752 3.21
3168940 3.21
3170132 3.21
3171320 3.21
3172512 3.21
3173700 3.21
3174892 3.21
3176080 3.21
3177272 3.21
3178460 3.21
3179652 3.21
3180840 3.21
3182032 3.21
3183220 3.21
3184412 3.21
3185600 3.20
3186792 3.21
3187980 3.21
3189172 3.21
3190360 3.21
3191552 3.21
3192740 3.22
3193932 3.20
3195120 3.21
3196312 3.21
3197500 3.20
3198692 3.21
3199880 3.20
3201072 3.20
3202260 3.20
3203452 3.20
3204640 3.21
3205832 3.20
3207020 3.20
3208216 3.20
3209400 3.20
3210592 3.21
3211780 3.20
3212972 3.20
3214160 3.20
3215352 3.20
3216540 3.21
3217732 3.20
3218920 3.20
3220112 3.20
3221300 3.20
3222492 3.21
3223680 3.20
3224872 3.20
3226060 3.20
3227252 3.20
3228440 3.21
3229632 3.21
3230820 3.21
3232012 3.21
3233200 3.21
3234392 3.21
3235580 3.21
3236772 3.22
3237960 3.22
3239152 3.21
3240340 3.22
3241532 3.21
3242720 3.22
3243912 3.22
3245100 3.22
3246292 3.22
3247480 3.21
3248672 3.21
3249860 3.21
3251052 3.21
3252248 3.21
3253432 3.21
3254620 3.21
3255812 3.21
3257000 3.21
3258192 3.22
3259380 3.21
3260572 3.21
3261760 3.21
3262952 3.21
3264140 3.22
3265332 3.21
3266520 3.22
3267712 3.21
3268900 3.21
3270092 3.21
3271280 3.21
3272472 3.21
3273660 3.21
3274852 3.21
3276040 3.22
3277232 3.21
3278420 3.21
3279612 3.21
3280800 3.21
3281992 3.21
3283180 3.21
3284372 3.21
3285560 3.21
3286752 3.20
3287940 3.21
3289132 3.21
3290320 3.21
3291512 3.21
3292700 3.21
3293892 3.21
3295080 3.21
3296276 3.21
3297460 3.21
3298652 3.21
3299840 3.21
3301032 3.21
3302220 3.21
3303412 3.21
3304600 3.21
3305792 3.21
3306980 3.21
3308172 3.21
3309360 3.21
3310552 3.21
3311740 3.22
3312932 3.21
3314120 3.21
3315312 3.21
3316500 3.21
3317692 3.21
3318880 3.21
3320072 3.21
3321260 3.21
3322452 3.21
3323640 3.21
3324832 3.21
3326020 3.21
3327212 3.21
3328400 3.21
3329592 3.21
3330780 3.21
3331972 3.21
3333160 3.22
3334352 3.21
3335540 3.22
3336732 3.21
3337920 3.21
3339112 3.21
3340308 3.21
3341492 3.21
3342680 3.21
3343872 3.21
3345060 3.21
3346252 3.21
3347440 3.21
3348632 3.21
3349820 3.21
3351012 3.21
3352200 3.21
3353392 3.21
3354580 3.21
3355772 3.21
3356960 3.21
3358152 3.21
3359340 3.21
3360532 3.21
3361720 3.21
3362912 3.21
3364100 3.21
3365292 3.21
3366480 3.21
3367672 3.21
3368860 3.21
3370052 3.21
3371240 3.21
3372432 3.21
3373620 3.21
3374812 3.21
3376000 3.21
3377192 3.21
3378380 3.21
3379572 3.21
3380760 3.21
3381952 3.21
3383140 3.21
3384340 3.21
3385520 3.21
3386712 3.21
3387900 3.21
3389092 3.21
3390280 3.21
3391472 3.21
3392660 3.21
3393852 3.21
3395040 3.22
3396232 3.22
3397420 3.21
3398612 3.22
3399800 3.21
3400992 3.22
3402180 3.22
3403372 3.21
3404560 3.22
3405752 3.21
3406940 3.22
3408132 3.22
3409320 3.22
3410512 3.22
3411700 3.22
3412892 3.23
3414080 3.22
3415272 3.22
3416460 3.22
3417652 3.22
3418840 3.22
3420032 3.21
3421220 3.21
3422412 3.21
3423600 3.21
3424792 3.21
3425980 3.21
3427172 3.21
3428368 3.21
3429552 3.21
3430740 3.21
3431932 3.21
3433120 3.21
3434312 3.21
3435500 3.21
3436692 3.21
3437880 3.21
3439072 3.21
3440260 3.21
3441452 3.21
3442640 3.21
3443832 3.21
3445020 3.21
3446212 3.21
3447400 3.21
3448592 3.21
3449780 3.21
3450972 3.21
3452160 3.21
3453352 3.21
3454540 3.21
3455732 3.21
3456920 3.21
3458112 3.21
3459300 3.21
3460492 3.21
3461680 3.21
3462872 3.21
3464060 3.22
3465252 3.21
3466440 3.21
3467632 3.21
3468820 3.21
3470012 3.21
3471200 3.21
3472396 3.21
3473580 3.21
3474772 3.21
3475960 3.21
3477152 3.21
3478340 3.21
3479532 3.21
3480720 3.21
3481912 3.21
3483100 3.21
3484292 3.21
3485480 3.21
3486672 3.21
3487860 3.21
3489052 3.21
3490240 3.21
3491432 3.21
3492620 3.21
3493812 3.21
3495000 3.21
3496192 3.21
3497380 3.21
3498572 3.21
3499760 3.21
3500952 3.21
3502140 3.21
3503332 3.21
3504520 3.21
3505712 3.21
3506900 3.21
3508092 3.21
3509280 3.21
3510472 3.21
3511660 3.21
3512852 3.21
3514040 3.21
3515232 3.21
3516428 3.21
3517612 3.21
3518800 3.21
3519992 3.21
3521180 3.21
3522372 3.21
3523560 3.21
3524752 3.20
3525940 3.21
3527132 3.21
3528320 3.20
3529512 3.21
3530700 3.21
3531892 3.20
3533080 3.21
3534272 3.20
3535460 3.21
3536652 3.20
3537840 3.21
3539032 3.21
3540220 3.20
3541412 3.21
3542600 3.21
3543792 3.21
3544980 3.21
3546172 3.21
3547360 3.22
3548552 3.21
3549740 3.21
3550932 3.21
3552120 3.21
3553312 3.21
3554500 3.21
3555692 3.21
3556880 3.21
3558072 3.21
3559260 3.21
3560460 3.21
3561640 3.21
3562832 3.21
3564020 3.21
3565212 3.21
3566400 3.21
3567592 3.21
3568780 3.21
3569972 3.21
3571160 3.21
3572352 3.21
3573540 3.21
3574732 3.21
3575920 3.21
3577112 3.21
3578300 3.21
3579492 3.21
3580680 3.22
3581872 3.21
3583060 3.22
3584252 3.21
3585440 3.21
3586632 3.21
3587820 3.21
3589012 3.21
3590200 3.21
3591392 3.21
3592580 3.21
3593772 3.21
3594960 3.21
3596152 3.21
3597340 3.22
3598532 3.21
3599720 3.21
3600912 3.21
3602100 3.21
3603292 3.21
3604488 3.21
3605672 3.21
3606860 3.22
3608052 3.21
3609240 3.21
3610432 3.22
3611620 3.21
3612812 3.21
3614000 3.22
3615192 3.21
3616380 3.21
3617572 3.21
3618760 3.21
3619952 3.21
3621140 3.21
3622332 3.21
3623520 3.21
3624712 3.21
3625900 3.21
3627092 3.21
3628280 3.21
3629472 3.21
3630660 3.21
3631852 3.21
3633040 3.21
3634232 3.21
3635420 3.21
3636612 3.21
3637800 3.21
3638992 3.21
3640180 3.21
3641372 3.21
3642560 3.21
3643752 3.21
3644940 3.22
3646132 3.21
3647320 3.21
3648516 3.21
3649700 3.21
3650892 3.21
3652080 3.21
3653272 3.21
3654460 3.21
3655652 3.21
3656840 3.21
3658032 3.21
3659220 3.21
3660412 3.21
3661600 3.21
3662792 3.21
3663980 3.21
3665172 3.21
3666360 3.21
3667552 3.21
3668740 3.21
3669932 3.21
3671120 3.21
3672312 3.21
3673500 3.21
3674692 3.21
3675880 3.21
3677072 3.21
3678260 3.21
3679452 3.21
3680640 3.21
3681832 3.22
3683020 3.21
3684212 3.21
3685400 3.21
3686592 3.21
3687780 3.21
3688972 3.21
3690160 3.21
3691352 3.21
3692540 3.21
3693732 3.21
3694920 3.21
3696112 3.21
3697300 3.21
3698492 3.21
3699680 3.21
3700872 3.21
3702060 3.21
3703252 3.21
3704440 3.21
3705632 3.22
3706820 3.21
3708012 3.21
3709200 3.21
3710392 3.21
3711580 3.21
3712772 3.21
3713960 3.21
3715152 3.21
3716340 3.21
3717532 3.21
3718720 3.21
3719912 3.21
3721100 3.21
3722292 3.21
3723480 3.21
3724672 3.21
3725860 3.21
3727052 3.21
3728240 3.21
3729432 3.21
3730620 3.21
3731812 3.21
3733000 3.21
3734192 3.21
3735380 3.21
3736572 3.21
3737760 3.21
3738952 3.21
3740140 3.21
3741332 3.21
3742520 3.21
3743712 3.21
3744900 3.21
3746092 3.21
3747280 3.21
3748472 3.21
3749660 3.21
3750852 3.21
3752040 3.21
3753232 3.21
3754420 3.21
3755612 3.21
3756800 3.21
3757992 3.21
3759180 3.21
3760372 3.21
3761560 3.21
3762752 3.21
3763940 3.21
3765132 3.21
3766320 3.21
3767512 3.21
3768700 3.21
3769892 3.20
3771080 3.20
3772272 3.20
3773464 3.21
3774652 3.21
3775840 3.21
3777032 3.21
3778220 3.21
3779412 3.21
3780600 3.21
3781792 3.21
3782980 3.21
3784172 3.21
3785360 3.21
3786552 3.21
3787740 3.21
3788932 3.21
3790120 3.21
3791312 3.21
3792500 3.21
3793692 3.21
3794880 3.21
3796072 3.21
3797260 3.21
3798452 3.21
3799640 3.21
3800832 3.21
3802020 3.21
3803212 3.21
3804400 3.21
3805592 3.21
3806780 3.21
3807972 3.21
3809160 3.21
3810352 3.21
3811540 3.21
3812732 3.21
3813920 3.21
3815112 3.21
3816300 3.21
3817496 3.21
3818680 3.21
3819872 3.21
3821060 3.21
3822252 3.21
3823440 3.21
3824632 3.21
3825820 3.21
3827012 3.21
3828200 3.21
3829392 3.21
3830580 3.21
3831772 3.21
3832960 3.21
3834152 3.21
3835340 3.21
3836532 3.21
3837720 3.21
3838912 3.21
3840100 3.21
3841292 3.21
3842480 3.21
3843672 3.21
3844860 3.21
3846052 3.22
3847240 3.21
3848432 3.21
3849620 3.21
3850812 3.21
3852000 3.21
3853192 3.21
3854380 3.21
3855572 3.21
3856760 3.21
3857952 3.21
3859140 3.21
3860332 3.21
3861528 3.21
3862712 3.21
3863900 3.21
3865092 3.21
3866280 3.21
3867472 3.21
3868660 3.21
3869852 3.21
3871040 3.21
3872232 3.21
3873420 3.21
3874612 3.21
3875800 3.21
3876992 3.21
3878180 3.21
3879372 3.21
3880560 3.21
3881752 3.21
3882940 3.21
3884132 3.21
3885320 3.21
3886512 3.21
3887700 3.21
3888892 3.21
3890080 3.21
3891272 3.21
3892460 3.21
3893652 3.21
3894840 3.22
3896032 3.22
3897220 3.21
3898412 3.21
3899600 3.21
3900792 3.21
3901980 3.22
3903172 3.22
3904360 3.21
3905556 3.21
3906740 3.22
3907932 3.21
3909120 3.21
3910312 3.21
3911500 3.22
3912692 3.22
3913880 3.22
3915072 3.22
3916260 3.22
3917452 3.22
3918640 3.22
3919832 3.22
3921020 3.22
3922212 3.23
3923400 3.23
3924592 3.23
3925780 3.23
3926972 3.22
3928160 3.22
3929352 3.22
3930540 3.23
3931732 3.23
3932920 3.22
3934112 3.22
3935300 3.22
3936492 3.22
3937680 3.22
3938872 3.22
3940060 3.22
3941252 3.22
3942440 3.22
3943632 3.22
3944820 3.23
3946012 3.23
3947200 3.23
3948392 3.23
3949588 3.23
3950772 3.23
3951960 3.23
3953152 3.23
3954340 3.23
3955532 3.24
3956720 3.23
3957912 3.23
3959100 3.24
3960292 3.24
3961480 3.24
3962672 3.24
3963860 3.24
3965052 3.24
3966240 3.24
3967432 3.25
3968620 3.24
3969812 3.24
3971000 3.24
3972192 3.24
3973380 3.23
3974572 3.24
3975760 3.23
3976952 3.24
3978140 3.24
3979332 3.24
3980520 3.23
3981712 3.24
3982900 3.23
3984092 3.23
3985280 3.23
3986472 3.23
3987660 3.23
3988852 3.23
3990040 3.23
3991232 3.23
3992420 3.23
3993620 3.23
