020 3.21
75045292 3.22
75046568 3.21
75047844 3.22
75049120 3.21
75050392 3.22
75051668 3.21
75052944 3.22
75054220 3.21
75055492 3.21
75056768 3.21
75058044 3.22
75059320 3.21
75060592 3.22
75061868 3.21
75063144 3.22
75064420 3.21
75065692 3.22
75066968 3.21
75068244 3.22
75069520 3.21
75070792 3.22
75072068 3.21
75073344 3.22
75074620 3.21
75075892 3.22
75077168 3.21
75078444 3.22
75079720 3.22
75080992 3.22
75082268 3.22
75083544 3.22
75084824 3.21
75086092 3.22
75087368 3.21
75088644 3.22
75089920 3.21
75091192 3.21
75092468 3.21
75093744 3.21
75095020 3.21
75096292 3.21
75097568 3.21
75098844 3.21
75100120 3.21
75101392 3.21
75102668 3.21
75103944 3.22
75105220 3.21
75106492 3.21
75107768 3.21
75109044 3.22
75110320 3.21
75111592 3.22
75112868 3.21
75114144 3.22
75115420 3.22
75116692 3.22
75117968 3.21
75119244 3.22
75120520 3.21
75121792 3.21
75123068 3.22
75124344 3.21
75125620 3.21
75126892 3.21
75128168 3.21
75129444 3.21
75130720 3.21
75131992 3.21
75133268 3.21
75134544 3.21
75135820 3.21
75137092 3.21
75138368 3.21
75139644 3.21
75140920 3.21
75142192 3.21
75143468 3.21
75144744 3.21
75146020 3.21
75147292 3.21
75148568 3.21
75149844 3.21
75151120 3.21
75152400 3.21
75153668 3.21
75154944 3.21
75156220 3.21
75157492 3.21
75158768 3.21
75160044 3.21
75161320 3.21
75162592 3.21
75163868 3.21
75165144 3.21
75166420 3.21
75167692 3.21
75168968 3.21
75170244 3.21
75171520 3.21
75172792 3.21
75174068 3.21
75175344 3.21
75176620 3.21
75177892 3.21
75179168 3.21
75180444 3.21
75181720 3.21
75182992 3.21
75184268 3.21
75185544 3.21
75186820 3.21
75188092 3.21
75189368 3.21
75190644 3.21
75191920 3.21
75193192 3.22
75194468 3.22
75195744 3.22
75197020 3.22
75198292 3.22
75199568 3.22
75200844 3.23
75202120 3.22
75203392 3.22
75204668 3.22
75205944 3.22
75207220 3.22
75208492 3.22
75209768 3.22
75211044 3.22
75212320 3.22
75213592 3.22
75214872 3.21
75216144 3.22
75217420 3.21
75218692 3.21
75219976 3.21
75221244 3.21
75222520 3.21
75223792 3.21
75225068 3.21
75226344 3.21
75227620 3.21
75228892 3.21
75230168 3.21
75231444 3.21
75232720 3.21
75233992 3.21
75235268 3.21
75236544 3.21
75237820 3.21
75239092 3.21
75240368 3.21
75241644 3.22
75242920 3.21
75244192 3.22
75245468 3.22
75246744 3.21
75248020 3.22
75249292 3.22
75250568 3.22
75251844 3.22
75253120 3.22
75254392 3.22
75255668 3.22
75256944 3.22
75258220 3.21
75259492 3.21
75260768 3.21
75262044 3.22
75263320 3.21
75264592 3.22
75265868 3.21
75267144 3.21
75268420 3.22
75269692 3.21
75270968 3.21
75272244 3.22
75273520 3.21
75274792 3.22
75276068 3.21
75277344 3.21
75278620 3.21
75279892 3.21
75281168 3.21
75282448 3.21
75283720 3.21
75284992 3.22
75286268 3.21
75287544 3.22
75288820 3.21
75290092 3.21
75291368 3.21
75292644 3.21
75293920 3.21
75295192 3.21
75296468 3.21
75297744 3.21
75299020 3.21
75300292 3.21
75301568 3.21
75302844 3.21
75304120 3.21
75305392 3.21
75306668 3.21
75307944 3.21
75309220 3.21
75310492 3.21
75311768 3.21
75313044 3.21
75314320 3.21
75315592 3.21
75316868 3.22
75318144 3.22
75319420 3.21
75320692 3.22
75321968 3.22
75323244 3.22
75324520 3.21
75325792 3.22
75327068 3.22
75328344 3.22
75329620 3.22
75330892 3.21
75332168 3.21
75333444 3.22
75334720 3.22
75335992 3.22
75337268 3.21
75338544 3.22
75339820 3.22
75341092 3.22
75342368 3.22
75343644 3.22
75344920 3.22
75346192 3.22
75347468 3.22
75348744 3.22
75350024 3.22
75351292 3.22
75352568 3.22
75353844 3.22
75355120 3.22
75356392 3.22
75357668 3.22
75358944 3.22
75360220 3.22
75361492 3.22
75362768 3.22
75364044 3.22
75365320 3.22
75366592 3.22
75367868 3.22
75369144 3.22
75370420 3.22
75371692 3.22
75372968 3.22
75374244 3.22
75375520 3.21
75376792 3.22
75378068 3.22
75379344 3.22
75380620 3.22
75381892 3.22
75383168 3.22
75384444 3.22
75385720 3.22
75386992 3.21
75388268 3.22
75389544 3.21
75390820 3.22
75392092 3.21
75393368 3.21
75394644 3.22
75395920 3.21
75397192 3.21
75398468 3.21
75399744 3.21
75401020 3.21
75402292 3.21
75403568 3.21
75404844 3.22
75406120 3.21
75407392 3.21
75408668 3.22
75409944 3.21
75411220 3.21
75412500 3.21
75413768 3.21
75415044 3.21
75416320 3.21
75417592 3.22
75418868 3.22
75420144 3.22
75421420 3.22
75422692 3.21
75423968 3.21
75425244 3.21
75426520 3.22
75427792 3.21
75429068 3.21
75430344 3.21
75431620 3.21
75432892 3.21
75434168 3.22
75435444 3.22
75436720 3.22
75437992 3.22
75439268 3.22
75440544 3.22
75441820 3.22
75443092 3.21
75444368 3.21
75445644 3.21
75446920 3.22
75448192 3.22
75449468 3.22
75450744 3.22
75452020 3.22
75453292 3.22
75454568 3.22
75455844 3.22
75457120 3.22
75458392 3.22
75459668 3.21
75460944 3.21
75462220 3.21
75463492 3.21
75464768 3.21
75466044 3.21
75467320 3.21
75468592 3.21
75469868 3.21
75471144 3.21
75472420 3.21
75473692 3.21
75474968 3.21
75476244 3.21
75477520 3.21
75478792 3.22
75480076 3.21
75481344 3.21
75482620 3.21
75483892 3.21
75485168 3.21
75486444 3.21
75487720 3.21
75488992 3.21
75490268 3.22
75491544 3.21
75492820 3.21
75494092 3.21
75495368 3.22
75496644 3.21
75497920 3.21
75499192 3.22
75500468 3.21
75501744 3.21
75503020 3.21
75504292 3.21
75505568 3.21
75506844 3.21
75508120 3.21
75509392 3.21
75510668 3.21
75511944 3.21
75513220 3.21
75514492 3.21
75515768 3.21
75517044 3.21
75518320 3.22
75519592 3.22
75520868 3.22
75522144 3.21
75523420 3.21
75524692 3.21
75525968 3.21
75527244 3.21
75528520 3.22
75529792 3.21
75531068 3.22
75532344 3.21
75533620 3.21
75534892 3.21
75536168 3.22
75537444 3.21
75538720 3.21
75539992 3.21
75541268 3.21
75542548 3.21
75543820 3.21
75545092 3.21
75546368 3.21
75547644 3.21
75548920 3.21
75550192 3.21
75551468 3.21
75552744 3.21
75554020 3.21
75555292 3.21
75556568 3.21
75557844 3.21
75559120 3.21
75560392 3.21
75561668 3.21
75562944 3.21
75564220 3.22
75565492 3.21
75566768 3.22
75568044 3.21
75569320 3.21
75570592 3.22
75571868 3.22
75573144 3.21
75574420 3.21
75575692 3.21
75576968 3.22
75578244 3.21
75579520 3.21
75580792 3.21
75582068 3.21
75583344 3.22
75584620 3.22
75585892 3.21
75587168 3.22
75588444 3.21
75589720 3.22
75590992 3.21
75592268 3.21
75593544 3.21
75594820 3.22
75596092 3.21
75597368 3.22
75598644 3.22
75599920 3.21
75601192 3.22
75602468 3.22
75603744 3.22
75605020 3.22
75606292 3.22
75607568 3.21
75608844 3.21
75610124 3.21
75611392 3.22
75612668 3.21
75613944 3.22
75615220 3.22
75616492 3.22
75617768 3.22
75619044 3.22
75620320 3.22
75621592 3.22
75622868 3.22
75624144 3.21
75625420 3.21
75626692 3.21
75627968 3.21
75629244 3.21
75630520 3.21
75631792 3.21
75633068 3.21
75634344 3.21
75635620 3.21
75636892 3.21
75638168 3.21
75639444 3.21
75640720 3.21
75641992 3.21
75643268 3.21
75644544 3.21
75645820 3.21
75647092 3.21
75648368 3.21
75649644 3.21
75650920 3.21
75652192 3.21
75653468 3.21
75654744 3.21
75656020 3.21
75657292 3.21
75658568 3.21
75659844 3.21
75661120 3.21
75662392 3.21
75663668 3.21
75664944 3.21
75666220 3.22
75667492 3.21
75668768 3.22
75670044 3.21
75671320 3.21
75672600 3.21
75673868 3.22
75675144 3.21
75676420 3.22
75677692 3.21
75678968 3.21
75680244 3.21
75681520 3.21
75682792 3.21
75684068 3.21
75685344 3.21
75686620 3.22
75687892 3.21
75689168 3.21
75690444 3.21
75691720 3.22
75692992 3.22
75694268 3.21
75695544 3.22
75696820 3.21
75698092 3.21
75699368 3.21
75700644 3.22
75701920 3.21
75703192 3.22
75704468 3.21
75705744 3.21
75707020 3.21
75708292 3.21
75709568 3.21
75710844 3.21
75712120 3.21
75713392 3.21
75714668 3.21
75715944 3.21
75717220 3.22
75718492 3.22
75719768 3.22
75721044 3.22
75722320 3.22
75723592 3.22
75724868 3.22
75726144 3.21
75727420 3.22
75728692 3.22
75729968 3.22
75731244 3.22
75732520 3.22
75733792 3.22
75735068 3.22
75736344 3.22
75737620 3.22
75738892 3.21
75740176 3.21
75741444 3.22
75742720 3.22
75743992 3.22
75745268 3.21
75746544 3.21
75747820 3.21
75749092 3.21
75750368 3.21
75751644 3.22
75752920 3.22
75754192 3.22
75755468 3.21
75756744 3.22
75758020 3.21
75759292 3.21
75760568 3.21
75761844 3.21
75763120 3.21
75764392 3.21
75765668 3.22
75766944 3.21
75768220 3.22
75769492 3.22
75770768 3.21
75772044 3.21
75773320 3.21
75774592 3.22
75775868 3.22
75777144 3.21
75778420 3.22
75779692 3.22
75780968 3.22
75782244 3.22
75783520 3.22
75784792 3.22
75786068 3.22
75787344 3.22
75788620 3.22
75789892 3.22
75791168 3.22
75792444 3.22
75793720 3.22
75794992 3.22
75796268 3.22
75797544 3.22
75798820 3.22
75800092 3.22
75801368 3.22
75802648 3.22
75803920 3.22
75805192 3.22
75806468 3.22
75807748 3.21
75809020 3.22
75810292 3.22
75811568 3.22
75812844 3.22
75814120 3.22
75815392 3.22
75816668 3.21
75817944 3.22
75819220 3.22
75820492 3.21
75821768 3.22
75823044 3.21
75824320 3.21
75825592 3.21
75826868 3.21
75828144 3.21
75829420 3.21
75830692 3.21
75831968 3.21
75833244 3.21
75834520 3.21
75835792 3.21
75837068 3.21
75838344 3.21
75839620 3.21
75840892 3.21
75842168 3.21
75843444 3.21
75844720 3.21
75845992 3.21
75847268 3.21
75848544 3.21
75849820 3.22
75851092 3.21
75852368 3.22
75853644 3.22
75854920 3.22
75856192 3.22
75857468 3.22
75858744 3.21
75860020 3.21
75861292 3.21
75862568 3.21
75863844 3.21
75865120 3.21
75866392 3.21
75867668 3.21
75868944 3.21
75870224 3.21
75871492 3.21
75872768 3.21
75874044 3.21
75875320 3.21
75876592 3.21
75877868 3.21
75879144 3.21
75880420 3.21
75881692 3.21
75882968 3.22
75884244 3.22
75885520 3.22
75886792 3.22
75888068 3.22
75889344 3.22
75890620 3.22
75891892 3.22
75893168 3.22
