22
2985884 3.22
2987076 3.22
2988264 3.22
2989456 3.22
2990644 3.22
2991836 3.22
2993024 3.22
2994216 3.22
2995404 3.22
2996596 3.22
2997784 3.22
2998976 3.22
3000164 3.22
3001360 3.22
3002544 3.22
3003736 3.22
3004924 3.22
3006116 3.21
3007304 3.22
3008496 3.22
3009684 3.22
3010876 3.22
3012064 3.22
3013256 3.22
3014444 3.22
3015636 3.22
3016824 3.22
3018016 3.22
3019204 3.22
3020396 3.22
3021584 3.22
3022776 3.22
3023964 3.22
3025156 3.22
3026344 3.22
3027536 3.22
3028724 3.22
3029916 3.22
3031104 3.22
3032296 3.22
3033484 3.22
3034676 3.22
3035864 3.22
3037056 3.22
3038244 3.22
3039436 3.22
3040624 3.22
3041816 3.22
3043004 3.22
3044196 3.22
3045392 3.22
3046576 3.22
3047764 3.22
3048956 3.22
3050144 3.22
3051336 3.22
3052524 3.22
3053716 3.22
3054904 3.22
3056096 3.21
3057284 3.22
3058476 3.21
3059664 3.22
3060856 3.21
3062044 3.22
3063236 3.21
3064424 3.21
3065616 3.22
3066804 3.22
3067996 3.22
3069184 3.22
3070376 3.22
3071564 3.22
3072756 3.22
3073944 3.22
3075136 3.22
3076324 3.22
3077516 3.22
3078704 3.22
3079896 3.22
3081084 3.22
3082276 3.22
3083464 3.22
3084656 3.22
3085844 3.23
3087036 3.22
3088224 3.22
3089420 3.22
3090604 3.22
3091796 3.22
3092984 3.22
3094176 3.22
3095364 3.22
3096556 3.22
3097744 3.23
3098936 3.22
3100124 3.22
3101316 3.23
3102504 3.22
3103696 3.22
3104884 3.22
3106076 3.22
3107264 3.22
3108456 3.22
3109644 3.22
3110836 3.22
3112024 3.22
3113216 3.22
3114404 3.22
3115596 3.22
3116784 3.22
3117976 3.22
3119164 3.22
3120356 3.22
3121544 3.21
3122736 3.22
3123924 3.21
3125116 3.22
3126304 3.22
3127496 3.22
3128684 3.22
3129876 3.22
3131064 3.22
3132256 3.22
3133452 3.22
3134636 3.21
3135824 3.22
3137016 3.22
3138204 3.21
3139396 3.22
3140584 3.21
3141776 3.21
3142964 3.22
3144156 3.21
3145344 3.22
3146536 3.22
3147724 3.22
3148916 3.22
3150104 3.22
3151296 3.22
3152484 3.22
3153676 3.22
3154864 3.22
3156056 3.22
3157244 3.22
3158436 3.22
3159624 3.22
3160816 3.22
3162004 3.22
3163196 3.22
3164384 3.22
3165576 3.22
3166764 3.22
3167956 3.22
3169144 3.22
3170336 3.22
3171524 3.22
3172716 3.22
3173904 3.22
3175096 3.22
3176284 3.22
3177480 3.22
3178664 3.22
3179856 3.22
3181044 3.22
3182236 3.22
3183424 3.22
3184616 3.22
3185804 3.22
3186996 3.21
3188184 3.22
3189376 3.22
3190564 3.22
3191756 3.22
3192944 3.22
3194136 3.22
3195324 3.22
3196516 3.22
3197704 3.22
3198896 3.22
3200084 3.22
3201276 3.22
3202464 3.22
3203656 3.22
3204844 3.22
3206036 3.22
3207224 3.22
3208416 3.22
3209604 3.21
3210796 3.22
3211984 3.22
3213176 3.22
3214364 3.22
3215556 3.22
3216744 3.22
3217936 3.22
3219124 3.22
3220316 3.22
3221512 3.22
3222696 3.22
3223884 3.22
3225076 3.22
3226264 3.22
3227456 3.22
3228644 3.22
3229836 3.22
3231024 3.22
3232216 3.22
3233404 3.22
3234596 3.22
3235784 3.22
3236976 3.22
3238164 3.22
3239356 3.22
3240544 3.22
3241736 3.22
3242924 3.22
3244116 3.22
3245304 3.22
3246496 3.22
3247684 3.22
3248876 3.22
3250064 3.22
3251256 3.22
3252444 3.22
3253636 3.22
3254824 3.22
3256016 3.22
3257204 3.22
3258396 3.22
3259584 3.22
3260776 3.22
3261964 3.22
3263156 3.22
3264344 3.22
3265540 3.22
3266724 3.22
3267916 3.22
3269104 3.22
3270296 3.22
3271484 3.22
3272676 3.22
3273864 3.22
3275056 3.22
3276244 3.22
3277436 3.22
3278624 3.22
3279816 3.22
3281004 3.22
3282196 3.22
3283384 3.22
3284576 3.22
3285764 3.22
3286956 3.22
3288144 3.22
3289336 3.22
3290524 3.22
3291716 3.22
3292904 3.22
3294096 3.22
3295284 3.22
3296476 3.22
3297664 3.22
3298856 3.22
3300044 3.22
3301236 3.22
3302424 3.22
3303616 3.22
3304804 3.22
3305996 3.22
3307184 3.22
3308376 3.22
3309564 3.22
3310756 3.22
3311944 3.22
3313136 3.22
3314324 3.22
3315516 3.22
3316704 3.22
3317896 3.22
3319084 3.22
3320276 3.22
3321464 3.22
3322656 3.22
3323844 3.22
3325036 3.22
3326224 3.22
3327416 3.22
3328604 3.22
3329796 3.22
3330984 3.22
3332176 3.22
3333364 3.22
3334556 3.22
3335744 3.22
3336936 3.23
3338124 3.22
3339316 3.22
3340504 3.22
3341696 3.22
3342884 3.22
3344076 3.22
3345264 3.22
3346456 3.22
3347644 3.22
3348836 3.22
3350024 3.22
3351216 3.22
3352404 3.22
3353596 3.22
3354784 3.22
3355976 3.22
3357164 3.22
3358356 3.22
3359544 3.22
3360736 3.22
3361924 3.22
3363116 3.22
3364304 3.22
3365496 3.21
3366684 3.22
3367876 3.22
3369064 3.22
3370256 3.22
3371444 3.21
3372636 3.21
3373824 3.22
3375016 3.21
3376204 3.21
3377396 3.22
3378584 3.22
3379776 3.21
3380964 3.22
3382156 3.22
3383344 3.22
3384536 3.22
3385724 3.22
3386916 3.22
3388104 3.22
3389296 3.22
3390488 3.22
3391676 3.22
3392864 3.22
3394056 3.22
3395244 3.22
3396436 3.22
3397624 3.22
3398816 3.22
3400004 3.22
3401196 3.22
3402384 3.22
3403576 3.22
3404764 3.23
3405956 3.23
3407144 3.23
3408336 3.23
3409524 3.22
3410716 3.22
3411904 3.22
3413096 3.22
3414284 3.23
3415476 3.22
3416664 3.22
3417856 3.22
3419044 3.22
3420236 3.22
3421424 3.22
3422616 3.22
3423804 3.22
3424996 3.22
3426184 3.22
3427376 3.22
3428564 3.22
3429756 3.22
3430944 3.22
3432136 3.22
3433324 3.22
3434520 3.22
3435704 3.22
3436896 3.22
3438084 3.22
3439276 3.22
3440464 3.22
3441656 3.22
3442844 3.22
3444036 3.22
3445224 3.22
3446416 3.22
3447604 3.22
3448796 3.22
3449984 3.22
3451176 3.22
3452364 3.22
3453556 3.22
3454744 3.22
3455936 3.22
3457124 3.22
3458316 3.22
3459504 3.22
3460696 3.22
3461884 3.22
3463076 3.22
3464264 3.22
3465456 3.22
3466644 3.23
3467836 3.22
3469024 3.22
3470216 3.22
3471404 3.22
3472596 3.22
3473784 3.22
3474976 3.22
3476164 3.22
3477356 3.22
3478552 3.22
3479736 3.22
3480924 3.22
3482116 3.22
3483304 3.22
3484496 3.22
3485684 3.22
3486876 3.22
3488064 3.22
3489256 3.22
3490444 3.22
3491636 3.22
3492824 3.22
3494016 3.22
3495204 3.22
3496396 3.22
3497584 3.22
3498776 3.23
3499964 3.22
3501156 3.22
3502344 3.22
3503536 3.23
3504724 3.22
3505916 3.22
3507104 3.22
3508296 3.22
3509484 3.22
3510676 3.22
3511864 3.22
3513056 3.22
3514244 3.22
3515436 3.22
3516624 3.22
3517816 3.22
3519004 3.22
3520196 3.22
3521384 3.22
3522580 3.22
3523764 3.22
3524956 3.22
3526144 3.22
3527336 3.23
3528524 3.23
3529716 3.22
3530904 3.23
3532096 3.22
3533284 3.23
3534476 3.23
3535664 3.23
3536856 3.22
3538044 3.22
3539236 3.22
3540424 3.22
3541616 3.22
3542804 3.22
3543996 3.21
3545184 3.22
3546376 3.22
3547564 3.22
3548756 3.22
3549944 3.22
3551136 3.22
3552324 3.22
3553516 3.22
3554704 3.22
3555896 3.22
3557084 3.22
3558276 3.22
3559464 3.22
3560656 3.22
3561844 3.22
3563036 3.22
3564224 3.22
3565416 3.22
3566612 3.22
3567796 3.22
3568984 3.22
3570176 3.22
3571364 3.22
3572556 3.22
3573744 3.22
3574936 3.22
3576124 3.22
3577316 3.22
3578504 3.22
3579696 3.22
3580884 3.22
3582076 3.22
3583264 3.22
3584456 3.22
3585644 3.22
3586836 3.22
3588024 3.22
3589216 3.22
3590404 3.22
3591596 3.23
3592784 3.23
3593976 3.23
3595164 3.23
3596356 3.22
3597544 3.23
3598736 3.23
3599924 3.23
3601116 3.23
3602304 3.22
3603496 3.22
3604684 3.22
3605876 3.22
3607064 3.22
3608256 3.22
3609444 3.22
3610640 3.22
3611824 3.22
3613016 3.21
3614204 3.22
3615396 3.21
3616584 3.22
3617776 3.22
3618964 3.22
3620156 3.22
3621344 3.22
3622536 3.22
3623724 3.22
3624916 3.22
3626104 3.21
3627296 3.21
3628484 3.22
3629676 3.21
3630864 3.21
3632056 3.21
3633244 3.21
3634436 3.21
3635624 3.21
3636816 3.21
3638004 3.21
3639196 3.21
3640384 3.21
3641576 3.20
3642764 3.20
3643956 3.21
3645144 3.20
3646336 3.21
3647524 3.20
3648716 3.21
3649904 3.21
3651096 3.21
3652284 3.21
3653476 3.21
3654672 3.21
3655856 3.21
3657044 3.21
3658236 3.21
3659424 3.21
3660616 3.21
3661804 3.22
3662996 3.21
3664184 3.22
3665376 3.22
3666564 3.22
3667756 3.22
3668944 3.22
3670136 3.22
3671324 3.21
3672516 3.21
3673704 3.22
3674896 3.22
3676084 3.22
3677276 3.21
3678464 3.21
3679656 3.22
3680844 3.22
3682036 3.22
3683224 3.22
3684416 3.22
3685604 3.21
3686796 3.21
3687984 3.21
3689176 3.21
3690364 3.21
3691556 3.21
3692744 3.22
3693936 3.22
3695124 3.22
3696316 3.22
3697504 3.22
3698700 3.22
3699884 3.22
3701076 3.22
3702264 3.22
3703456 3.22
3704644 3.22
3705836 3.22
3707024 3.22
3708216 3.22
3709404 3.22
3710596 3.22
3711784 3.22
3712976 3.22
3714164 3.22
3715356 3.22
3716544 3.22
3717736 3.23
3718924 3.22
3720116 3.22
3721304 3.22
3722496 3.22
3723684 3.22
3724876 3.22
3726064 3.22
3727256 3.22
3728444 3.22
3729636 3.22
3730824 3.22
3732016 3.22
3733204 3.22
3734396 3.22
3735584 3.22
3736776 3.22
3737964 3.22
3739156 3.22
3740344 3.21
3741536 3.22
3742732 3.21
3743916 3.21
3745104 3.21
3746296 3.21
3747484 3.21
3748676 3.22
3749864 3.22
3751056 3.21
3752244 3.22
3753436 3.21
3754624 3.22
3755816 3.21
3757004 3.22
3758196 3.21
3759384 3.22
3760576 3.21
3761764 3.21
3762956 3.22
3764144 3.22
3765336 3.22
3766524 3.22
3767716 3.22
3768904 3.22
3770096 3.22
3771284 3.22
3772476 3.22
3773664 3.22
3774856 3.22
3776044 3.22
3777236 3.22
3778424 3.22
3779616 3.22
3780804 3.22
3781996 3.22
3783184 3.23
3784376 3.23
3785564 3.23
3786760 3.22
3787944 3.22
3789136 3.22
3790324 3.22
3791516 3.22
3792704 3.22
3793896 3.22
3795084 3.22
3796276 3.23
3797464 3.23
3798656 3.23
3799844 3.23
3801036 3.23
3802224 3.23
3803416 3.23
3804604 3.23
3805796 3.23
3806984 3.23
3808176 3.23
3809364 3.23
3810556 3.23
3811744 3.23
3812936 3.23
3814124 3.23
3815316 3.23
3816504 3.23
3817696 3.23
3818884 3.23
3820076 3.23
3821264 3.23
3822456 3.24
3823644 3.24
3824836 3.24
3826024 3.24
3827216 3.24
3828404 3.24
3829596 3.24
3830792 3.25
3831976 3.24
3833164 3.24
3834356 3.24
