21
4730952 3.21
4732144 3.21
4733332 3.22
4734524 3.21
4735712 3.22
4736904 3.22
4738096 3.22
4739284 3.22
4740472 3.21
4741664 3.22
4742852 3.21
4744044 3.21
4745240 3.21
4746424 3.20
4747616 3.21
4748804 3.21
4749992 3.21
4751184 3.22
4752372 3.22
4753564 3.22
4754752 3.22
4755944 3.22
4757132 3.22
4758324 3.21
4759512 3.22
4760704 3.21
4761892 3.21
4763084 3.21
4764272 3.21
4765464 3.22
4766652 3.22
4767844 3.22
4769032 3.23
4770224 3.22
4771416 3.22
4772604 3.22
4773792 3.22
4774984 3.22
4776172 3.21
4777364 3.21
4778552 3.21
4779744 3.21
4780932 3.22
4782124 3.21
4783312 3.22
4784504 3.22
4785692 3.22
4786884 3.22
4788072 3.22
4789268 3.22
4790452 3.22
4791644 3.21
4792832 3.21
4794024 3.21
4795212 3.21
4796404 3.21
4797592 3.21
4798784 3.21
4799972 3.21
4801164 3.22
4802352 3.22
4803544 3.22
4804732 3.22
4805924 3.22
4807116 3.22
4808304 3.21
4809492 3.21
4810684 3.21
4811872 3.21
4813064 3.21
4814252 3.21
4815444 3.21
4816632 3.22
4817824 3.21
4819012 3.22
4820204 3.22
4821392 3.22
4822584 3.22
4823772 3.22
4824964 3.22
4826152 3.22
4827344 3.22
4828532 3.22
4829724 3.21
4830912 3.22
4832104 3.21
4833300 3.22
4834484 3.22
4835672 3.22
4836864 3.22
4838056 3.22
4839244 3.22
4840432 3.22
4841624 3.21
4842812 3.21
4844004 3.21
4845192 3.21
4846384 3.21
4847572 3.21
4848764 3.22
4849952 3.22
4851144 3.22
4852332 3.22
4853524 3.21
4854712 3.22
4855904 3.22
4857092 3.21
4858284 3.22
4859472 3.21
4860664 3.21
4861856 3.21
4863044 3.21
4864232 3.21
4865424 3.21
4866612 3.22
4867804 3.22
4868992 3.21
4870184 3.22
4871372 3.21
4872564 3.22
4873752 3.22
4874944 3.21
4876132 3.22
4877328 3.21
4878512 3.21
4879704 3.21
4880896 3.21
4882084 3.22
4883272 3.22
4884464 3.22
4885652 3.22
4886844 3.22
4888032 3.22
4889224 3.22
4890412 3.22
4891604 3.22
4892792 3.21
4893984 3.21
4895172 3.21
4896364 3.21
4897552 3.21
4898744 3.22
4899932 3.22
4901124 3.22
4902312 3.22
4903504 3.22
4904696 3.22
4905884 3.22
4907072 3.21
4908264 3.22
4909452 3.21
4910644 3.21
4911832 3.21
4913024 3.21
4914212 3.21
4915404 3.21
4916592 3.21
4917784 3.22
4918976 3.21
4920164 3.22
4921360 3.22
4922544 3.21
4923732 3.22
4924924 3.21
4926112 3.21
4927304 3.21
4928492 3.21
4929684 3.22
4930872 3.21
4932064 3.21
4933252 3.21
4934444 3.21
4935632 3.22
4936824 3.22
4938012 3.22
4939204 3.22
4940396 3.21
4941584 3.21
4942772 3.21
4943964 3.21
4945152 3.21
4946344 3.22
4947532 3.22
4948724 3.22
4949912 3.22
4951104 3.22
4952292 3.22
4953484 3.22
4954672 3.22
4955864 3.22
4957052 3.22
4958244 3.21
4959436 3.21
4960624 3.21
4961812 3.21
4963004 3.21
4964192 3.21
4965392 3.21
4966576 3.21
4967764 3.21
4968952 3.22
4970144 3.21
4971332 3.22
4972524 3.21
4973712 3.21
4974904 3.21
4976092 3.21
4977284 3.22
4978472 3.21
4979664 3.21
4980852 3.21
4982044 3.21
4983232 3.21
4984424 3.21
4985612 3.21
4986804 3.22
4987992 3.21
4989184 3.22
4990376 3.21
4991564 3.21
4992752 3.21
4993944 3.21
4995132 3.22
4996324 3.21
4997512 3.21
4998704 3.21
4999892 3.21
5001084 3.22
5002272 3.22
5003464 3.22
5004652 3.22
5005844 3.22
5007032 3.22
5008224 3.22
5009420 3.21
5010604 3.21
5011792 3.21
5012984 3.22
5014172 3.21
5015364 3.21
5016552 3.22
5017744 3.22
5018932 3.22
5020124 3.22
5021312 3.22
5022504 3.22
5023692 3.22
5024884 3.22
5026072 3.22
5027264 3.21
5028452 3.21
5029644 3.21
5030832 3.21
5032024 3.21
5033212 3.21
5034404 3.21
5035596 3.21
5036784 3.22
5037972 3.22
5039164 3.21
5040352 3.22
5041544 3.21
5042732 3.21
5043924 3.21
5045112 3.21
5046304 3.21
5047492 3.21
5048684 3.22
5049872 3.22
5051064 3.21
5052252 3.22
5053452 3.22
5054632 3.22
5055824 3.22
5057012 3.21
5058204 3.22
5059396 3.21
5060584 3.21
5061772 3.21
5062964 3.21
5064152 3.21
5065344 3.21
5066532 3.22
5067724 3.22
5068912 3.22
5070104 3.22
5071292 3.22
5072484 3.22
5073672 3.22
5074864 3.22
5076052 3.22
5077244 3.21
5078432 3.21
5079624 3.22
5080812 3.21
5082004 3.21
5083192 3.21
5084384 3.21
5085572 3.21
5086764 3.21
5087952 3.21
5089144 3.21
5090336 3.22
5091524 3.21
5092712 3.21
5093904 3.22
5095092 3.21
5096284 3.22
5097480 3.22
5098664 3.22
5099852 3.22
5101044 3.21
5102232 3.21
5103424 3.21
5104612 3.21
5105804 3.21
5106992 3.21
5108184 3.21
5109372 3.21
5110564 3.21
5111752 3.21
5112944 3.21
5114132 3.21
5115324 3.21
5116512 3.21
5117704 3.21
5118892 3.21
5120084 3.22
5121276 3.22
5122464 3.22
5123652 3.22
5124844 3.22
5126036 3.22
5127224 3.21
5128416 3.21
5129604 3.22
5130796 3.21
5131984 3.22
5133172 3.22
5134364 3.21
5135552 3.22
5136744 3.22
5137932 3.22
5139124 3.22
5140312 3.22
5141512 3.23
5142692 3.22
5143884 3.23
5145072 3.23
5146264 3.22
5147456 3.23
5148644 3.22
5149832 3.22
5151024 3.22
5152212 3.21
5153404 3.21
5154592 3.21
5155784 3.22
5156976 3.22
5158164 3.22
5159352 3.21
5160544 3.22
5161732 3.22
5162924 3.22
5164112 3.22
5165304 3.22
5166492 3.22
5167684 3.22
5168872 3.22
5170064 3.22
5171252 3.22
5172444 3.22
5173632 3.22
5174824 3.22
5176012 3.21
5177204 3.21
5178392 3.21
5179584 3.21
5180772 3.21
5181964 3.21
5183152 3.21
5184344 3.21
5185536 3.21
5186724 3.21
5187912 3.22
5189104 3.22
5190292 3.22
5191484 3.22
5192672 3.21
5193864 3.21
5195052 3.21
5196244 3.21
5197432 3.21
5198624 3.21
5199812 3.21
5201004 3.22
5202192 3.21
5203384 3.22
5204572 3.21
5205764 3.21
5206952 3.21
5208144 3.22
5209332 3.22
5210524 3.21
5211712 3.21
5212904 3.21
5214092 3.22
5215284 3.21
5216476 3.22
5217664 3.22
5218852 3.22
5220044 3.22
5221232 3.22
5222424 3.22
5223616 3.22
5224804 3.22
5225992 3.22
5227184 3.22
5228372 3.22
5229564 3.22
5230752 3.22
5231944 3.22
5233132 3.22
5234324 3.22
5235516 3.22
5236704 3.22
5237892 3.22
5239084 3.22
5240272 3.22
5241464 3.21
5242652 3.21
5243844 3.21
5245036 3.21
5246224 3.21
5247412 3.21
5248604 3.21
5249792 3.22
5250984 3.22
5252172 3.22
5253364 3.21
5254552 3.21
5255744 3.21
5256932 3.22
5258124 3.22
5259316 3.22
5260504 3.22
5261692 3.22
5262884 3.22
5264072 3.22
5265264 3.22
5266456 3.22
5267644 3.22
5268832 3.22
5270024 3.22
5271212 3.22
5272404 3.22
5273592 3.22
5274784 3.22
5275976 3.22
5277164 3.22
5278356 3.22
5279544 3.22
5280736 3.22
5281924 3.22
5283112 3.22
5284304 3.22
5285492 3.22
5286684 3.22
5287872 3.22
5289064 3.22
5290252 3.22
5291444 3.22
5292636 3.22
5293824 3.22
5295012 3.22
5296204 3.22
5297392 3.22
5298584 3.22
5299772 3.22
5300964 3.22
5302152 3.22
5303344 3.22
5304532 3.22
5305724 3.22
5306912 3.22
5308104 3.22
5309296 3.21
5310488 3.21
5311672 3.21
5312864 3.21
5314052 3.21
5315244 3.22
5316432 3.22
5317624 3.22
5318812 3.22
5320004 3.22
5321192 3.22
5322384 3.22
5323572 3.22
5324764 3.22
5325952 3.21
5327144 3.21
5328332 3.22
5329524 3.21
5330712 3.21
5331904 3.21
5333092 3.21
5334284 3.21
5335472 3.21
5336664 3.21
5337852 3.22
5339044 3.22
5340232 3.21
5341424 3.22
5342612 3.21
5343804 3.21
5344992 3.22
5346184 3.22
5347372 3.22
5348564 3.22
5349752 3.22
5350944 3.22
5352132 3.22
5353324 3.22
5354520 3.22
5355704 3.22
5356892 3.22
5358084 3.22
5359272 3.22
5360464 3.22
5361652 3.22
5362844 3.22
5364032 3.22
5365224 3.22
5366412 3.22
5367604 3.22
5368792 3.22
5369984 3.22
5371172 3.22
5372364 3.22
5373556 3.22
5374744 3.22
5375932 3.22
5377124 3.22
5378312 3.22
5379504 3.22
5380692 3.22
5381884 3.22
5383076 3.22
5384264 3.22
5385452 3.22
5386644 3.22
5387832 3.21
5389024 3.22
5390212 3.22
5391404 3.21
5392592 3.21
5393784 3.21
5394972 3.21
5396164 3.21
5397352 3.21
5398552 3.21
5399732 3.21
5400924 3.21
5402112 3.21
5403304 3.21
5404496 3.21
5405684 3.21
5406872 3.22
5408064 3.21
5409252 3.21
5410444 3.21
5411632 3.21
5412824 3.21
5414012 3.21
5415204 3.22
5416392 3.22
5417584 3.22
5418772 3.22
5419964 3.22
5421152 3.22
5422344 3.22
5423532 3.22
5424724 3.22
5425912 3.22
5427104 3.22
5428292 3.22
5429484 3.22
5430672 3.22
5431864 3.22
5433052 3.22
5434244 3.22
5435432 3.22
5436624 3.22
5437812 3.22
5439004 3.22
5440192 3.22
5441384 3.22
5442580 3.22
5443764 3.22
5444952 3.21
5446144 3.22
5447332 3.22
5448524 3.21
5449712 3.21
5450904 3.22
5452096 3.22
5453284 3.22
5454472 3.22
5455664 3.22
5456852 3.22
5458044 3.22
5459232 3.22
5460424 3.22
5461612 3.21
5462804 3.21
5463996 3.21
5465184 3.21
5466372 3.21
5467564 3.21
5468752 3.21
5469944 3.21
5471132 3.21
5472324 3.21
5473512 3.21
5474704 3.21
5475896 3.22
5477084 3.22
5478272 3.22
5479464 3.22
5480652 3.22
5481844 3.22
5483036 3.22
5484224 3.22
5485412 3.22
5486612 3.22
5487796 3.22
5488984 3.22
5490172 3.22
5491364 3.22
5492552 3.22
5493744 3.22
5494932 3.22
5496124 3.22
5497316 3.22
5498504 3.22
5499692 3.22
5500884 3.22
5502076 3.22
5503264 3.22
5504452 3.22
5505644 3.22
5506832 3.22
5508024 3.22
5509212 3.22
5510404 3.21
5511592 3.21
5512784 3.22
5513972 3.21
5515164 3.22
5516352 3.22
5517544 3.22
5518732 3.22
5519924 3.22
5521112 3.21
5522304 3.21
5523492 3.21
5524684 3.21
5525872 3.21
5527064 3.21
5528252 3.21
5529444 3.21
5530640 3.21
5531824 3.21
5533012 3.21
5534204 3.21
5535392 3.21
5536584 3.21
5537772 3.21
5538964 3.21
5540152 3.21
5541344 3.21
5542532 3.21
5543724 3.21
5544912 3.22
5546104 3.21
5547292 3.22
5548484 3.22
5549672 3.22
5550864 3.22
5552052 3.22
5553244 3.22
5554432 3.22
5555624 3.22
5556812 3.22
5558004 3.22
5559192 3.22
5560384 3.21
5561572 3.22
5562764 3.21
5563952 3.21
5565144 3.21
5566332 3.21
5567524 3.21
5568712 3.21
5569904 3.21
5571092 3.22
5572284 3.21
5573472 3.21
5574668 3.21
5575852 3.21
5577044 3.21
5578232 3.21
5579424 3.21
