21
4388148 3.21
4389336 3.21
4390528 3.21
4391716 3.21
4392908 3.21
4394096 3.21
4395288 3.21
4396476 3.21
4397668 3.21
4398856 3.21
4400048 3.21
4401236 3.21
4402428 3.21
4403616 3.21
4404808 3.21
4405996 3.21
4407188 3.21
4408376 3.21
4409568 3.21
4410756 3.21
4411948 3.21
4413136 3.21
4414328 3.21
4415516 3.21
4416708 3.21
4417896 3.21
4419088 3.21
4420276 3.21
4421468 3.21
4422664 3.21
4423848 3.21
4425036 3.21
4426228 3.21
4427416 3.21
4428608 3.21
4429796 3.21
4430988 3.21
4432176 3.21
4433368 3.21
4434556 3.21
4435748 3.21
4436936 3.21
4438128 3.21
4439316 3.21
4440508 3.21
4441696 3.21
4442888 3.21
4444076 3.21
4445268 3.21
4446456 3.21
4447648 3.21
4448836 3.21
4450028 3.21
4451216 3.21
4452408 3.21
4453596 3.21
4454788 3.21
4455976 3.21
4457168 3.21
4458356 3.21
4459548 3.21
4460736 3.21
4461928 3.21
4463116 3.21
4464308 3.21
4465496 3.21
4466696 3.21
4467876 3.21
4469068 3.21
4470256 3.21
4471448 3.21
4472636 3.21
4473828 3.21
4475016 3.21
4476208 3.21
4477396 3.21
4478588 3.21
4479776 3.21
4480968 3.21
4482156 3.21
4483348 3.21
4484536 3.21
4485728 3.21
4486916 3.21
4488108 3.21
4489296 3.21
4490488 3.21
4491676 3.21
4492868 3.21
4494056 3.21
4495248 3.21
4496436 3.21
4497628 3.21
4498816 3.21
4500008 3.21
4501196 3.21
4502388 3.21
4503576 3.21
4504768 3.21
4505956 3.21
4507148 3.21
4508336 3.21
4509528 3.21
4510716 3.21
4511908 3.21
4513096 3.21
4514288 3.21
4515476 3.21
4516668 3.21
4517856 3.21
4519048 3.21
4520236 3.21
4521428 3.21
4522616 3.21
4523808 3.21
4524996 3.21
4526188 3.21
4527376 3.21
4528568 3.21
4529756 3.21
4530948 3.21
4532136 3.21
4533328 3.21
4534516 3.21
4535708 3.21
4536896 3.21
4538088 3.21
4539276 3.21
4540468 3.21
4541656 3.21
4542848 3.21
4544036 3.21
4545228 3.21
4546416 3.21
4547608 3.21
4548796 3.21
4549988 3.21
4551176 3.21
4552368 3.21
4553556 3.21
4554748 3.21
4555936 3.21
4557128 3.21
4558316 3.21
4559508 3.21
4560696 3.21
4561888 3.21
4563076 3.21
4564268 3.21
4565456 3.21
4566648 3.21
4567836 3.21
4569028 3.21
4570216 3.21
4571408 3.21
4572596 3.21
4573788 3.21
4574976 3.21
4576168 3.21
4577356 3.21
4578548 3.21
4579736 3.21
4580928 3.21
4582116 3.21
4583308 3.21
4584496 3.21
4585688 3.21
4586876 3.21
4588068 3.21
4589256 3.21
4590448 3.21
4591640 3.21
4592828 3.21
4594016 3.21
4595208 3.21
4596396 3.21
4597588 3.21
4598776 3.21
4599968 3.21
4601156 3.21
4602348 3.21
4603536 3.21
4604728 3.21
4605916 3.21
4607108 3.21
4608296 3.21
4609488 3.21
4610676 3.21
4611868 3.21
4613056 3.21
4614248 3.21
4615436 3.21
4616628 3.21
4617816 3.21
4619008 3.21
4620196 3.21
4621388 3.21
4622576 3.22
4623768 3.21
4624956 3.21
4626148 3.21
4627336 3.21
4628528 3.21
4629716 3.21
4630908 3.21
4632096 3.21
4633288 3.21
4634476 3.21
4635672 3.21
4636856 3.21
4638048 3.21
4639236 3.21
4640428 3.21
4641616 3.21
4642808 3.21
4643996 3.21
4645188 3.21
4646376 3.21
4647568 3.21
4648756 3.21
4649948 3.21
4651136 3.21
4652328 3.21
4653516 3.21
4654708 3.21
4655896 3.21
4657088 3.21
4658276 3.21
4659468 3.21
4660656 3.21
4661848 3.21
4663036 3.21
4664228 3.21
4665416 3.21
4666608 3.21
4667796 3.21
4668988 3.21
4670176 3.21
4671368 3.21
4672556 3.21
4673748 3.21
4674936 3.21
4676128 3.21
4677316 3.21
4678508 3.21
4679704 3.21
4680888 3.21
4682076 3.21
4683268 3.21
4684456 3.21
4685648 3.21
4686836 3.21
4688028 3.21
4689216 3.21
4690408 3.21
4691596 3.21
4692788 3.21
4693976 3.21
4695168 3.21
4696356 3.21
4697548 3.21
4698736 3.21
4699928 3.21
4701116 3.21
4702308 3.21
4703496 3.21
4704688 3.21
4705876 3.21
4707068 3.21
4708256 3.21
4709448 3.21
4710636 3.21
4711828 3.21
4713016 3.21
4714208 3.21
4715396 3.21
4716588 3.21
4717776 3.21
4718968 3.21
4720156 3.21
4721348 3.21
4722536 3.21
4723732 3.21
4724916 3.21
4726108 3.21
4727296 3.21
4728488 3.21
4729676 3.21
4730868 3.21
4732056 3.21
4733248 3.21
4734436 3.22
4735628 3.21
4736816 3.21
4738008 3.21
4739196 3.21
4740388 3.21
4741576 3.21
4742768 3.21
4743956 3.21
4745148 3.21
4746336 3.21
4747528 3.21
4748716 3.21
4749908 3.21
4751096 3.21
4752288 3.21
4753476 3.21
4754668 3.21
4755856 3.21
4757048 3.22
4758236 3.21
4759428 3.21
4760616 3.21
4761808 3.21
4762996 3.21
4764188 3.21
4765376 3.21
4766568 3.21
4767764 3.21
4768948 3.21
4770136 3.21
4771328 3.21
4772516 3.21
4773708 3.21
4774896 3.21
4776088 3.21
4777276 3.21
4778468 3.21
4779656 3.21
4780848 3.21
4782036 3.21
4783228 3.21
4784416 3.21
4785608 3.21
4786796 3.21
4787988 3.21
4789176 3.21
4790368 3.21
4791556 3.21
4792748 3.21
4793936 3.21
4795128 3.21
4796316 3.21
4797508 3.21
4798696 3.21
4799888 3.21
4801076 3.21
4802268 3.21
4803456 3.21
4804648 3.21
4805836 3.21
4807028 3.21
4808216 3.21
4809408 3.21
4810596 3.21
4811796 3.21
4812976 3.21
4814168 3.21
4815356 3.21
4816548 3.21
4817736 3.21
4818928 3.21
4820116 3.21
4821308 3.21
4822496 3.21
4823688 3.21
4824876 3.21
4826068 3.21
4827256 3.21
4828448 3.21
4829636 3.21
4830828 3.21
4832016 3.21
4833208 3.21
4834396 3.21
4835588 3.21
4836776 3.21
4837968 3.21
4839156 3.21
4840348 3.21
4841536 3.21
4842728 3.21
4843916 3.21
4845108 3.21
4846296 3.21
4847488 3.21
4848676 3.21
4849868 3.21
4851056 3.21
4852248 3.21
4853436 3.21
4854628 3.21
4855824 3.21
4857008 3.21
4858196 3.21
4859388 3.21
4860576 3.21
4861768 3.21
4862956 3.21
4864148 3.21
4865336 3.21
4866528 3.21
4867716 3.21
4868908 3.21
4870096 3.21
4871288 3.21
4872476 3.21
4873668 3.21
4874856 3.21
4876048 3.21
4877236 3.21
4878428 3.21
4879616 3.21
4880808 3.21
4881996 3.21
4883188 3.21
4884376 3.21
4885568 3.21
4886756 3.21
4887948 3.21
4889136 3.21
4890328 3.21
4891516 3.21
4892708 3.21
4893896 3.21
4895088 3.21
4896276 3.21
4897468 3.21
4898656 3.21
4899856 3.21
4901036 3.21
4902228 3.21
4903416 3.21
4904608 3.21
4905796 3.21
4906988 3.21
4908176 3.21
4909368 3.21
4910556 3.21
4911748 3.21
4912936 3.21
4914128 3.21
4915316 3.21
4916508 3.21
4917696 3.21
4918888 3.21
4920076 3.21
4921268 3.21
4922456 3.21
4923648 3.21
4924836 3.21
4926028 3.21
4927216 3.21
4928408 3.21
4929596 3.21
4930788 3.21
4931976 3.21
4933168 3.21
4934356 3.21
4935548 3.21
4936736 3.21
4937928 3.21
4939116 3.21
4940308 3.21
4941496 3.21
4942688 3.21
4943884 3.21
4945068 3.21
4946256 3.21
4947448 3.21
4948636 3.21
4949828 3.21
4951016 3.21
4952208 3.21
4953396 3.21
4954588 3.21
4955776 3.21
4956968 3.21
4958156 3.21
4959348 3.21
4960536 3.21
4961728 3.21
4962916 3.21
4964108 3.21
4965296 3.21
4966488 3.21
4967676 3.21
4968868 3.21
4970056 3.21
4971248 3.21
4972436 3.21
4973628 3.21
4974816 3.21
4976008 3.21
4977196 3.21
4978388 3.21
4979576 3.21
4980768 3.21
4981956 3.21
4983148 3.21
4984336 3.21
4985528 3.21
4986716 3.21
4987912 3.21
4989096 3.21
4990288 3.21
4991476 3.21
4992668 3.21
4993856 3.21
4995048 3.21
4996236 3.21
4997428 3.21
4998616 3.21
4999808 3.21
5000996 3.21
5002188 3.21
5003376 3.21
5004568 3.21
5005756 3.21
5006948 3.21
5008136 3.21
5009328 3.21
5010516 3.21
5011708 3.22
5012896 3.21
5014088 3.21
5015276 3.21
5016468 3.21
5017656 3.21
5018848 3.21
5020036 3.21
5021228 3.21
5022416 3.21
5023608 3.21
5024796 3.21
5025988 3.21
5027176 3.21
5028368 3.21
5029556 3.21
5030748 3.21
5031944 3.21
5033128 3.21
5034316 3.21
5035508 3.21
5036696 3.21
5037888 3.21
5039076 3.21
5040268 3.21
5041456 3.21
5042648 3.21
5043836 3.21
5045028 3.21
5046216 3.21
5047408 3.21
5048596 3.21
5049788 3.21
5050976 3.21
5052168 3.21
5053356 3.21
5054548 3.21
5055736 3.21
5056928 3.21
5058116 3.21
5059308 3.21
5060496 3.21
5061688 3.21
5062876 3.21
5064068 3.21
5065256 3.21
5066448 3.21
5067636 3.21
5068828 3.21
5070016 3.21
5071208 3.21
5072396 3.21
5073588 3.21
5074776 3.21
5075976 3.21
5077156 3.21
5078348 3.21
5079536 3.21
5080728 3.21
5081916 3.21
5083108 3.21
5084296 3.21
5085488 3.21
5086676 3.21
5087868 3.21
5089056 3.21
5090248 3.21
5091436 3.21
5092628 3.21
5093816 3.21
5095008 3.21
5096196 3.21
5097388 3.21
5098576 3.21
5099768 3.21
5100956 3.21
5102148 3.21
5103336 3.21
5104528 3.21
5105716 3.21
5106908 3.21
5108096 3.21
5109288 3.21
5110476 3.21
5111668 3.21
5112856 3.21
5114048 3.21
5115236 3.21
5116428 3.21
5117616 3.21
5118808 3.21
5119996 3.21
5121188 3.21
5122376 3.21
5123568 3.21
5124756 3.21
5125948 3.21
5127136 3.21
5128328 3.21
5129516 3.21
5130708 3.21
5131896 3.21
5133088 3.21
5134276 3.21
5135468 3.21
5136656 3.21
5137848 3.21
5139036 3.22
5140228 3.21
5141416 3.21
5142608 3.21
5143796 3.21
5144988 3.21
5146176 3.21
5147368 3.21
5148556 3.21
5149748 3.21
5150936 3.21
5152128 3.21
5153316 3.21
5154508 3.21
5155696 3.21
5156888 3.21
5158076 3.21
5159268 3.21
5160456 3.21
5161648 3.21
5162836 3.21
5164028 3.21
5165216 3.21
5166408 3.21
5167596 3.21
5168788 3.21
5169976 3.21
5171168 3.21
5172356 3.21
5173548 3.21
5174736 3.21
5175928 3.21
5177116 3.21
5178308 3.21
5179496 3.21
5180688 3.21
5181876 3.21
5183068 3.21
5184256 3.21
5185448 3.21
5186636 3.21
5187828 3.21
5189016 3.21
5190208 3.21
5191396 3.21
5192588 3.21
5193776 3.21
5194968 3.21
5196156 3.21
5197348 3.21
5198536 3.21
5199728 3.21
5200920 3.21
5202108 3.21
5203296 3.21
5204488 3.21
5205676 3.21
5206868 3.21
5208056 3.21
5209248 3.21
5210436 3.21
5211628 3.21
5212816 3.21
5214008 3.21
5215196 3.21
5216388 3.21
5217576 3.21
5218768 3.21
5219956 3.21
5221148 3.21
5222336 3.21
5223528 3.21
5224716 3.21
5225908 3.21
5227096 3.21
5228288 3.21
5229476 3.21
5230668 3.21
5231856 3.21
5233048 3.21
5234236 3.21
5235428 3.21
5236616 3.21
