22
3316268 3.22
3317456 3.22
3318648 3.22
3319840 3.22
3321028 3.22
3322220 3.22
3323408 3.22
3324596 3.22
3325788 3.22
3326984 3.22
3328168 3.22
3329360 3.22
3330548 3.22
3331736 3.22
3332928 3.22
3334120 3.22
3335308 3.22
3336500 3.22
3337688 3.22
3338876 3.22
3340068 3.22
3341260 3.22
3342448 3.22
3343640 3.22
3344828 3.22
3346020 3.22
3347208 3.22
3348396 3.22
3349588 3.22
3350776 3.22
3351968 3.22
3353156 3.22
3354348 3.22
3355540 3.22
3356728 3.22
3357916 3.22
3359108 3.22
3360296 3.22
3361488 3.22
3362680 3.22
3363868 3.22
3365060 3.22
3366248 3.21
3367436 3.22
3368628 3.22
3369816 3.22
3371016 3.22
3372196 3.22
3373388 3.22
3374580 3.22
3375768 3.22
3376960 3.22
3378148 3.22
3379336 3.22
3380528 3.22
3381716 3.22
3382908 3.22
3384096 3.22
3385288 3.22
3386476 3.22
3387668 3.22
3388856 3.22
3390048 3.22
3391240 3.22
3392428 3.22
3393616 3.22
3394808 3.22
3395996 3.22
3397188 3.22
3398376 3.22
3399568 3.22
3400756 3.22
3401948 3.22
3403140 3.21
3404328 3.22
3405520 3.22
3406708 3.22
3407896 3.21
3409088 3.22
3410280 3.22
3411468 3.22
3412656 3.22
3413848 3.22
3415036 3.22
3416228 3.22
3417416 3.22
3418608 3.22
3419800 3.22
3420988 3.22
3422176 3.22
3423368 3.21
3424556 3.22
3425748 3.22
3426940 3.22
3428128 3.22
3429316 3.22
3430508 3.22
3431700 3.21
3432888 3.21
3434080 3.21
3435268 3.22
3436460 3.21
3437648 3.21
3438840 3.22
3440028 3.22
3441216 3.22
3442408 3.22
3443596 3.22
3444788 3.22
3445980 3.22
3447168 3.22
3448360 3.22
3449548 3.22
3450740 3.22
3451928 3.22
3453120 3.22
3454308 3.22
3455500 3.22
3456688 3.22
3457876 3.22
3459068 3.22
3460260 3.22
3461448 3.22
3462636 3.22
3463828 3.22
3465020 3.22
3466208 3.22
3467400 3.22
3468588 3.22
3469780 3.22
3470968 3.22
3472156 3.22
3473348 3.22
3474540 3.21
3475728 3.22
3476916 3.22
3478108 3.22
3479296 3.22
3480488 3.22
3481676 3.22
3482868 3.22
3484056 3.22
3485248 3.21
3486436 3.22
3487628 3.22
3488816 3.22
3490008 3.22
3491196 3.22
3492388 3.22
3493580 3.22
3494768 3.22
3495960 3.22
3497148 3.22
3498340 3.22
3499528 3.22
3500720 3.21
3501908 3.22
3503100 3.22
3504288 3.22
3505476 3.22
3506668 3.22
3507856 3.22
3509048 3.22
3510240 3.22
3511428 3.22
3512620 3.22
3513808 3.22
3515000 3.22
3516188 3.22
3517376 3.22
3518568 3.22
3519756 3.22
3520948 3.22
3522136 3.22
3523328 3.22
3524516 3.22
3525708 3.22
3526900 3.22
3528088 3.22
3529276 3.22
3530468 3.22
3531660 3.22
3532848 3.21
3534036 3.22
3535228 3.21
3536416 3.21
3537608 3.21
3538796 3.22
3539992 3.21
3541180 3.22
3542368 3.22
3543560 3.22
3544748 3.22
3545936 3.22
3547128 3.21
3548320 3.21
3549508 3.22
3550700 3.22
3551888 3.21
3553076 3.22
3554268 3.21
3555460 3.22
3556648 3.22
3557836 3.22
3559028 3.22
3560216 3.22
3561408 3.22
3562596 3.22
3563788 3.22
3564980 3.22
3566168 3.22
3567356 3.22
3568548 3.22
3569740 3.22
3570928 3.22
3572116 3.22
3573308 3.22
3574496 3.22
3575688 3.22
3576876 3.22
3578068 3.22
3579256 3.22
3580448 3.22
3581636 3.22
3582828 3.22
3584024 3.22
3585208 3.22
3586400 3.22
3587588 3.22
3588780 3.22
3589968 3.22
3591160 3.22
3592348 3.22
3593540 3.22
3594728 3.22
3595920 3.22
3597108 3.21
3598296 3.21
3599488 3.21
3600676 3.22
3601868 3.22
3603060 3.21
3604248 3.22
3605436 3.22
3606628 3.22
3607820 3.22
3609008 3.21
3610196 3.22
3611388 3.21
3612576 3.22
3613768 3.21
3614960 3.21
3616148 3.21
3617336 3.21
3618528 3.22
3619720 3.21
3620908 3.21
3622096 3.21
3623288 3.21
3624476 3.21
3625668 3.22
3626856 3.21
3628056 3.22
3629240 3.22
3630428 3.22
3631616 3.22
3632808 3.21
3633996 3.22
3635188 3.22
3636376 3.21
3637568 3.22
3638760 3.22
3639948 3.22
3641136 3.22
3642328 3.22
3643516 3.22
3644708 3.22
3645896 3.22
3647088 3.22
3648276 3.22
3649468 3.22
3650660 3.22
3651848 3.22
3653040 3.22
3654228 3.21
3655416 3.22
3656608 3.21
3657796 3.22
3658988 3.22
3660176 3.22
3661368 3.22
3662556 3.22
3663748 3.22
3664936 3.22
3666128 3.21
3667320 3.21
3668508 3.21
3669700 3.21
3670888 3.22
3672084 3.22
3673268 3.22
3674460 3.22
3675648 3.22
3676836 3.22
3678028 3.22
3679220 3.21
3680408 3.22
3681600 3.22
3682788 3.22
3683976 3.21
3685168 3.21
3686356 3.21
3687548 3.22
3688740 3.22
3689928 3.22
3691120 3.21
3692308 3.21
3693500 3.22
3694688 3.22
3695880 3.22
3697068 3.22
3698260 3.22
3699448 3.21
3700640 3.22
3701828 3.21
3703020 3.22
3704208 3.21
3705400 3.21
3706588 3.21
3707776 3.21
3708968 3.21
3710160 3.21
3711348 3.21
3712540 3.22
3713728 3.21
3714916 3.21
3716116 3.21
3717300 3.21
3718488 3.21
3719680 3.21
3720868 3.21
3722060 3.21
3723248 3.21
3724436 3.22
3725628 3.21
3726816 3.22
3728008 3.22
3729200 3.21
3730388 3.22
3731576 3.21
3732768 3.21
3733956 3.21
3735148 3.21
3736340 3.21
3737528 3.21
3738716 3.21
3739908 3.21
3741096 3.21
3742288 3.22
3743476 3.22
3744668 3.22
3745860 3.22
3747048 3.22
3748236 3.22
3749428 3.22
3750616 3.22
3751808 3.22
3752996 3.22
3754188 3.22
3755376 3.22
3756568 3.22
3757760 3.22
3758948 3.22
3760144 3.22
3761328 3.22
3762516 3.22
3763708 3.22
3764900 3.22
3766088 3.22
3767280 3.22
3768468 3.22
3769656 3.22
3770848 3.22
3772036 3.22
3773228 3.22
3774420 3.22
3775608 3.22
3776796 3.22
3777988 3.22
3779180 3.22
3780368 3.21
3781560 3.21
3782748 3.22
3783940 3.21
3785128 3.22
3786316 3.21
3787508 3.21
3788700 3.21
3789888 3.21
3791076 3.21
3792268 3.21
3793456 3.21
3794648 3.21
3795836 3.21
3797028 3.21
3798216 3.21
3799408 3.21
3800596 3.21
3801788 3.21
3802976 3.21
3804176 3.21
3805360 3.21
3806548 3.21
3807736 3.21
3808928 3.21
3810120 3.21
3811308 3.21
3812496 3.21
3813688 3.22
3814876 3.22
3816068 3.22
3817256 3.22
3818448 3.22
3819636 3.22
3820828 3.22
3822016 3.21
3823208 3.22
3824396 3.22
3825588 3.22
3826776 3.22
3827968 3.22
3829160 3.22
3830348 3.22
3831540 3.22
3832728 3.22
3833920 3.22
3835108 3.22
3836300 3.22
3837488 3.22
3838680 3.22
3839868 3.22
3841056 3.22
3842248 3.22
3843440 3.22
3844628 3.22
3845816 3.22
3847008 3.22
3848204 3.22
3849388 3.22
3850576 3.22
3851768 3.22
3852960 3.22
3854148 3.22
3855340 3.22
3856528 3.22
3857716 3.22
3858908 3.22
3860100 3.22
3861288 3.22
3862476 3.22
3863668 3.22
3864860 3.22
3866048 3.22
3867236 3.22
3868428 3.22
3869620 3.22
3870808 3.21
3871996 3.22
3873188 3.22
3874376 3.22
3875568 3.22
3876756 3.22
3877948 3.22
3879136 3.22
3880328 3.22
3881520 3.22
3882708 3.22
3883900 3.21
3885088 3.22
3886276 3.21
3887468 3.22
3888660 3.21
3889848 3.22
3891036 3.21
3892236 3.21
3893420 3.22
3894608 3.22
3895800 3.22
3896988 3.22
3898180 3.22
3899368 3.21
3900560 3.21
3901748 3.21
3902940 3.21
3904128 3.22
3905316 3.22
3906508 3.21
3907700 3.22
3908888 3.21
3910080 3.22
3911268 3.22
3912456 3.22
3913648 3.21
3914840 3.22
3916028 3.21
3917216 3.21
3918408 3.21
3919600 3.21
3920788 3.21
3921980 3.21
3923168 3.21
3924360 3.21
3925548 3.21
3926740 3.22
3927928 3.22
3929120 3.22
3930308 3.22
3931496 3.22
3932688 3.22
3933880 3.22
3935068 3.22
3936264 3.22
3937448 3.22
3938640 3.22
3939828 3.22
3941020 3.22
3942208 3.21
3943396 3.21
3944588 3.22
3945780 3.21
3946968 3.21
3948156 3.21
3949348 3.21
3950536 3.21
3951728 3.21
3952916 3.21
3954108 3.21
3955300 3.22
3956488 3.22
3957676 3.22
3958868 3.22
3960056 3.22
3961248 3.22
3962440 3.22
3963628 3.22
3964820 3.22
3966008 3.22
3967200 3.22
3968388 3.22
3969576 3.22
3970768 3.22
3971956 3.22
3973148 3.22
3974336 3.22
3975528 3.22
3976716 3.22
3977908 3.22
3979100 3.22
3980296 3.22
3981480 3.22
3982668 3.22
3983860 3.22
3985048 3.22
3986236 3.22
3987428 3.22
3988616 3.22
3989808 3.22
3990996 3.22
3992188 3.22
3993376 3.22
3994568 3.22
3995760 3.22
3996948 3.22
3998140 3.22
3999328 3.22
4000520 3.22
4001708 3.22
4002900 3.22
4004088 3.22
4005280 3.22
4006468 3.22
4007660 3.22
4008848 3.22
4010040 3.23
4011228 3.22
4012416 3.23
4013608 3.22
4014796 3.23
4015988 3.23
4017180 3.23
4018368 3.23
4019556 3.22
4020748 3.23
4021936 3.22
4023128 3.23
4024316 3.23
4025508 3.23
4026700 3.23
4027888 3.23
4029080 3.23
4030268 3.23
4031460 3.22
4032648 3.23
4033836 3.23
4035028 3.23
4036220 3.22
4037408 3.22
4038600 3.22
4039788 3.23
4040980 3.22
4042168 3.22
4043360 3.22
4044548 3.22
4045736 3.22
4046928 3.22
4048116 3.22
4049308 3.23
4050500 3.22
4051688 3.22
4052876 3.22
4054068 3.22
4055256 3.22
4056448 3.22
4057640 3.22
4058828 3.22
4060020 3.22
4061208 3.23
4062400 3.22
4063588 3.22
4064780 3.22
4065968 3.22
4067160 3.22
4068348 3.22
4069536 3.23
4070728 3.23
4071916 3.22
4073108 3.23
4074296 3.23
4075488 3.23
4076676 3.23
4077868 3.23
4079056 3.23
4080248 3.23
4081440 3.23
4082628 3.23
4083820 3.23
4085008 3.23
4086200 3.23
4087388 3.23
4088576 3.23
4089768 3.23
4090960 3.23
4092148 3.23
4093340 3.23
4094528 3.23
4095720 3.23
4096908 3.23
4098100 3.23
4099288 3.23
4100476 3.23
4101668 3.23
4102856 3.23
4104048 3.22
4105240 3.23
4106428 3.22
4107620 3.22
4108808 3.22
4110000 3.22
4111188 3.22
4112376 3.22
4113568 3.21
4114760 3.21
4115948 3.21
4117140 3.21
4118328 3.21
4119520 3.21
4120708 3.21
4121896 3.21
4123088 3.21
4124280 3.21
4125468 3.22
4126656 3.22
4127848 3.22
4129036 3.22
4130228 3.22
4131416 3.22
4132608 3.22
4133800 3.22
4134988 3.22
4136180 3.22
4137368 3.22
4138556 3.22
4139748 3.22
4140936 3.22
4142128 3.22
4143320 3.22
4144508 3.22
4145700 3.22
4146888 3.22
4148080 3.22
4149272 3.22
4150460 3.22
4151648 3.22
4152836 3.22
4154028 3.22
4155220 3.22
4156408 3.22
4157596 3.22
4158788 3.22
4159976 3.22
4161168 3.22
4162360 3.22
4163548 3.22
4164736 3.22
