   1.7246465e+08   3.3900000e+00
   1.7246602e+08   3.4100000e+00
   1.7246737e+08   3.4000000e+00
   1.7246873e+08   3.3900000e+00
   1.7247010e+08   3.4000000e+00
   1.7247146e+08   3.4600000e+00
   1.7247281e+08   3.4800000e+00
   1.7247417e+08   3.5600000e+00
   1.7247553e+08   3.5400000e+00
   1.7247689e+08   3.5100000e+00
   1.7247826e+08   3.4800000e+00
   1.7247961e+08   3.4800000e+00
   1.7248098e+08   3.4500000e+00
   1.7248233e+08   3.4800000e+00
   1.7248370e+08   3.5300000e+00
   1.7248505e+08   3.4800000e+00
   1.7248642e+08   3.5000000e+00
   1.7248777e+08   3.5300000e+00
   1.7248914e+08   3.5300000e+00
   1.7249049e+08   3.5400000e+00
   1.7249186e+08   3.5500000e+00
   1.7249321e+08   3.5400000e+00
   1.7249458e+08   3.5300000e+00
   1.7249593e+08   3.5200000e+00
   1.7249730e+08   3.5300000e+00
   1.7249865e+08   3.5200000e+00
   1.7250002e+08   3.5200000e+00
   1.7250138e+08   3.5200000e+00
   1.7250273e+08   3.5200000e+00
   1.7250409e+08   3.5200000e+00
   1.7250546e+08   3.3600000e+00
   1.7250682e+08   1.6000000e-01
   1.7250818e+08   5.0000000e+00
   1.7250953e+08   0.0000000e+00
   1.7251090e+08   4.9400000e+00
   1.7251226e+08   1.1700000e+00
   1.7251362e+08   4.0000000e-01
   1.7251498e+08   1.2300000e+00
   1.7251634e+08   0.0000000e+00
   1.7251769e+08   5.0000000e+00
   1.7251906e+08   0.0000000e+00
   1.7252041e+08   5.0000000e+00
   1.7252178e+08   0.0000000e+00
   1.7252314e+08   1.4500000e+00
   1.7252449e+08   4.8200000e+00
   1.7252586e+08   2.7600000e+00
   1.7252722e+08   5.0000000e+00
   1.7252858e+08   0.0000000e+00
   1.7252993e+08   5.0000000e+00
   1.7253129e+08   4.0000000e-02
   1.7253266e+08   3.2900000e+00
   1.7253401e+08   3.1900000e+00
   1.7253538e+08   0.0000000e+00
   1.7253674e+08   1.5200000e+00
   1.7253810e+08   1.4000000e+00
   1.7253946e+08   5.0000000e+00
   1.7254081e+08   0.0000000e+00
   1.7254217e+08   5.0000000e+00
   1.7254353e+08   2.0900000e+00
   1.7254490e+08   8.0000000e-01
   1.7254626e+08   4.6000000e+00
   1.7254762e+08   1.9600000e+00
   1.7254898e+08   2.5000000e-01
   1.7255034e+08   0.0000000e+00
   1.7255170e+08   5.0000000e+00
   1.7255306e+08   0.0000000e+00
   1.7255442e+08   4.8200000e+00
   1.7255577e+08   5.0000000e+00
   1.7255713e+08   7.0000000e-02
   1.7255850e+08   4.1500000e+00
   1.7255985e+08   4.4300000e+00
   1.7256122e+08   2.5900000e+00
   1.7256257e+08   0.0000000e+00
   1.7256394e+08   5.0000000e+00
   1.7256529e+08   0.0000000e+00
   1.7256666e+08   5.6000000e-01
   1.7256802e+08   5.0000000e+00
   1.7256937e+08   5.2000000e-01
   1.7257074e+08   1.5700000e+00
   1.7257210e+08   4.2500000e+00
   1.7257345e+08   3.5400000e+00
   1.7257482e+08   3.5000000e-01
   1.7257618e+08   4.6400000e+00
   1.7257754e+08   3.3800000e+00
   1.7257889e+08   1.0100000e+00
   1.7258026e+08   4.5500000e+00
   1.7258162e+08   3.5500000e+00
   1.7258297e+08   6.0000000e-01
   1.7258434e+08   2.3200000e+00
   1.7258569e+08   4.0300000e+00
   1.7258706e+08   1.0400000e+00
   1.7258842e+08   2.1800000e+00
   1.7258978e+08   3.9100000e+00
   1.7259113e+08   1.0500000e+00
   1.7259250e+08   2.5600000e+00
   1.7259386e+08   3.6200000e+00
   1.7259522e+08   2.5900000e+00
   1.7259657e+08   1.1300000e+00
   1.7259794e+08   3.7800000e+00
   1.7259930e+08   2.3500000e+00
   1.7260066e+08   1.4100000e+00
   1.7260201e+08   3.5700000e+00
   1.7260337e+08   1.4900000e+00
   1.7260473e+08   2.2000000e+00
   1.7260609e+08   2.6800000e+00
   1.7260745e+08   3.4000000e+00
   1.7260882e+08   1.3600000e+00
   1.7261017e+08   3.2600000e+00
   1.7261153e+08   2.9600000e+00
   1.7261290e+08   1.9100000e+00
   1.7261425e+08   2.9300000e+00
   1.7261562e+08   2.6300000e+00
   1.7261698e+08   2.1600000e+00
   1.7261834e+08   2.7700000e+00
   1.7261970e+08   3.7200000e+00
   1.7262106e+08   2.3900000e+00
   1.7262241e+08   3.3000000e+00
   1.7262378e+08   3.0700000e+00
   1.7262514e+08   3.1800000e+00
   1.7262650e+08   3.0800000e+00
   1.7262786e+08   3.3300000e+00
   1.7262922e+08   2.8400000e+00
   1.7263058e+08   2.7300000e+00
   1.7263194e+08   3.3900000e+00
   1.7263330e+08   2.9100000e+00
   1.7263465e+08   2.8700000e+00
   1.7263601e+08   3.4000000e+00
   1.7263738e+08   2.5400000e+00
   1.7263873e+08   3.4100000e+00
   1.7264010e+08   3.1400000e+00
   1.7264146e+08   2.9100000e+00
   1.7264282e+08   2.8600000e+00
   1.7264418e+08   2.9500000e+00
   1.7264554e+08   3.0800000e+00
   1.7264690e+08   2.6800000e+00
   1.7264825e+08   3.3700000e+00
   1.7264961e+08   2.6900000e+00
   1.7265097e+08   2.8700000e+00
   1.7265234e+08   3.4900000e+00
   1.7265370e+08   3.2000000e+00
   1.7265506e+08   2.7700000e+00
   1.7265641e+08   3.7000000e+00
   1.7265777e+08   3.1200000e+00
   1.7265913e+08   3.2300000e+00
   1.7266049e+08   3.6900000e+00
   1.7266186e+08   3.2900000e+00
   1.7266322e+08   2.9600000e+00
   1.7266458e+08   3.4600000e+00
   1.7266593e+08   3.8600000e+00
   1.7266729e+08   2.7000000e+00
   1.7266866e+08   3.4600000e+00
   1.7267002e+08   3.6800000e+00
   1.7267137e+08   2.7900000e+00
   1.7267274e+08   3.4300000e+00
   1.7267409e+08   3.7800000e+00
   1.7267545e+08   2.8100000e+00
   1.7267681e+08   3.2700000e+00
   1.7267818e+08   3.6200000e+00
   1.7267954e+08   3.2900000e+00
   1.7268089e+08   2.9400000e+00
   1.7268226e+08   3.9100000e+00
   1.7268362e+08   3.2100000e+00
   1.7268498e+08   2.8700000e+00
   1.7268633e+08   3.8600000e+00
   1.7268769e+08   3.1500000e+00
   1.7268905e+08   2.8100000e+00
   1.7269042e+08   3.6300000e+00
   1.7269178e+08   3.4700000e+00
   1.7269313e+08   2.9200000e+00
   1.7269450e+08   3.4100000e+00
   1.7269586e+08   3.4700000e+00
   1.7269722e+08   2.8900000e+00
   1.7269858e+08   3.1400000e+00
   1.7269994e+08   3.7000000e+00
   1.7270130e+08   2.7800000e+00
   1.7270265e+08   3.1900000e+00
   1.7270401e+08   3.7300000e+00
   1.7270538e+08   2.9700000e+00
   1.7270674e+08   3.2900000e+00
   1.7270809e+08   3.6300000e+00
   1.7270945e+08   3.2200000e+00
   1.7271081e+08   3.1800000e+00
   1.7271218e+08   3.6800000e+00
   1.7271354e+08   3.4100000e+00
   1.7271489e+08   2.9500000e+00
   1.7271626e+08   3.6000000e+00
   1.7271761e+08   3.4100000e+00
   1.7271897e+08   2.9100000e+00
   1.7272033e+08   3.6800000e+00
   1.7272169e+08   3.3700000e+00
   1.7272305e+08   3.1000000e+00
   1.7272442e+08   3.5200000e+00
   1.7272577e+08   3.4400000e+00
   1.7272714e+08   3.1600000e+00
   1.7272850e+08   3.2600000e+00
   1.7272986e+08   3.5000000e+00
   1.7273121e+08   3.1500000e+00
   1.7273257e+08   3.2500000e+00
   1.7273394e+08   3.6500000e+00
   1.7273529e+08   3.1100000e+00
   1.7273666e+08   3.3200000e+00
   1.7273801e+08   3.6800000e+00
   1.7273938e+08   3.1400000e+00
   1.7274074e+08   3.3600000e+00
   1.7274210e+08   3.4200000e+00
   1.7274346e+08   3.2300000e+00
   1.7274482e+08   3.2300000e+00
   1.7274617e+08   3.3700000e+00
   1.7274753e+08   3.3400000e+00
   1.7274890e+08   3.1100000e+00
   1.7275026e+08   3.5600000e+00
   1.7275162e+08   3.3000000e+00
   1.7275298e+08   3.1900000e+00
   1.7275434e+08   3.6500000e+00
   1.7275570e+08   3.3400000e+00
   1.7275705e+08   3.2800000e+00
   1.7275842e+08   3.5500000e+00
   1.7275978e+08   3.3100000e+00
   1.7276114e+08   3.2800000e+00
   1.7276250e+08   3.4100000e+00
   1.7276386e+08   3.5600000e+00
   1.7276522e+08   3.2600000e+00
   1.7276658e+08   3.4600000e+00
   1.7276793e+08   3.6600000e+00
   1.7276930e+08   3.2000000e+00
   1.7277065e+08   3.4800000e+00
   1.7277202e+08   3.6000000e+00
   1.7277338e+08   3.2000000e+00
   1.7277473e+08   3.4500000e+00
   1.7277610e+08   3.5800000e+00
   1.7277745e+08   3.3200000e+00
   1.7277881e+08   3.3600000e+00
   1.7278017e+08   3.5600000e+00
   1.7278153e+08   3.4200000e+00
   1.7278290e+08   3.2300000e+00
   1.7278425e+08   3.7000000e+00
   1.7278562e+08   3.3700000e+00
   1.7278698e+08   3.1800000e+00
   1.7278833e+08   3.6400000e+00
   1.7278970e+08   3.4000000e+00
   1.7279106e+08   3.2900000e+00
   1.7279242e+08   3.5900000e+00
   1.7279378e+08   3.4900000e+00
   1.7279513e+08   3.2800000e+00
   1.7279649e+08   3.4600000e+00
   1.7279786e+08   3.5600000e+00
   1.7279921e+08   3.1900000e+00
   1.7280057e+08   3.3400000e+00
   1.7280193e+08   3.6000000e+00
   1.7280329e+08   3.1300000e+00
   1.7280466e+08   3.4200000e+00
   1.7280602e+08   3.6100000e+00
   1.7280738e+08   3.2600000e+00
   1.7280874e+08   3.4600000e+00
   1.7281010e+08   3.5900000e+00
   1.7281146e+08   3.4100000e+00
   1.7281281e+08   3.3500000e+00
   1.7281418e+08   3.5600000e+00
   1.7281554e+08   3.4400000e+00
   1.7281690e+08   3.2300000e+00
   1.7281825e+08   3.6200000e+00
   1.7281962e+08   3.4600000e+00
   1.7282098e+08   3.3000000e+00
   1.7282233e+08   3.7100000e+00
   1.7282369e+08   3.5200000e+00
   1.7282505e+08   3.4400000e+00
   1.7282641e+08   3.6400000e+00
   1.7282778e+08   3.5500000e+00
   1.7282914e+08   3.4100000e+00
   1.7283049e+08   3.4600000e+00
   1.7283186e+08   3.5700000e+00
   1.7283321e+08   3.3200000e+00
   1.7283458e+08   3.4800000e+00
   1.7283593e+08   3.7200000e+00
   1.7283730e+08   3.3500000e+00
   1.7283865e+08   3.5800000e+00
   1.7284001e+08   3.6800000e+00
   1.7284138e+08   3.4000000e+00
   1.7284274e+08   3.5000000e+00
   1.7284410e+08   3.5500000e+00
   1.7284546e+08   3.4300000e+00
   1.7284682e+08   3.4100000e+00
   1.7284817e+08   3.6400000e+00
   1.7284953e+08   3.5800000e+00
   1.7285089e+08   3.4600000e+00
   1.7285226e+08   3.7200000e+00
   1.7285361e+08   3.6000000e+00
   1.7285497e+08   3.4500000e+00
   1.7285634e+08   3.8000000e+00
   1.7285770e+08   3.5900000e+00
   1.7285906e+08   3.5200000e+00
   1.7286041e+08   3.6300000e+00
   1.7286178e+08   3.5200000e+00
   1.7286314e+08   3.4700000e+00
   1.7286449e+08   3.4900000e+00
   1.7286586e+08   3.5700000e+00
   1.7286722e+08   3.3700000e+00
   1.7286858e+08   3.5100000e+00
   1.7286994e+08   3.6900000e+00
   1.7287130e+08   3.4300000e+00
   1.7287266e+08   3.6100000e+00
   1.7287401e+08   3.6200000e+00
   1.7287537e+08   3.4500000e+00
   1.7287673e+08   3.4800000e+00
   1.7287809e+08   3.5200000e+00
   1.7287946e+08   3.4400000e+00
   1.7288082e+08   3.4000000e+00
   1.7288217e+08   3.5200000e+00
   1.7288354e+08   3.5000000e+00
   1.7288489e+08   3.3100000e+00
   1.7288625e+08   3.5800000e+00
   1.7288762e+08   3.4300000e+00
   1.7288897e+08   3.4200000e+00
   1.7289034e+08   3.6600000e+00
   1.7289170e+08   3.5600000e+00
   1.7289306e+08   3.5100000e+00
   1.7289442e+08   3.6600000e+00
   1.7289577e+08   3.6200000e+00
   1.7289713e+08   3.5400000e+00
   1.7289849e+08   3.5800000e+00
   1.7289985e+08   3.6800000e+00
   1.7290121e+08   3.5300000e+00
   1.7290258e+08   3.6500000e+00
   1.7290394e+08   3.6800000e+00
   1.7290529e+08   3.5300000e+00
   1.7290666e+08   3.6500000e+00
   1.7290801e+08   3.7200000e+00
   1.7290937e+08   3.5600000e+00
   1.7291073e+08   3.7000000e+00
   1.7291210e+08   3.6900000e+00
   1.7291346e+08   3.5800000e+00
   1.7291482e+08   3.4900000e+00
   1.7291618e+08   3.6400000e+00
   1.7291754e+08   3.6000000e+00
   1.7291890e+08   3.4800000e+00
   1.7292025e+08   3.6500000e+00
   1.7292162e+08   3.6400000e+00
   1.7292298e+08   3.6000000e+00
   1.7292433e+08   3.7000000e+00
   1.7292570e+08   3.6000000e+00
   1.7292705e+08   3.5600000e+00
   1.7292842e+08   3.6200000e+00
   1.7292977e+08   3.5800000e+00
   1.7293114e+08   3.5500000e+00
   1.7293250e+08   3.6100000e+00
   1.7293386e+08   3.6500000e+00
   1.7293521e+08   3.5300000e+00
   1.7293658e+08   3.6000000e+00
   1.7293794e+08   3.6900000e+00
   1.7293930e+08   3.5400000e+00
   1.7294066e+08   3.6600000e+00
   1.7294202e+08   3.6900000e+00
   1.7294338e+08   3.5900000e+00
   1.7294474e+08   3.6200000e+00
   1.7294609e+08   3.6500000e+00
   1.7294746e+08   3.6100000e+00
   1.7294882e+08   3.5700000e+00
   1.7295018e+08   3.6700000e+00
   1.7295154e+08   3.6300000e+00
   1.7295290e+08   3.5600000e+00
   1.7295426e+08   3.7000000e+00
   1.7295562e+08   3.6300000e+00
   1.7295698e+08   3.5900000e+00
   1.7295834e+08   3.7000000e+00
   1.7295969e+08   3.6300000e+00
   1.7296105e+08   3.6000000e+00
   1.7296242e+08   3.6400000e+00
   1.7296378e+08   3.6400000e+00
   1.7296513e+08   3.5900000e+00
   1.7296649e+08   3.6200000e+00
   1.7296785e+08   3.6900000e+00
   1.7296921e+08   3.5800000e+00
   1.7297058e+08   3.6400000e+00
   1.7297193e+08   3.7000000e+00
   1.7297330e+08   3.6000000e+00
   1.7297466e+08   3.6600000e+00
   1.7297601e+08   3.6900000e+00
   1.7297737e+08   3.6200000e+00
   1.7297874e+08   3.6200000e+00
   1.7298010e+08   3.6600000e+00
   1.7298145e+08   3.6300000e+00
   1.7298281e+08   3.5900000e+00
   1.7298417e+08   3.6700000e+00
   1.7298553e+08   3.6600000e+00
   1.7298690e+08   3.6100000e+00
   1.7298826e+08   3.6700000e+00
   1.7298962e+08   3.6100000e+00
   1.7299098e+08   3.6000000e+00
   1.7299234e+08   3.5400000e+00
   1.7299369e+08   3.5300000e+00
   1.7299505e+08   3.6000000e+00
   1.7299641e+08   3.6500000e+00
   1.7299778e+08   3.7600000e+00
   1.7299913e+08   3.6500000e+00
   1.7300049e+08   3.6400000e+00
   1.7300186e+08   3.6400000e+00
   1.7300322e+08   3.7000000e+00
   1.7300458e+08   3.6000000e+00
   1.7300594e+08   3.8000000e+00
   1.7300730e+08   3.6300000e+00
   1.7300866e+08   3.7000000e+00
   1.7301002e+08   3.7900000e+00
   1.7301138e+08   3.6700000e+00
   1.7301274e+08   3.6600000e+00
   1.7301410e+08   3.6800000e+00
   1.7301546e+08   3.6400000e+00
   1.7301681e+08   3.5600000e+00
   1.7301817e+08   3.7000000e+00
   1.7301953e+08   3.6700000e+00
   1.7302089e+08   3.6000000e+00
   1.7302225e+08   3.6800000e+00
   1.7302361e+08   3.5800000e+00
   1.7302498e+08   3.6000000e+00
   1.7302634e+08   3.7900000e+00
   1.7302770e+08   3.6300000e+00
   1.7302906e+08   3.6400000e+00
   1.7303042e+08   3.6500000e+00
   1.7303177e+08   3.6000000e+00
   1.7303314e+08   3.6600000e+00
   1.7303449e+08   3.6300000e+00
   1.7303585e+08   3.5700000e+00
   1.7303722e+08   3.6400000e+00
   1.7303857e+08   3.4800000e+00
   1.7303993e+08   3.6000000e+00
   1.7304129e+08   3.4800000e+00
   1.7304265e+08   3.4800000e+00
   1.7304401e+08   3.4800000e+00
   1.7304537e+08   3.4900000e+00
   1.7304674e+08   3.5000000e+00
   1.7304809e+08   3.5600000e+00
   1.7304945e+08   3.6600000e+00
   1.7305081e+08   3.6200000e+00
   1.7305218e+08   3.7000000e+00
   1.7305354e+08   3.6400000e+00
   1.7305490e+08   3.6000000e+00
   1.7305625e+08   3.6700000e+00
   1.7305762e+08   3.6600000e+00
   1.7305898e+08   3.6000000e+00
   1.7306034e+08   3.7000000e+00
   1.7306169e+08   3.6200000e+00
   1.7306306e+08   3.5100000e+00
   1.7306442e+08   3.6400000e+00
   1.7306578e+08   3.6800000e+00
   1.7306714e+08   3.7000000e+00
   1.7306850e+08   3.6800000e+00
   1.7306986e+08   3.6900000e+00
   1.7307122e+08   3.6800000e+00
   1.7307257e+08   3.5800000e+00
   1.7307394e+08   3.5500000e+00
   1.7307530e+08   3.5200000e+00
   1.7307665e+08   3.5200000e+00
   1.7307802e+08   3.5100000e+00
   1.7307937e+08   3.4800000e+00
   1.7308074e+08   3.5100000e+00
   1.7308210e+08   3.4800000e+00
   1.7308346e+08   3.4500000e+00
   1.7308482e+08   3.4300000e+00
   1.7308618e+08   3.4300000e+00
   1.7308753e+08   3.3800000e+00
   1.7308889e+08   3.4900000e+00
   1.7309026e+08   3.5800000e+00
   1.7309162e+08   3.5100000e+00
   1.7309297e+08   3.5400000e+00
   1.7309434e+08   3.5000000e+00
   1.7309569e+08   3.4900000e+00
   1.7309706e+08   3.4800000e+00
   1.7309842e+08   3.4900000e+00
   1.7309977e+08   3.4900000e+00
   1.7310114e+08   3.4800000e+00
   1.7310249e+08   3.4700000e+00
   1.7310385e+08   3.4800000e+00
   1.7310522e+08   3.4600000e+00
   1.7310658e+08   3.4900000e+00
   1.7310794e+08   3.5700000e+00
   1.7310930e+08   3.4600000e+00
   1.7311066e+08   3.4500000e+00
   1.7311202e+08   3.4700000e+00
   1.7311337e+08   3.6200000e+00
   1.7311473e+08   3.6300000e+00
   1.7311610e+08   3.5100000e+00
   1.7311746e+08   3.6000000e+00
   1.7311882e+08   3.5500000e+00
   1.7312017e+08   3.5900000e+00
   1.7312153e+08   3.5700000e+00
   1.7312290e+08   3.6000000e+00
   1.7312426e+08   3.6400000e+00
   1.7312562e+08   3.5600000e+00
   1.7312698e+08   3.5400000e+00
   1.7312834e+08   3.6700000e+00
   1.7312970e+08   3.6700000e+00
   1.7313105e+08   3.7400000e+00
   1.7313242e+08   3.6900000e+00
   1.7313378e+08   3.5400000e+00
   1.7313514e+08   3.5300000e+00
   1.7313649e+08   3.5700000e+00
   1.7313785e+08   3.6100000e+00
   1.7313921e+08   3.6100000e+00
   1.7314058e+08   3.6500000e+00
   1.7314194e+08   3.6400000e+00
   1.7314330e+08   3.6400000e+00
   1.7314466e+08   3.6500000e+00
