   6.2931548e+08   3.2300000e+00
   6.2931684e+08   3.2200000e+00
   6.2931820e+08   3.2200000e+00
   6.2931956e+08   3.2300000e+00
   6.2932092e+08   3.2400000e+00
   6.2932228e+08   3.2400000e+00
   6.2932364e+08   3.2700000e+00
   6.2932500e+08   3.2900000e+00
   6.2932636e+08   3.2900000e+00
   6.2932772e+08   3.2800000e+00
   6.2932908e+08   3.2500000e+00
   6.2933044e+08   3.2300000e+00
   6.2933180e+08   3.2200000e+00
   6.2933316e+08   3.2200000e+00
   6.2933452e+08   3.2200000e+00
   6.2933588e+08   3.2300000e+00
   6.2933724e+08   3.2400000e+00
   6.2933860e+08   3.2400000e+00
   6.2933996e+08   3.2600000e+00
   6.2934132e+08   3.2900000e+00
   6.2934268e+08   3.2900000e+00
   6.2934404e+08   3.2800000e+00
   6.2934540e+08   3.2600000e+00
   6.2934676e+08   3.2300000e+00
   6.2934812e+08   3.2200000e+00
   6.2934948e+08   3.2200000e+00
   6.2935084e+08   3.2200000e+00
   6.2935220e+08   3.2300000e+00
   6.2935356e+08   3.2300000e+00
   6.2935492e+08   5.0000000e+00
   6.2935628e+08   4.3600000e+00
   6.2935764e+08   3.5700000e+00
   6.2935900e+08   0.0000000e+00
   6.2936036e+08   5.0000000e+00
   6.2936172e+08   3.2000000e-01
   6.2936308e+08   0.0000000e+00
   6.2936444e+08   4.1200000e+00
   6.2936580e+08   4.8000000e-01
   6.2936716e+08   3.6000000e+00
   6.2936852e+08   3.4000000e+00
   6.2936988e+08   2.4000000e+00
   6.2937124e+08   3.6300000e+00
   6.2937260e+08   1.6800000e+00
   6.2937397e+08   4.0800000e+00
   6.2937532e+08   1.8300000e+00
   6.2937668e+08   3.0600000e+00
   6.2937804e+08   2.7300000e+00
   6.2937940e+08   2.1500000e+00
   6.2938076e+08   4.5400000e+00
   6.2938212e+08   2.2500000e+00
   6.2938348e+08   4.0800000e+00
   6.2938484e+08   2.2400000e+00
   6.2938620e+08   3.6100000e+00
   6.2938756e+08   3.0000000e+00
   6.2938892e+08   2.4500000e+00
   6.2939028e+08   4.1600000e+00
   6.2939164e+08   1.2900000e+00
   6.2939300e+08   4.4900000e+00
   6.2939436e+08   2.9600000e+00
   6.2939572e+08   3.2100000e+00
   6.2939708e+08   3.9800000e+00
   6.2939844e+08   2.0100000e+00
   6.2939980e+08   4.1800000e+00
   6.2940116e+08   2.1600000e+00
   6.2940252e+08   4.0200000e+00
   6.2940388e+08   2.5200000e+00
   6.2940524e+08   2.6600000e+00
   6.2940660e+08   4.3600000e+00
   6.2940796e+08   2.0400000e+00
   6.2940932e+08   4.7200000e+00
   6.2941068e+08   2.7300000e+00
   6.2941204e+08   3.2300000e+00
   6.2941340e+08   3.1900000e+00
   6.2941476e+08   2.7300000e+00
   6.2941612e+08   3.9900000e+00
   6.2941748e+08   1.9700000e+00
   6.2941884e+08   4.1600000e+00
   6.2942020e+08   2.6400000e+00
   6.2942156e+08   3.2700000e+00
   6.2942292e+08   4.0300000e+00
   6.2942428e+08   2.5300000e+00
   6.2942564e+08   3.7800000e+00
   6.2942700e+08   2.6200000e+00
   6.2942836e+08   3.8000000e+00
   6.2942972e+08   2.7500000e+00
   6.2943108e+08   3.2100000e+00
   6.2943244e+08   3.5200000e+00
   6.2943380e+08   2.4800000e+00
   6.2943516e+08   4.1300000e+00
   6.2943652e+08   2.9300000e+00
   6.2943788e+08   3.4800000e+00
   6.2943924e+08   3.0300000e+00
   6.2944060e+08   3.2500000e+00
   6.2944196e+08   3.3500000e+00
   6.2944332e+08   2.8300000e+00
   6.2944468e+08   3.8900000e+00
   6.2944604e+08   2.4800000e+00
   6.2944740e+08   3.7200000e+00
   6.2944876e+08   3.3000000e+00
   6.2945012e+08   3.1000000e+00
   6.2945148e+08   3.5500000e+00
   6.2945284e+08   2.7600000e+00
   6.2945420e+08   3.7300000e+00
   6.2945556e+08   2.5600000e+00
   6.2945692e+08   3.8200000e+00
   6.2945828e+08   3.0200000e+00
   6.2945964e+08   2.8800000e+00
   6.2946101e+08   3.9600000e+00
   6.2946236e+08   2.5900000e+00
   6.2946372e+08   3.9700000e+00
   6.2946508e+08   2.8200000e+00
   6.2946644e+08   3.3800000e+00
   6.2946780e+08   3.2000000e+00
   6.2946916e+08   2.8300000e+00
   6.2947052e+08   3.8900000e+00
   6.2947188e+08   2.3600000e+00
   6.2947324e+08   3.9000000e+00
   6.2947460e+08   3.0500000e+00
   6.2947596e+08   3.1700000e+00
   6.2947732e+08   3.7900000e+00
   6.2947868e+08   2.7700000e+00
   6.2948004e+08   3.6600000e+00
   6.2948140e+08   2.7400000e+00
   6.2948276e+08   3.5900000e+00
   6.2948412e+08   3.0500000e+00
   6.2948548e+08   3.0000000e+00
   6.2948684e+08   3.6700000e+00
   6.2948820e+08   2.6900000e+00
   6.2948956e+08   3.7400000e+00
   6.2949092e+08   3.1700000e+00
   6.2949228e+08   3.3300000e+00
   6.2949364e+08   3.2600000e+00
   6.2949500e+08   3.1900000e+00
   6.2949636e+08   3.3700000e+00
   6.2949772e+08   2.8600000e+00
   6.2949908e+08   3.6100000e+00
   6.2950044e+08   2.9100000e+00
   6.2950180e+08   3.3300000e+00
   6.2950316e+08   3.3400000e+00
   6.2950452e+08   3.1900000e+00
   6.2950588e+08   3.3400000e+00
   6.2950724e+08   3.0400000e+00
   6.2950860e+08   3.6300000e+00
   6.2950996e+08   2.8500000e+00
   6.2951132e+08   3.5600000e+00
   6.2951268e+08   3.1700000e+00
   6.2951404e+08   2.9500000e+00
   6.2951540e+08   3.6000000e+00
   6.2951676e+08   2.9100000e+00
   6.2951812e+08   3.6000000e+00
   6.2951948e+08   2.9500000e+00
   6.2952084e+08   3.4200000e+00
   6.2952220e+08   3.2000000e+00
   6.2952356e+08   2.9500000e+00
   6.2952492e+08   3.7800000e+00
   6.2952628e+08   2.7300000e+00
   6.2952764e+08   3.6100000e+00
   6.2952900e+08   3.1700000e+00
   6.2953036e+08   3.1500000e+00
   6.2953172e+08   3.4800000e+00
   6.2953308e+08   2.9400000e+00
   6.2953444e+08   3.5600000e+00
   6.2953580e+08   2.8500000e+00
   6.2953716e+08   3.4900000e+00
   6.2953852e+08   3.1800000e+00
   6.2953988e+08   3.0100000e+00
   6.2954124e+08   3.6100000e+00
   6.2954260e+08   2.9900000e+00
   6.2954396e+08   3.5000000e+00
   6.2954532e+08   3.1900000e+00
   6.2954668e+08   3.3100000e+00
   6.2954805e+08   3.1800000e+00
   6.2954940e+08   3.1500000e+00
   6.2955076e+08   3.4100000e+00
   6.2955212e+08   2.9500000e+00
   6.2955348e+08   3.4300000e+00
   6.2955484e+08   3.1200000e+00
   6.2955620e+08   3.2600000e+00
   6.2955756e+08   3.3200000e+00
   6.2955892e+08   3.2900000e+00
   6.2956028e+08   3.3400000e+00
   6.2956164e+08   3.0800000e+00
   6.2956300e+08   3.5000000e+00
   6.2956436e+08   2.9800000e+00
   6.2956572e+08   3.3200000e+00
   6.2956708e+08   3.2500000e+00
   6.2956844e+08   3.0600000e+00
   6.2956980e+08   3.4000000e+00
   6.2957116e+08   3.0700000e+00
   6.2957252e+08   3.4800000e+00
   6.2957388e+08   3.0600000e+00
   6.2957524e+08   3.4300000e+00
   6.2957660e+08   3.3200000e+00
   6.2957796e+08   3.0300000e+00
   6.2957932e+08   3.5500000e+00
   6.2958068e+08   2.9400000e+00
   6.2958204e+08   3.3600000e+00
   6.2958340e+08   3.1800000e+00
   6.2958476e+08   3.2200000e+00
   6.2958612e+08   3.3300000e+00
   6.2958748e+08   3.0600000e+00
   6.2958884e+08   3.5000000e+00
   6.2959020e+08   3.0100000e+00
   6.2959156e+08   3.4200000e+00
   6.2959292e+08   3.3000000e+00
   6.2959428e+08   3.1100000e+00
   6.2959564e+08   3.4000000e+00
   6.2959700e+08   3.0900000e+00
   6.2959836e+08   3.3500000e+00
   6.2959972e+08   3.1300000e+00
   6.2960108e+08   3.3300000e+00
   6.2960244e+08   3.2000000e+00
   6.2960380e+08   3.1500000e+00
   6.2960516e+08   3.4000000e+00
   6.2960652e+08   3.0800000e+00
   6.2960788e+08   3.3600000e+00
   6.2960924e+08   3.2200000e+00
   6.2961060e+08   3.3100000e+00
   6.2961196e+08   3.2400000e+00
   6.2961332e+08   3.2400000e+00
   6.2961468e+08   3.3200000e+00
   6.2961604e+08   3.0600000e+00
   6.2961740e+08   3.4000000e+00
   6.2961876e+08   3.1100000e+00
   6.2962012e+08   3.2400000e+00
   6.2962148e+08   3.2700000e+00
   6.2962284e+08   3.1700000e+00
   6.2962420e+08   3.3500000e+00
   6.2962556e+08   3.1700000e+00
   6.2962692e+08   3.4600000e+00
   6.2962828e+08   3.1300000e+00
   6.2962964e+08   3.2800000e+00
   6.2963100e+08   3.3000000e+00
   6.2963236e+08   3.0800000e+00
   6.2963372e+08   3.3600000e+00
   6.2963509e+08   3.1000000e+00
   6.2963644e+08   3.2900000e+00
   6.2963780e+08   3.1800000e+00
   6.2963916e+08   3.2700000e+00
   6.2964052e+08   3.3100000e+00
   6.2964188e+08   3.1700000e+00
   6.2964324e+08   3.4500000e+00
   6.2964460e+08   3.1400000e+00
   6.2964596e+08   3.3000000e+00
   6.2964732e+08   3.2300000e+00
   6.2964868e+08   3.1700000e+00
   6.2965004e+08   3.2600000e+00
   6.2965140e+08   3.1600000e+00
   6.2965276e+08   3.3300000e+00
   6.2965412e+08   3.1200000e+00
   6.2965548e+08   3.3300000e+00
   6.2965684e+08   3.2600000e+00
   6.2965820e+08   3.2300000e+00
   6.2965956e+08   3.3800000e+00
   6.2966092e+08   3.1900000e+00
   6.2966228e+08   3.3000000e+00
   6.2966364e+08   3.1500000e+00
   6.2966500e+08   3.2800000e+00
   6.2966636e+08   3.1900000e+00
   6.2966772e+08   3.2000000e+00
   6.2966908e+08   3.3300000e+00
   6.2967044e+08   3.1200000e+00
   6.2967180e+08   3.3300000e+00
   6.2967316e+08   3.2200000e+00
   6.2967452e+08   3.2700000e+00
   6.2967588e+08   3.3000000e+00
   6.2967724e+08   3.2500000e+00
   6.2967860e+08   3.3000000e+00
   6.2967996e+08   3.1400000e+00
   6.2968132e+08   3.3200000e+00
   6.2968268e+08   3.1700000e+00
   6.2968404e+08   3.2300000e+00
   6.2968540e+08   3.2800000e+00
   6.2968676e+08   3.1800000e+00
   6.2968812e+08   3.2800000e+00
   6.2968948e+08   3.2000000e+00
   6.2969084e+08   3.3200000e+00
   6.2969220e+08   3.2300000e+00
   6.2969356e+08   3.3100000e+00
   6.2969492e+08   3.2800000e+00
   6.2969628e+08   3.1700000e+00
   6.2969764e+08   3.3000000e+00
   6.2969900e+08   3.1700000e+00
   6.2970036e+08   3.2600000e+00
   6.2970172e+08   3.2000000e+00
   6.2970308e+08   3.2400000e+00
   6.2970444e+08   3.2400000e+00
   6.2970580e+08   3.1900000e+00
   6.2970716e+08   3.3500000e+00
   6.2970852e+08   3.2000000e+00
   6.2970988e+08   3.3400000e+00
   6.2971124e+08   3.2600000e+00
   6.2971260e+08   3.2200000e+00
   6.2971396e+08   3.2800000e+00
   6.2971532e+08   3.1700000e+00
   6.2971668e+08   3.2700000e+00
   6.2971804e+08   3.1600000e+00
   6.2971940e+08   3.2600000e+00
   6.2972076e+08   3.2300000e+00
   6.2972213e+08   3.2000000e+00
   6.2972348e+08   3.3300000e+00
   6.2972484e+08   3.2300000e+00
   6.2972620e+08   3.3300000e+00
   6.2972756e+08   3.2600000e+00
   6.2972892e+08   3.2500000e+00
   6.2973028e+08   3.2300000e+00
   6.2973164e+08   3.2000000e+00
   6.2973300e+08   3.2500000e+00
   6.2973436e+08   3.1800000e+00
   6.2973572e+08   3.2600000e+00
   6.2973708e+08   3.2200000e+00
   6.2973844e+08   3.2400000e+00
   6.2973980e+08   3.2700000e+00
   6.2974116e+08   3.2700000e+00
   6.2974252e+08   3.2900000e+00
   6.2974388e+08   3.2600000e+00
   6.2974524e+08   3.2800000e+00
   6.2974660e+08   3.1800000e+00
   6.2974796e+08   3.2500000e+00
   6.2974932e+08   3.2200000e+00
   6.2975068e+08   3.2000000e+00
   6.2975204e+08   3.2600000e+00
   6.2975340e+08   3.2000000e+00
   6.2975476e+08   3.2700000e+00
   6.2975612e+08   3.2200000e+00
   6.2975748e+08   3.2900000e+00
   6.2975884e+08   3.2900000e+00
   6.2976020e+08   3.2500000e+00
   6.2976156e+08   3.3100000e+00
   6.2976292e+08   3.1800000e+00
   6.2976428e+08   3.2600000e+00
   6.2976564e+08   3.2200000e+00
   6.2976700e+08   3.2100000e+00
   6.2976836e+08   3.2500000e+00
   6.2976972e+08   3.2000000e+00
   6.2977108e+08   3.2600000e+00
   6.2977244e+08   3.2200000e+00
   6.2977380e+08   3.2800000e+00
   6.2977516e+08   3.2900000e+00
   6.2977652e+08   3.2600000e+00
   6.2977788e+08   3.2900000e+00
   6.2977924e+08   3.2200000e+00
   6.2978060e+08   3.2300000e+00
   6.2978196e+08   3.2300000e+00
   6.2978332e+08   3.2200000e+00
   6.2978468e+08   3.2200000e+00
   6.2978604e+08   3.2300000e+00
   6.2978740e+08   3.2400000e+00
   6.2978876e+08   3.2300000e+00
   6.2979012e+08   3.2700000e+00
   6.2979148e+08   3.2700000e+00
   6.2979284e+08   3.3000000e+00
   6.2979420e+08   3.2700000e+00
   6.2979556e+08   3.2600000e+00
   6.2979692e+08   3.2300000e+00
   6.2979828e+08   3.2100000e+00
   6.2979964e+08   3.2500000e+00
   6.2980100e+08   3.1900000e+00
   6.2980236e+08   3.2500000e+00
   6.2980372e+08   3.2200000e+00
   6.2980508e+08   3.2300000e+00
   6.2980644e+08   3.2700000e+00
   6.2980780e+08   3.2600000e+00
   6.2980917e+08   3.3100000e+00
   6.2981052e+08   3.2600000e+00
   6.2981188e+08   3.2600000e+00
   6.2981324e+08   3.2300000e+00
   6.2981460e+08   3.2000000e+00
   6.2981596e+08   3.2500000e+00
   6.2981732e+08   3.2000000e+00
   6.2981868e+08   3.2300000e+00
   6.2982004e+08   3.2400000e+00
   6.2982140e+08   3.2300000e+00
   6.2982276e+08   3.2600000e+00
   6.2982412e+08   3.2700000e+00
   6.2982548e+08   3.2900000e+00
   6.2982684e+08   3.2800000e+00
   6.2982820e+08   3.2600000e+00
   6.2982956e+08   3.2400000e+00
   6.2983092e+08   3.2200000e+00
   6.2983228e+08   3.2200000e+00
   6.2983364e+08   3.2300000e+00
   6.2983500e+08   3.2200000e+00
   6.2983636e+08   3.2400000e+00
   6.2983772e+08   3.2400000e+00
   6.2983908e+08   3.2300000e+00
   6.2984044e+08   3.2800000e+00
   6.2984180e+08   3.2800000e+00
   6.2984316e+08   3.2800000e+00
   6.2984452e+08   3.2700000e+00
   6.2984588e+08   3.2300000e+00
   6.2984724e+08   3.2400000e+00
   6.2984860e+08   3.2100000e+00
   6.2984996e+08   3.2300000e+00
   6.2985132e+08   3.2300000e+00
   6.2985268e+08   3.2200000e+00
   6.2985404e+08   3.2500000e+00
   6.2985540e+08   3.2200000e+00
   6.2985676e+08   3.2700000e+00
   6.2985812e+08   3.2800000e+00
   6.2985948e+08   3.2700000e+00
   6.2986084e+08   3.2800000e+00
   6.2986220e+08   3.2400000e+00
   6.2986356e+08   3.2300000e+00
   6.2986492e+08   3.2300000e+00
   6.2986628e+08   3.2200000e+00
   6.2986764e+08   3.2300000e+00
   6.2986900e+08   3.2200000e+00
   6.2987036e+08   3.2400000e+00
   6.2987172e+08   3.2400000e+00
   6.2987308e+08   3.2500000e+00
   6.2987444e+08   3.2900000e+00
   6.2987580e+08   3.2800000e+00
   6.2987716e+08   3.2800000e+00
   6.2987852e+08   3.2600000e+00
   6.2987988e+08   3.2200000e+00
   6.2988124e+08   3.2300000e+00
   6.2988260e+08   3.2200000e+00
   6.2988396e+08   3.2200000e+00
   6.2988532e+08   3.2300000e+00
   6.2988668e+08   3.2200000e+00
   6.2988804e+08   3.2500000e+00
   6.2988940e+08   3.2500000e+00
   6.2989076e+08   3.2700000e+00
   6.2989212e+08   3.2900000e+00
   6.2989348e+08   3.2700000e+00
   6.2989484e+08   3.2700000e+00
   6.2989621e+08   3.2400000e+00
   6.2989756e+08   3.2200000e+00
   6.2989892e+08   3.2300000e+00
   6.2990028e+08   3.2100000e+00
   6.2990164e+08   3.2300000e+00
   6.2990300e+08   3.2300000e+00
   6.2990436e+08   3.2300000e+00
   6.2990572e+08   3.2500000e+00
   6.2990708e+08   3.2600000e+00
   6.2990844e+08   3.2900000e+00
   6.2990980e+08   3.2800000e+00
   6.2991116e+08   3.2600000e+00
   6.2991252e+08   3.2500000e+00
   6.2991388e+08   3.2200000e+00
   6.2991524e+08   3.2300000e+00
   6.2991660e+08   3.2200000e+00
   6.2991796e+08   3.2200000e+00
   6.2991932e+08   3.2400000e+00
   6.2992068e+08   3.2300000e+00
   6.2992204e+08   3.2400000e+00
   6.2992340e+08   3.2600000e+00
   6.2992476e+08   3.2800000e+00
   6.2992612e+08   3.2900000e+00
   6.2992748e+08   3.2700000e+00
   6.2992884e+08   3.2600000e+00
   6.2993020e+08   3.2300000e+00
   6.2993156e+08   3.2200000e+00
   6.2993292e+08   3.2300000e+00
   6.2993428e+08   3.2200000e+00
   6.2993564e+08   3.2300000e+00
   6.2993700e+08   3.2400000e+00
   6.2993836e+08   3.2300000e+00
   6.2993972e+08   3.2600000e+00
   6.2994108e+08   3.2700000e+00
   6.2994244e+08   3.2800000e+00
   6.2994380e+08   3.2800000e+00
   6.2994516e+08   3.2500000e+00
   6.2994652e+08   3.2400000e+00
   6.2994788e+08   3.2200000e+00
   6.2994924e+08   3.2200000e+00
   6.2995060e+08   3.2300000e+00
   6.2995196e+08   3.2200000e+00
   6.2995332e+08   3.2400000e+00
   6.2995468e+08   3.2300000e+00
   6.2995604e+08   3.2500000e+00
   6.2995740e+08   3.2800000e+00
   6.2995876e+08   3.2800000e+00
   6.2996012e+08   3.2900000e+00
   6.2996148e+08   3.2600000e+00
   6.2996284e+08   3.2400000e+00
   6.2996420e+08   3.2300000e+00
   6.2996556e+08   3.2200000e+00
   6.2996692e+08   3.2300000e+00
   6.2996828e+08   3.2200000e+00
   6.2996964e+08   3.2300000e+00
   6.2997100e+08   3.2400000e+00
   6.2997236e+08   3.2400000e+00
   6.2997372e+08   3.2700000e+00
   6.2997508e+08   3.2800000e+00
   6.2997644e+08   3.2800000e+00
   6.2997780e+08   3.2700000e+00
   6.2997916e+08   3.2400000e+00
   6.2998052e+08   3.2300000e+00
   6.2998188e+08   3.2300000e+00
   6.2998325e+08   3.2200000e+00
   6.2998460e+08   3.2300000e+00
   6.2998596e+08   3.2300000e+00
   6.2998732e+08   3.2400000e+00
   6.2998868e+08   3.2400000e+00
   6.2999004e+08   3.2600000e+00
   6.2999140e+08   3.2900000e+00
   6.2999276e+08   3.2800000e+00
   6.2999412e+08   3.2800000e+00
   6.2999548e+08   3.2500000e+00
