   3.1536415e+08   3.2100000e+00
   3.1536551e+08   3.2100000e+00
   3.1536687e+08   3.2100000e+00
   3.1536823e+08   3.2100000e+00
   3.1536959e+08   3.2100000e+00
   3.1537095e+08   3.2100000e+00
   3.1537231e+08   3.2200000e+00
   3.1537367e+08   3.2300000e+00
   3.1537503e+08   3.2300000e+00
   3.1537639e+08   3.2300000e+00
   3.1537775e+08   3.2200000e+00
   3.1537911e+08   3.2100000e+00
   3.1538047e+08   3.2100000e+00
   3.1538183e+08   3.2100000e+00
   3.1538319e+08   3.2100000e+00
   3.1538455e+08   3.2100000e+00
   3.1538591e+08   3.2100000e+00
   3.1538727e+08   3.2100000e+00
   3.1538863e+08   3.2100000e+00
   3.1538999e+08   3.2300000e+00
   3.1539135e+08   9.8000000e-01
   3.1539271e+08   2.7900000e+00
   3.1539407e+08   0.0000000e+00
   3.1539543e+08   2.0000000e+00
   3.1539679e+08   5.0000000e+00
   3.1539815e+08   4.1500000e+00
   3.1539951e+08   5.0000000e+00
   3.1540087e+08   0.0000000e+00
   3.1540223e+08   2.7800000e+00
   3.1540359e+08   4.1100000e+00
   3.1540495e+08   5.0000000e+00
   3.1540631e+08   1.4000000e+00
   3.1540767e+08   0.0000000e+00
   3.1540903e+08   2.6900000e+00
   3.1541039e+08   5.1000000e-01
   3.1541175e+08   5.0000000e+00
   3.1541311e+08   6.8000000e-01
   3.1541447e+08   1.8000000e+00
   3.1541583e+08   3.5500000e+00
   3.1541719e+08   4.1700000e+00
   3.1541855e+08   2.5800000e+00
   3.1541991e+08   3.3000000e+00
   3.1542127e+08   1.7800000e+00
   3.1542263e+08   8.7000000e-01
   3.1542399e+08   5.0000000e+00
   3.1542535e+08   2.1000000e+00
   3.1542671e+08   1.5200000e+00
   3.1542807e+08   1.6600000e+00
   3.1542943e+08   1.9000000e+00
   3.1543079e+08   2.6600000e+00
   3.1543215e+08   1.1700000e+00
   3.1543351e+08   3.1900000e+00
   3.1543487e+08   0.0000000e+00
   3.1543623e+08   4.6200000e+00
   3.1543759e+08   3.5000000e+00
   3.1543895e+08   1.7500000e+00
   3.1544031e+08   2.7600000e+00
   3.1544167e+08   2.2200000e+00
   3.1544303e+08   4.0600000e+00
   3.1544439e+08   2.3600000e+00
   3.1544575e+08   3.8300000e+00
   3.1544711e+08   1.2100000e+00
   3.1544847e+08   1.8100000e+00
   3.1544983e+08   4.4800000e+00
   3.1545119e+08   3.3000000e+00
   3.1545255e+08   2.0200000e+00
   3.1545391e+08   2.9100000e+00
   3.1545527e+08   2.4200000e+00
   3.1545663e+08   3.0500000e+00
   3.1545799e+08   3.7400000e+00
   3.1545935e+08   2.7600000e+00
   3.1546071e+08   2.0300000e+00
   3.1546207e+08   2.5400000e+00
   3.1546343e+08   4.2200000e+00
   3.1546479e+08   2.6200000e+00
   3.1546615e+08   2.5900000e+00
   3.1546751e+08   3.4800000e+00
   3.1546887e+08   2.0800000e+00
   3.1547023e+08   3.8000000e+00
   3.1547159e+08   3.3900000e+00
   3.1547295e+08   2.2600000e+00
   3.1547431e+08   2.9600000e+00
   3.1547567e+08   2.8800000e+00
   3.1547703e+08   4.1400000e+00
   3.1547839e+08   2.0400000e+00
   3.1547975e+08   3.3200000e+00
   3.1548111e+08   2.7700000e+00
   3.1548247e+08   2.5000000e+00
   3.1548383e+08   4.0000000e+00
   3.1548519e+08   2.6600000e+00
   3.1548655e+08   2.5700000e+00
   3.1548791e+08   3.0000000e+00
   3.1548927e+08   3.3300000e+00
   3.1549063e+08   3.3200000e+00
   3.1549199e+08   2.8900000e+00
   3.1549335e+08   2.9100000e+00
   3.1549471e+08   3.0200000e+00
   3.1549607e+08   2.7700000e+00
   3.1549743e+08   4.0100000e+00
   3.1549879e+08   2.4200000e+00
   3.1550015e+08   3.0800000e+00
   3.1550151e+08   3.3300000e+00
   3.1550287e+08   2.9000000e+00
   3.1550423e+08   3.6700000e+00
   3.1550559e+08   2.7600000e+00
   3.1550695e+08   3.0800000e+00
   3.1550831e+08   3.1200000e+00
   3.1550967e+08   3.1300000e+00
   3.1551103e+08   3.5600000e+00
   3.1551239e+08   2.5900000e+00
   3.1551375e+08   3.4300000e+00
   3.1551511e+08   3.2200000e+00
   3.1551647e+08   2.9400000e+00
   3.1551783e+08   3.8100000e+00
   3.1551919e+08   2.5200000e+00
   3.1552055e+08   3.3500000e+00
   3.1552191e+08   3.2500000e+00
   3.1552327e+08   3.1400000e+00
   3.1552463e+08   3.3300000e+00
   3.1552599e+08   2.9600000e+00
   3.1552735e+08   3.3500000e+00
   3.1552871e+08   3.1200000e+00
   3.1553007e+08   3.1800000e+00
   3.1553143e+08   3.5000000e+00
   3.1553279e+08   2.5400000e+00
   3.1553415e+08   3.5000000e+00
   3.1553551e+08   3.2600000e+00
   3.1553687e+08   2.7800000e+00
   3.1553823e+08   3.6000000e+00
   3.1553959e+08   2.8000000e+00
   3.1554095e+08   3.3700000e+00
   3.1554231e+08   3.1000000e+00
   3.1554367e+08   3.3500000e+00
   3.1554503e+08   3.1500000e+00
   3.1554639e+08   2.7800000e+00
   3.1554775e+08   3.6400000e+00
   3.1554911e+08   2.9500000e+00
   3.1555047e+08   2.9000000e+00
   3.1555183e+08   3.6000000e+00
   3.1555319e+08   2.6700000e+00
   3.1555455e+08   3.3200000e+00
   3.1555591e+08   3.2800000e+00
   3.1555727e+08   3.0500000e+00
   3.1555863e+08   3.1800000e+00
   3.1555999e+08   2.9800000e+00
   3.1556135e+08   3.5700000e+00
   3.1556271e+08   2.7300000e+00
   3.1556407e+08   3.2500000e+00
   3.1556543e+08   3.3500000e+00
   3.1556679e+08   2.6700000e+00
   3.1556815e+08   3.4900000e+00
   3.1556951e+08   3.2100000e+00
   3.1557087e+08   2.8600000e+00
   3.1557223e+08   3.3800000e+00
   3.1557359e+08   3.0700000e+00
   3.1557495e+08   3.3700000e+00
   3.1557631e+08   2.9300000e+00
   3.1557767e+08   3.3500000e+00
   3.1557903e+08   3.1800000e+00
   3.1558039e+08   2.7800000e+00
   3.1558175e+08   3.7000000e+00
   3.1558311e+08   2.8700000e+00
   3.1558447e+08   3.0500000e+00
   3.1558583e+08   3.4400000e+00
   3.1558719e+08   2.9900000e+00
   3.1558855e+08   3.2700000e+00
   3.1558991e+08   3.1500000e+00
   3.1559127e+08   3.2100000e+00
   3.1559263e+08   3.1500000e+00
   3.1559399e+08   3.0300000e+00
   3.1559535e+08   3.5800000e+00
   3.1559671e+08   2.7700000e+00
   3.1559807e+08   3.2700000e+00
   3.1559943e+08   3.3600000e+00
   3.1560079e+08   2.8400000e+00
   3.1560215e+08   3.4800000e+00
   3.1560351e+08   3.0600000e+00
   3.1560487e+08   3.1300000e+00
   3.1560623e+08   3.2100000e+00
   3.1560759e+08   3.1800000e+00
   3.1560895e+08   3.3300000e+00
   3.1561031e+08   2.9500000e+00
   3.1561167e+08   3.3700000e+00
   3.1561303e+08   3.2200000e+00
   3.1561439e+08   2.9200000e+00
   3.1561575e+08   3.6000000e+00
   3.1561711e+08   2.9000000e+00
   3.1561847e+08   3.2200000e+00
   3.1561983e+08   3.3300000e+00
   3.1562119e+08   3.0500000e+00
   3.1562255e+08   3.3300000e+00
   3.1562391e+08   3.0900000e+00
   3.1562527e+08   3.3600000e+00
   3.1562663e+08   3.1400000e+00
   3.1562799e+08   3.1600000e+00
   3.1562935e+08   3.4700000e+00
   3.1563071e+08   2.9000000e+00
   3.1563207e+08   3.3700000e+00
   3.1563343e+08   3.2900000e+00
   3.1563479e+08   2.9500000e+00
   3.1563615e+08   3.4800000e+00
   3.1563751e+08   3.0400000e+00
   3.1563887e+08   3.2800000e+00
   3.1564023e+08   3.2000000e+00
   3.1564159e+08   3.2400000e+00
   3.1564295e+08   3.3300000e+00
   3.1564431e+08   3.0100000e+00
   3.1564567e+08   3.4400000e+00
   3.1564703e+08   3.1300000e+00
   3.1564839e+08   3.0600000e+00
   3.1564975e+08   3.4900000e+00
   3.1565111e+08   2.9500000e+00
   3.1565247e+08   3.2800000e+00
   3.1565383e+08   3.2800000e+00
   3.1565519e+08   3.0800000e+00
   3.1565655e+08   3.3300000e+00
   3.1565791e+08   3.1000000e+00
   3.1565927e+08   3.4100000e+00
   3.1566063e+08   3.0600000e+00
   3.1566199e+08   3.2300000e+00
   3.1566335e+08   3.3600000e+00
   3.1566471e+08   2.9200000e+00
   3.1566607e+08   3.3900000e+00
   3.1566743e+08   3.1900000e+00
   3.1566879e+08   3.0400000e+00
   3.1567015e+08   3.3900000e+00
   3.1567151e+08   3.0800000e+00
   3.1567287e+08   3.2900000e+00
   3.1567423e+08   3.1500000e+00
   3.1567559e+08   3.2600000e+00
   3.1567695e+08   3.2800000e+00
   3.1567831e+08   3.0100000e+00
   3.1567967e+08   3.4400000e+00
   3.1568103e+08   3.0500000e+00
   3.1568239e+08   3.1300000e+00
   3.1568375e+08   3.3900000e+00
   3.1568511e+08   3.0000000e+00
   3.1568647e+08   3.2900000e+00
   3.1568783e+08   3.2000000e+00
   3.1568919e+08   3.1600000e+00
   3.1569055e+08   3.2700000e+00
   3.1569191e+08   3.1000000e+00
   3.1569327e+08   3.3900000e+00
   3.1569463e+08   3.0300000e+00
   3.1569599e+08   3.2300000e+00
   3.1569735e+08   3.3000000e+00
   3.1569871e+08   2.9600000e+00
   3.1570007e+08   3.3800000e+00
   3.1570143e+08   3.1200000e+00
   3.1570279e+08   3.1200000e+00
   3.1570415e+08   3.3000000e+00
   3.1570551e+08   3.1000000e+00
   3.1570687e+08   3.3000000e+00
   3.1570823e+08   3.1000000e+00
   3.1570959e+08   3.2700000e+00
   3.1571095e+08   3.2300000e+00
   3.1571231e+08   3.0400000e+00
   3.1571367e+08   3.4000000e+00
   3.1571503e+08   3.0400000e+00
   3.1571639e+08   3.1900000e+00
   3.1571775e+08   3.3100000e+00
   3.1571911e+08   3.0400000e+00
   3.1572047e+08   3.3000000e+00
   3.1572183e+08   3.1300000e+00
   3.1572319e+08   3.2300000e+00
   3.1572455e+08   3.2300000e+00
   3.1572591e+08   3.1300000e+00
   3.1572727e+08   3.3500000e+00
   3.1572863e+08   3.0400000e+00
   3.1572999e+08   3.2600000e+00
   3.1573135e+08   3.2500000e+00
   3.1573271e+08   3.0200000e+00
   3.1573407e+08   3.3600000e+00
   3.1573543e+08   3.0900000e+00
   3.1573679e+08   3.1900000e+00
   3.1573815e+08   3.2400000e+00
   3.1573951e+08   3.1300000e+00
   3.1574087e+08   3.3000000e+00
   3.1574223e+08   3.1000000e+00
   3.1574359e+08   3.3000000e+00
   3.1574495e+08   3.1900000e+00
   3.1574631e+08   3.0800000e+00
   3.1574767e+08   3.3600000e+00
   3.1574903e+08   3.0400000e+00
   3.1575039e+08   3.2300000e+00
   3.1575175e+08   3.2600000e+00
   3.1575311e+08   3.0800000e+00
   3.1575447e+08   3.3000000e+00
   3.1575583e+08   3.1200000e+00
   3.1575719e+08   3.2700000e+00
   3.1575855e+08   3.2000000e+00
   3.1575991e+08   3.1700000e+00
   3.1576127e+08   3.3300000e+00
   3.1576263e+08   3.0500000e+00
   3.1576399e+08   3.2900000e+00
   3.1576535e+08   3.2000000e+00
   3.1576671e+08   3.0800000e+00
   3.1576807e+08   3.3400000e+00
   3.1576943e+08   3.0900000e+00
   3.1577079e+08   3.2400000e+00
   3.1577215e+08   3.2200000e+00
   3.1577351e+08   3.1600000e+00
   3.1577487e+08   3.3000000e+00
   3.1577623e+08   3.1100000e+00
   3.1577759e+08   3.3000000e+00
   3.1577895e+08   3.1600000e+00
   3.1578031e+08   3.1400000e+00
   3.1578167e+08   3.3200000e+00
   3.1578303e+08   3.0500000e+00
   3.1578439e+08   3.2700000e+00
   3.1578575e+08   3.2100000e+00
   3.1578711e+08   3.1200000e+00
   3.1578847e+08   3.3000000e+00
   3.1578983e+08   3.1300000e+00
   3.1579119e+08   3.2900000e+00
   3.1579255e+08   3.1900000e+00
   3.1579391e+08   3.2000000e+00
   3.1579527e+08   3.2900000e+00
   3.1579663e+08   3.0700000e+00
   3.1579799e+08   3.3100000e+00
   3.1579935e+08   3.1600000e+00
   3.1580071e+08   3.1400000e+00
   3.1580207e+08   3.3100000e+00
   3.1580343e+08   3.1000000e+00
   3.1580479e+08   3.2600000e+00
   3.1580615e+08   3.2000000e+00
   3.1580751e+08   3.1900000e+00
   3.1580887e+08   3.2800000e+00
   3.1581023e+08   3.1300000e+00
   3.1581159e+08   3.3000000e+00
   3.1581295e+08   3.1300000e+00
   3.1581431e+08   3.1900000e+00
   3.1581567e+08   3.2800000e+00
   3.1581703e+08   3.0700000e+00
   3.1581839e+08   3.2900000e+00
   3.1581975e+08   3.1800000e+00
   3.1582111e+08   3.1600000e+00
   3.1582247e+08   3.2800000e+00
   3.1582383e+08   3.1400000e+00
   3.1582519e+08   3.2800000e+00
   3.1582655e+08   3.1700000e+00
   3.1582791e+08   3.2100000e+00
   3.1582927e+08   3.2600000e+00
   3.1583063e+08   3.0900000e+00
   3.1583199e+08   3.3000000e+00
   3.1583335e+08   3.1400000e+00
   3.1583471e+08   3.1800000e+00
   3.1583607e+08   3.2800000e+00
   3.1583743e+08   3.1100000e+00
   3.1583879e+08   3.2800000e+00
   3.1584015e+08   3.1900000e+00
   3.1584151e+08   3.2200000e+00
   3.1584287e+08   3.2600000e+00
   3.1584423e+08   3.1500000e+00
   3.1584559e+08   3.3000000e+00
   3.1584695e+08   3.1300000e+00
   3.1584831e+08   3.2200000e+00
   3.1584967e+08   3.2600000e+00
   3.1585103e+08   3.1000000e+00
   3.1585239e+08   3.3000000e+00
   3.1585375e+08   3.1600000e+00
   3.1585511e+08   3.2000000e+00
   3.1585647e+08   3.2700000e+00
   3.1585783e+08   3.1700000e+00
   3.1585919e+08   3.3000000e+00
   3.1586055e+08   3.1700000e+00
   3.1586191e+08   3.2400000e+00
   3.1586327e+08   3.2400000e+00
   3.1586463e+08   3.1300000e+00
   3.1586599e+08   3.3000000e+00
   3.1586735e+08   3.1400000e+00
   3.1586871e+08   3.2200000e+00
   3.1587007e+08   3.2600000e+00
   3.1587143e+08   3.1300000e+00
   3.1587279e+08   3.2900000e+00
   3.1587415e+08   3.1900000e+00
   3.1587551e+08   3.2500000e+00
   3.1587687e+08   3.2500000e+00
   3.1587823e+08   3.1700000e+00
   3.1587959e+08   3.2800000e+00
   3.1588095e+08   3.1400000e+00
   3.1588231e+08   3.2400000e+00
   3.1588367e+08   3.2300000e+00
   3.1588503e+08   3.1300000e+00
   3.1588639e+08   3.2900000e+00
   3.1588775e+08   3.1500000e+00
   3.1588911e+08   3.2300000e+00
   3.1589047e+08   3.2600000e+00
   3.1589183e+08   3.1800000e+00
   3.1589319e+08   3.2800000e+00
   3.1589455e+08   3.1600000e+00
   3.1589591e+08   3.2400000e+00
   3.1589727e+08   3.2100000e+00
   3.1589863e+08   3.1500000e+00
   3.1589999e+08   3.2800000e+00
   3.1590135e+08   3.1300000e+00
   3.1590271e+08   3.2400000e+00
   3.1590407e+08   3.2300000e+00
   3.1590543e+08   3.1500000e+00
   3.1590679e+08   3.2900000e+00
   3.1590815e+08   3.1700000e+00
   3.1590951e+08   3.2500000e+00
   3.1591087e+08   3.2200000e+00
   3.1591223e+08   3.1700000e+00
   3.1591359e+08   3.2600000e+00
   3.1591495e+08   3.1300000e+00
   3.1591631e+08   3.2400000e+00
   3.1591767e+08   3.2000000e+00
   3.1591903e+08   3.1500000e+00
   3.1592039e+08   3.2800000e+00
   3.1592175e+08   3.1400000e+00
   3.1592311e+08   3.2500000e+00
   3.1592447e+08   3.2400000e+00
   3.1592583e+08   3.1900000e+00
   3.1592719e+08   3.2700000e+00
   3.1592855e+08   3.1500000e+00
   3.1592991e+08   3.2400000e+00
   3.1593127e+08   3.1900000e+00
   3.1593263e+08   3.1700000e+00
   3.1593399e+08   3.2600000e+00
   3.1593535e+08   3.1400000e+00
   3.1593671e+08   3.2500000e+00
   3.1593807e+08   3.2100000e+00
   3.1593943e+08   3.1700000e+00
   3.1594079e+08   3.2700000e+00
   3.1594215e+08   3.1700000e+00
   3.1594351e+08   3.2600000e+00
   3.1594487e+08   3.2000000e+00
   3.1594623e+08   3.1900000e+00
   3.1594759e+08   3.2500000e+00
   3.1594895e+08   3.1500000e+00
   3.1595031e+08   3.2500000e+00
   3.1595167e+08   3.1900000e+00
   3.1595303e+08   3.1800000e+00
   3.1595439e+08   3.2600000e+00
   3.1595575e+08   3.1500000e+00
   3.1595711e+08   3.2600000e+00
   3.1595847e+08   3.2200000e+00
   3.1595983e+08   3.2100000e+00
   3.1596119e+08   3.2600000e+00
   3.1596255e+08   3.1600000e+00
   3.1596391e+08   3.2500000e+00
   3.1596527e+08   3.1800000e+00
   3.1596663e+08   3.2000000e+00
   3.1596799e+08   3.2500000e+00
   3.1596935e+08   3.1500000e+00
   3.1597071e+08   3.2600000e+00
   3.1597207e+08   3.2000000e+00
   3.1597343e+08   3.2000000e+00
   3.1597479e+08   3.2700000e+00
   3.1597615e+08   3.1800000e+00
   3.1597751e+08   3.2600000e+00
   3.1597887e+08   3.2000000e+00
   3.1598023e+08   3.2000000e+00
   3.1598159e+08   3.2400000e+00
   3.1598295e+08   3.1600000e+00
   3.1598431e+08   3.2600000e+00
   3.1598567e+08   3.1800000e+00
   3.1598703e+08   3.2000000e+00
   3.1598839e+08   3.2600000e+00
   3.1598975e+08   3.1700000e+00
   3.1599111e+08   3.2700000e+00
   3.1599247e+08   3.2200000e+00
   3.1599383e+08   3.2200000e+00
   3.1599519e+08   3.2500000e+00
   3.1599655e+08   3.1700000e+00
   3.1599791e+08   3.2500000e+00
   3.1599927e+08   3.1800000e+00
   3.1600063e+08   3.2100000e+00
   3.1600199e+08   3.2400000e+00
   3.1600335e+08   3.1600000e+00
   3.1600471e+08   3.2600000e+00
   3.1600607e+08   3.2000000e+00
   3.1600743e+08   3.2200000e+00
   3.1600879e+08   3.2600000e+00
   3.1601015e+08   3.1900000e+00
   3.1601151e+08   3.2500000e+00
   3.1601287e+08   3.1900000e+00
   3.1601423e+08   3.2100000e+00
   3.1601559e+08   3.2200000e+00
   3.1601695e+08   3.1700000e+00
   3.1601831e+08   3.2500000e+00
   3.1601967e+08   3.1700000e+00
   3.1602103e+08   3.2200000e+00
   3.1602239e+08   3.2400000e+00
   3.1602375e+08   3.1800000e+00
   3.1602511e+08   3.2700000e+00
   3.1602647e+08   3.2100000e+00
   3.1602783e+08   3.2200000e+00
   3.1602919e+08   3.2200000e+00
   3.1603055e+08   3.1800000e+00
   3.1603191e+08   3.2400000e+00
   3.1603327e+08   3.1700000e+00
   3.1603463e+08   3.2200000e+00
   3.1603599e+08   3.2200000e+00
   3.1603735e+08   3.1700000e+00
   3.1603871e+08   3.2600000e+00
   3.1604007e+08   3.1900000e+00
   3.1604143e+08   3.2300000e+00
   3.1604279e+08   3.2500000e+00
   3.1604415e+08   3.1900000e+00
