628310440 3.29
628311800 3.27
628313160 3.24
628314520 3.23
628315880 3.22
628317240 3.22
628318600 3.22
628319960 3.23
628321320 3.23
628322680 3.24
628324040 3.27
628325400 3.29
628326760 3.29
628328120 3.28
628329488 3.25
628330840 3.22
628332200 3.23
628333560 3.22
628334920 3.22
628336280 3.23
628337640 3.23
628339000 3.24
628340360 3.26
628341720 3.29
628343080 3.29
628344440 3.28
628345800 3.26
628347160 3.23
628348520 3.23
628349880 3.22
628351240 3.22
628352600 3.23
628353960 3.23
628355320 3.24
628356680 3.26
628358040 3.28
628359400 3.29
628360760 3.29
628362120 3.26
628363480 3.23
628364840 3.22
628366200 3.22
628367560 3.22
628368920 3.22
628370280 3.23
628371640 3.24
628373000 3.25
628374360 3.27
628375720 3.29
628377080 3.28
628378440 3.26
628379800 3.23
628381160 3.22
628382520 3.22
628383880 3.22
628385240 3.22
628386600 3.23
628387960 3.23
628389320 3.24
628390680 3.27
628392040 3.28
628393400 3.28
628394760 3.27
628396120 3.24
628397480 3.22
628398840 3.22
628400200 3.22
628401560 3.22
628402920 3.23
628404280 3.23
628405640 3.24
628407000 3.26
628408360 3.28
628409720 3.28
628411080 3.27
628412440 3.25
628413800 3.22
628415160 3.22
628416528 3.22
628417880 3.22
628419240 3.23
628420600 3.23
628421960 3.24
628423320 3.26
628424680 3.28
628426040 3.29
628427400 3.28
628428760 3.26
628430120 3.23
628431480 3.22
628432840 3.22
628434200 3.22
628435560 3.22
628436920 3.23
628438280 3.24
628439640 3.25
628441000 3.27
628442360 3.29
628443720 3.28
628445080 3.26
628446440 3.23
628447800 3.22
628449160 3.22
628450520 3.22
628451880 3.22
628453240 3.23
628454600 3.24
628455960 3.24
628457320 3.27
628458680 3.29
628460040 3.29
628461400 3.27
628462760 3.24
628464120 3.22
628465480 3.22
628466840 3.22
628468200 3.22
628469560 3.23
628470920 3.23
628472280 3.24
628473640 3.26
628475000 3.29
628476360 3.29
628477720 3.28
628479080 3.25
628480440 3.23
628481800 3.23
628483160 3.22
628484520 3.22
628485880 3.23
628487240 3.24
628488600 3.24
628489960 3.26
628491320 3.28
628492680 3.29
628494040 3.28
628495400 3.26
628496760 3.23
628498120 3.23
628499480 3.23
628500840 3.22
628502200 3.23
628503568 3.24
628504920 3.24
628506280 3.25
628507640 3.28
628509000 3.29
628510360 3.29
628511720 3.26
628513080 3.24
628514440 3.23
628515800 3.23
628517160 3.22
628518520 3.22
628519880 3.24
628521240 3.24
628522600 3.24
628523960 3.27
628525320 3.29
628526680 3.29
628528040 3.27
628529400 3.25
628530760 3.23
628532120 3.23
628533480 3.22
628534840 3.22
628536200 3.24
628537560 3.24
628538920 3.24
628540280 3.26
628541640 3.29
628543000 3.29
628544360 3.28
628545720 3.25
628547080 3.23
628548440 3.23
628549800 3.22
628551160 3.23
628552520 3.23
628553880 3.24
628555240 3.24
628556600 3.26
628557960 3.29
628559320 3.29
628560680 3.29
628562040 3.26
628563400 3.23
628564760 3.23
628566120 3.23
628567480 3.22
628568840 3.23
628570200 3.24
628571560 3.24
628572920 3.26
628574280 3.28
628575640 3.29
628577000 3.29
628578360 3.27
628579720 3.24
628581080 3.23
628582440 3.23
628583800 3.22
628585160 3.23
628586520 3.24
628587880 3.24
628589240 3.24
628590608 3.27
628591960 3.29
628593320 3.29
628594680 3.28
628596040 3.25
628597400 3.23
628598760 3.23
628600120 3.22
628601480 3.23
628602840 3.23
628604200 3.24
628605560 3.24
628606920 3.26
628608280 3.29
628609640 3.29
628611000 3.28
628612360 3.25
628613720 3.23
628615080 3.23
628616440 3.22
628617800 3.22
628619160 3.23
628620520 3.24
628621880 3.24
628623240 3.26
628624600 3.28
628625960 3.29
628627320 3.29
628628680 3.26
628630040 3.23
628631400 3.23
628632760 3.23
628634120 3.22
628635480 3.23
628636840 3.24
628638200 3.24
628639560 3.25
628640920 3.28
628642280 3.29
628643640 3.29
628645000 3.27
628646360 3.24
628647720 3.23
628649080 3.23
628650440 3.22
628651800 3.23
628653160 3.24
628654520 3.24
628655880 3.24
628657240 3.27
628658600 3.29
628659960 3.29
628661320 3.27
628662680 3.25
628664040 3.23
628665400 3.23
628666760 3.22
628668120 3.23
628669480 3.23
628670840 3.24
628672200 3.24
628673560 3.26
628674920 3.29
628676280 3.29
628677648 3.28
628679000 3.26
628680360 3.23
628681720 3.23
628683080 3.23
628684440 3.23
628685800 3.23
628687160 3.23
628688520 3.24
628689880 3.26
628691240 3.28
628692600 3.29
628693960 3.29
628695320 3.26
628696680 3.23
628698040 3.23
628699400 3.22
628700760 3.22
628702120 3.23
628703480 3.23
628704840 3.24
628706200 3.25
628707560 3.28
628708920 3.29
628710280 3.29
628711640 3.27
628713000 3.24
628714360 3.23
628715720 3.23
628717080 3.22
628718440 3.23
628719800 3.23
628721160 3.24
628722520 3.24
628723880 3.27
628725240 3.29
628726600 3.29
628727960 3.27
628729320 3.25
628730680 3.23
628732040 3.23
628733400 3.22
628734760 3.22
628736120 3.23
628737480 3.24
628738840 3.24
628740200 3.26
628741560 3.29
628742920 3.29
628744280 3.28
628745640 3.25
628747000 3.23
628748360 3.23
628749720 3.23
628751080 3.22
628752440 3.23
628753800 3.24
628755160 3.24
628756520 3.26
628757880 3.29
628759240 3.29
628760600 3.29
628761960 3.26
628763320 3.23
628764688 3.23
628766040 3.23
628767400 3.22
628768760 3.23
628770120 3.24
628771480 3.24
628772840 3.25
628774200 3.28
628775560 3.29
628776920 3.29
628778280 3.27
628779640 3.24
628781000 3.23
628782360 3.23
628783720 3.22
628785080 3.23
628786440 3.24
628787800 3.24
628789160 3.24
628790520 3.27
628791880 3.29
628793240 3.29
628794600 3.27
628795960 3.25
628797320 3.23
628798680 3.23
628800040 3.22
628801400 3.22
628802760 3.23
628804120 3.24
628805480 3.24
628806840 3.27
628808200 3.29
628809560 3.29
628810920 3.28
628812280 3.26
628813640 3.23
628815000 3.23
628816360 3.23
628817720 3.23
628819080 3.23
628820440 3.24
628821800 3.24
628823160 3.26
628824520 3.28
628825880 3.29
628827240 3.29
628828600 3.26
628829960 3.23
628831320 3.23
628832680 3.23
628834040 3.22
628835400 3.23
628836760 3.24
628838120 3.24
628839480 3.25
628840840 3.28
628842200 3.29
628843560 3.29
628844920 3.27
628846280 3.24
628847640 3.23
628849000 3.23
628850360 3.22
628851728 3.23
628853080 3.24
628854440 3.24
628855800 3.24
628857160 3.27
628858520 3.29
628859880 3.29
628861240 3.27
628862600 3.25
628863960 3.23
628865320 3.23
628866680 3.22
628868040 3.23
628869400 3.23
628870760 3.24
628872120 3.24
628873480 3.26
628874840 3.29
628876200 3.29
628877560 3.28
628878920 3.26
628880280 3.23
628881640 3.23
628883000 3.23
628884360 3.23
628885720 3.23
628887080 3.24
628888440 3.24
628889800 3.26
628891160 3.29
628892520 3.29
628893880 3.28
628895240 3.26
628896600 3.23
628897960 3.23
628899320 3.23
628900680 3.22
628902040 3.22
628903400 3.23
628904760 3.24
628906120 3.25
628907480 3.28
628908840 3.29
628910200 3.29
628911560 3.26
628912920 3.24
628914280 3.22
628915640 3.23
628917000 3.22
628918360 3.22
628919720 3.23
628921080 3.24
628922440 3.24
628923800 3.27
628925160 3.29
628926520 3.29
628927880 3.27
628929240 3.24
628930600 3.22
628931960 3.22
628933320 3.22
628934680 3.22
628936040 3.23
628937400 3.23
628938768 3.24
628940120 3.26
628941480 3.28
628942840 3.29
628944200 3.28
628945560 3.25
628946920 3.22
628948280 3.22
628949640 3.22
628951000 3.22
628952360 3.23
628953720 3.23
628955080 3.24
628956440 3.26
628957800 3.28
628959160 3.29
628960520 3.28
628961880 3.26
628963240 3.23
628964600 3.22
628965960 3.23
628967320 3.22
628968680 3.22
628970040 3.23
628971400 3.24
628972760 3.25
628974120 3.27
628975480 3.29
628976840 3.29
628978200 3.26
628979560 3.24
628980920 3.22
628982280 3.22
628983640 3.22
628985000 3.22
628986360 3.23
628987720 3.24
628989080 3.24
628990440 3.27
628991800 3.29
628993160 3.29
628994520 3.28
628995880 3.25
628997240 3.23
628998600 3.23
628999960 3.22
629001320 3.22
629002680 3.23
629004040 3.24
629005400 3.24
629006760 3.26
629008120 3.29
629009480 3.29
629010840 3.28
629012200 3.26
629013560 3.23
629014920 3.22
629016280 3.23
629017640 3.22
629019000 3.23
629020360 3.23
629021720 3.24
629023080 3.26
629024440 3.28
629025808 3.29
629027160 3.29
629028520 3.26
629029880 3.23
629031240 3.23
629032600 3.23
629033960 3.22
629035320 3.23
629036680 3.24
629038040 3.24
629039400 3.25
629040760 3.28
629042120 3.29
629043480 3.29
629044840 3.27
629046200 3.24
629047560 3.23
629048920 3.23
629050280 3.22
629051640 3.22
629053000 3.23
629054360 3.24
629055720 3.24
629057080 3.27
629058440 3.29
629059800 3.29
629061160 3.27
629062520 3.25
629063880 3.23
629065240 3.23
629066600 3.22
629067960 3.23
629069320 3.23
629070680 3.24
629072040 3.24
629073400 3.26
629074760 3.28
629076120 3.29
629077480 3.28
629078840 3.26
629080200 3.23
629081560 3.23
629082920 3.23
629084280 3.22
629085640 3.23
629087000 3.24
629088360 3.24
629089720 3.26
629091080 3.28
629092440 3.29
629093800 3.28
629095160 3.26
629096520 3.23
629097880 3.23
629099240 3.23
629100600 3.23
629101960 3.23
629103320 3.24
629104680 3.24
629106040 3.25
629107400 3.28
629108760 3.29
629110120 3.29
629111480 3.27
629112848 3.24
629114200 3.23
629115560 3.23
629116920 3.22
629118280 3.23
629119640 3.23
629121000 3.24
629122360 3.24
629123720 3.27
629125080 3.29
629126440 3.29
629127800 3.27
629129160 3.25
629130520 3.23
629131880 3.23
629133240 3.22
629134600 3.23
629135960 3.23
629137320 3.24
629138680 3.24
629140040 3.26
629141400 3.29
629142760 3.29
629144120 3.28
629145480 3.26
629146840 3.23
629148200 3.23
629149560 3.23
629150920 3.22
629152280 3.23
629153640 3.24
629155000 3.24
629156360 3.26
629157720 3.28
629159080 3.29
629160440 3.29
629161800 3.26
629163160 3.23
629164520 3.23
629165880 3.23
629167240 3.22
629168600 3.23
629169960 3.24
629171320 3.24
629172680 3.25
629174040 3.27
629175400 3.29
629176760 3.29
629178120 3.27
629179480 3.24
629180840 3.23
629182200 3.23
629183560 3.22
629184920 3.23
629186280 3.23
629187640 3.24
629189000 3.24
629190360 3.27
629191720 3.29
629193080 3.29
629194440 3.27
629195800 3.25
629197160 3.23
629198520 3.23
629199888 3.22
629201240 3.22
629202600 3.23
629203960 3.24
629205320 3.24
629206680 3.26
629208040 3.29
629209400 3.29
629210760 3.28
629212120 3.26
629213480 3.23
629214840 3.23
629216200 3.23
629217560 3.22
629218920 3.23
629220280 3.24
629221640 3.24
629223000 3.26
629224360 3.28
629225720 3.29
629227080 3.29
629228440 3.26
629229800 3.23
629231160 3.23
629232520 3.23
629233880 3.22
629235240 3.23
629236600 3.23
629237960 3.24
629239320 3.25
629240680 3.28
629242040 3.29
629243400 3.29
629244760 3.27
629246120 3.24
629247480 3.23
629248840 3.23
629250200 3.22
629251560 3.23
629252920 3.23
629254280 3.24
629255640 3.24
629257000 3.27
629258360 3.29
629259720 3.29
629261080 3.27
629262440 3.25
629263800 3.23
629265160 3.23
629266520 3.22
629267880 3.23
629269240 3.23
629270600 3.24
629271960 3.24
629273320 3.26
629274680 3.29
629276040 3.29
629277400 3.28
629278760 3.26
629280120 3.23
629281480 3.23
629282840 3.23
629284200 3.22
629285560 3.23
629286928 3.24
629288280 3.24
629289640 3.26
629291000 3.28
629292360 3.29
629293720 3.29
629295080 3.26
629296440 3.23
629297800 3.23
629299160 3.23
629300520 3.22
629301880 3.23
629303240 3.23
629304600 3.24
629305960 3.25
629307320 3.28
629308680 3.29
629310040 3.29
629311400 3.27
629312760 3.24
629314120 3.23
629315480 3.23
629316840 3.22
629318200 3.22
629319560 3.23
629320920 3.24
629322280 3.24
629323640 3.27
629325000 3.29
629326360 3.29
629327720 3.28
629329080 3.25
629330440 3.23
629331800 3.22
629333160 3.22
629334520 3.22
629335880 3.23
629337240 3.24
629338600 3.24
629339960 3.26
629341320 3.29
629342680 3.29
629344040 3.28
629345400 3.26
629346760 3.23
629348120 3.22
629349480 3.22
629350840 3.22
629352200 3.23
629353560 3.23
629354920 5.00
629356280 4.36
629357640 3.57
629359000 0.00
629360360 5.00
629361720 0.32
629363080 0.00
629364440 4.12
629365800 0.48
629367160 3.60
629368520 3.40
629369880 2.40
629371240 3.63
629372600 1.68
629373968 4.08
629375320 1.83
629376680 3.06
629378040 2.73
629379400 2.15
629380760 4.54
629382120 2.25
629383480 4.08
629384840 2.24
629386200 3.61
629387560 3.00
629388920 2.45
629390280 4.16
629391640 1.29
629393000 4.49
629394360 2.96
629395720 3.21
629397080 3.98
629398440 2.01
629399800 4.18
629401160 2.16
629402520 4.02
629403880 2.52
629405240 2.66
629406600 4.36
629407960 2.04
629409320 4.72
629410680 2.73
629412040 3.23
629413400 3.19
629414760 2.73
629416120 3.99
629417480 1.97
629418840 4.16
629420200 2.64
629421560 3.27
629422920 4.03
629424280 2.53
629425640 3.78
629427000 2.62
629428360 3.80
629429720 2.75
629431080 3.21
629432440 3.52
629433800 2.48
629435160 4.13
629436520 2.93
629437880 3.48
629439240 3.03
629440600 3.25
629441960 3.35
629443320 2.83
629444680 3.89
629446040 2.48
629447400 3.72
629448760 3.30
629450120 3.10
629451480 3.55
629452840 2.76
629454200 3.73
629455560 2.56
629456920 3.82
629458280 3.02
629459640 2.88
629461008 3.96
629462360 2.59
629463720 3.97
629465080 2.82
629466440 3.38
629467800 3.20
629469160 2.83
629470520 3.89
629471880 2.36
629473240 3.90
629474600 3.05
629475960 3.17
629477320 3.79
629478680 2.77
629480040 3.66
629481400 2.74
629482760 3.59
629484120 3.05
629485480 3.00
629486840 3.67
629488200 2.69
629489560 3.74
629490920 3.17
629492280 3.33
629493640 3.26
629495000 3.19
629496360 3.37
629497720 2.86
629499080 3.61
629500440 2.91
629501800 3.33
629503160 3.34
629504520 3.19
629505880 3.34
629507240 3.04
629508600 3.63
629509960 2.85
629511320 3.56
629512680 3.17
629514040 2.95
629515400 3.60
629516760 2.91
629518120 3.60
629519480 2.95
629520840 3.42
629522200 3.20
629523560 2.95
629524920 3.78
629526280 2.73
629527640 3.61
629529000 3.17
629530360 3.15
629531720 3.48
629533080 2.94
629534440 3.56
629535800 2.85
629537160 3.49
629538520 3.18
629539880 3.01
629541240 3.61
629542600 2.99
629543960 3.50
629545320 3.19
629546680 3.31
629548048 3.18
629549400 3.15
629550760 3.41
629552120 2.95
629553480 3.43
629554840 3.12
629556200 3.26
629557560 3.32
629558920 3.29
629560280 3.34
629561640 3.08
629563000 3.50
629564360 2.98
629565720 3.32
629567080 3.25
629568440 3.06
629569800 3.40
629571160 3.07
629572520 3.48
629573880 3.06
629575240 3.43
629576600 3.32
629577960 3.03
629579320 3.55
629580680 2.94
629582040 3.36
629583400 3.18
629584760 3.22
629586120 3.33
629587480 3.06
629588840 3.50
629590200 3.01
629591560 3.42
629592920 3.30
629594280 3.11
629595640 3.40
629597000 3.09
629598360 3.35
629599720 3.13
629601080 3.33
629602440 3.20
629603800 3.15
629605160 3.40
629606520 3.08
629607880 3.36
629609240 3.22
629610600 3.31
629611960 3.24
629613320 3.24
629614680 3.32
629616040 3.06
629617400 3.40
629618760 3.11
629620120 3.24
629621480 3.27
629622840 3.17
629624200 3.35
629625560 3.17
629626920 3.46
629628280 3.13
629629640 3.28
629631000 3.30
629632360 3.08
629633720 3.36
629635088 3.10
629636440 3.29
629637800 3.18
629639160 3.27
629640520 3.31
629641880 3.17
629643240 3.45
629644600 3.14
629645960 3.30
629647320 3.23
629648680 3.17
629650040 3.26
629651400 3.16
629652760 3.33
629654120 3.12
629655480 3.33
629656840 3.26
629658200 3.23
629659560 3.38
629660920 3.19
629662280 3.30
629663640 3.15
629665000 3.28
629666360 3.19
629667720 3.20
629669080 3.33
629670440 3.12
629671800 3.33
629673160 3.22
629674520 3.27
629675880 3.30
629677240 3.25
629678600 3.30
629679960 3.14
629681320 3.32
629682680 3.17
629684040 3.23
629685400 3.28
629686760 3.18
629688120 3.28
629689480 3.20
629690840 3.32
629692200 3.23
629693560 3.31
629694920 3.28
629696280 3.17
629697640 3.30
629699000 3.17
629700360 3.26
629701720 3.20
629703080 3.24
629704440 3.24
629705800 3.19
629707160 3.35
629708520 3.20
629709880 3.34
629711240 3.26
629712600 3.22
629713960 3.28
629715320 3.17
629716680 3.27
629718040 3.16
629719400 3.26
629720760 3.23
629722128 3.20
629723480 3.33
629724840 3.23
629726200 3.33
629727560 3.26
629728920 3.25
629730280 3.23
629731640 3.20
629733000 3.25
629734360 3.18
629735720 3.26
629737080 3.22
629738440 3.24
629739800 3.27
629741160 3.27
629742520 3.29
629743880 3.26
629745240 3.28
629746600 3.18
629747960 3.25
629749320 3.22
629750680 3.20
629752040 3.26
629753400 3.20
629754760 3.27
629756120 3.22
629757480 3.29
629758840 3.29
629760200 3.25
629761560 3.31
629762920 3.18
629764280 3.26
629765640 3.22
629767000 3.21
629768360 3.25
629769720 3.20
629771080 3.26
629772440 3.22
629773800 3.28
629775160 3.29
629776520 3.26
629777880 3.29
629779240 3.22
629780600 3.23
629781960 3.23
629783320 3.22
629784680 3.22
629786040 3.23
629787400 3.24
629788760 3.23
629790120 3.27
629791480 3.27
629792840 3.30
629794200 3.27
629795560 3.26
629796920 3.23
629798280 3.21
629799640 3.25
629801000 3.19
629802360 3.25
629803720 3.22
629805080 3.23
629806440 3.27
629807800 3.26
629809168 3.31
629810520 3.26
629811880 3.26
629813240 3.23
629814600 3.20
629815960 3.25
629817320 3.20
629818680 3.23
629820040 3.24
629821400 3.23
629822760 3.26
629824120 3.27
629825480 3.29
629826840 3.28
629828200 3.26
629829560 3.24
629830920 3.22
629832280 3.22
629833640 3.23
629835000 3.22
629836360 3.24
629837720 3.24
629839080 3.23
629840440 3.28
629841800 3.28
629843160 3.28
629844520 3.27
629845880 3.23
629847240 3.24
629848600 3.21
629849960 3.23
629851320 3.23
629852680 3.22
629854040 3.25
629855400 3.22
629856760 3.27
629858120 3.28
629859480 3.27
629860840 3.28
629862200 3.24
629863560 3.23
629864920 3.23
629866280 3.22
629867640 3.23
629869000 3.22
629870360 3.24
629871720 3.24
629873080 3.25
629874440 3.29
629875800 3.28
629877160 3.28
629878520 3.26
629879880 3.22
629881240 3.23
629882600 3.22
629883960 3.22
629885320 3.23
629886680 3.22
629888040 3.25
629889400 3.25
629890760 3.27
629892120 3.29
629893480 3.27
629894840 3.27
629896208 3.24
629897560 3.22
629898920 3.23
629900280 3.21
629901640 3.23
629903000 3.23
629904360 3.23
629905720 3.25
629907080 3.26
629908440 3.29
629909800 3.28
629911160 3.26
629912520 3.25
629913880 3.22
629915240 3.23
629916600 3.22
629917960 3.22
629919320 3.24
629920680 3.23
629922040 3.24
629923400 3.26
629924760 3.28
629926120 3.29
629927480 3.27
629928840 3.26
629930200 3.23
629931560 3.22
629932920 3.23
629934280 3.22
629935640 3.23
629937000 3.24
629938360 3.23
629939720 3.26
629941080 3.27
629942440 3.28
629943800 3.28
629945160 3.25
629946520 3.24
629947880 3.22
629949240 3.22
629950600 3.23
629951960 3.22
629953320 3.24
629954680 3.23
629956040 3.25
629957400 3.28
629958760 3.28
629960120 3.29
629961480 3.26
629962840 3.24
629964200 3.23
629965560 3.22
629966920 3.23
629968280 3.22
629969640 3.23
629971000 3.24
629972360 3.24
629973720 3.27
629975080 3.28
629976440 3.28
629977800 3.27
629979160 3.24
629980520 3.23
629981880 3.23
629983248 3.22
629984600 3.23
629985960 3.23
629987320 3.24
629988680 3.24
629990040 3.26
629991400 3.29
629992760 3.28
629994120 3.28
629995480 3.25
629996840 3.22
629998200 3.23
629999560 3.22
630000920 3.22
630002280 3.23
630003640 3.23
630005000 3.24
630006360 3.25
630007720 3.28
630009080 3.29
630010440 3.28
630011800 3.26
630013160 3.23
630014520 3.23
630015880 3.23
630017240 3.22
630018600 3.23
630019960 3.23
630021320 3.24
630022680 3.25
630024040 3.27
630025400 3.29
630026760 3.28
630028120 3.26
630029480 3.24
630030840 3.22
630032200 3.23
630033560 3.22
630034920 3.22
630036280 3.24
630037640 3.23
630039000 3.25
630040360 3.27
630041720 3.28
630043080 3.29
630044440 3.27
630045800 3.25
630047160 3.22
630048520 3.22
630049880 3.22
630051240 3.22
630052600 3.23
630053960 3.24
630055320 3.24
630056680 3.26
630058040 3.28
630059400 3.28
630060760 3.28
630062120 3.25
630063480 3.23
630064840 3.22
630066200 3.22
630067560 3.22
630068920 3.22
630070288 3.24
630071640 3.24
630073000 3.26
630074360 3.28
630075720 3.28
630077080 3.29
630078440 3.26
630079800 3.23
630081160 3.23
630082520 3.22
630083880 3.23
630085240 3.22
630086600 3.24
630087960 3.24
630089320 3.25
630090680 3.28
630092040 3.28
630093400 3.28
630094760 3.26
630096120 3.23
630097480 3.23
630098840 3.22
630100200 3.22
630101560 3.23
630102920 3.23
630104280 3.24
630105640 3.24
630107000 3.26
630108360 3.29
630109720 3.28
630111080 3.27
630112440 3.25
630113800 3.23
630115160 3.23
630116520 3.22
630117880 3.22
630119240 3.23
630120600 3.23
630121960 3.24
630123320 3.26
630124680 3.28
630126040 3.28
630127400 3.27
630128760 3.26
630130120 3.22
630131480 3.23
630132840 3.22
630134200 3.22
630135560 3.23
630136920 3.23
630138280 3.24
630139640 3.26
630141000 3.28
630142360 3.29
630143720 3.28
630145080 3.26
630146440 3.23
630147800 3.22
630149160 3.23
630150520 3.22
630151880 3.22
630153240 3.23
630154600 3.23
630155960 3.25
630157328 3.27
630158680 3.29
630160040 3.28
630161400 3.26
630162760 3.24
630164120 3.22
630165480 3.23
630166840 3.22
630168200 3.22
630169560 3.23
630170920 3.24
630172280 3.24
630173640 3.26
630175000 3.28
630176360 3.29
630177720 3.27
630179080 3.25
630180440 3.23
630181800 3.22
630183160 3.22
630184520 3.22
630185880 3.23
630187240 3.24
630188600 3.24
630189960 3.26
630191320 3.28
630192680 3.28
630194040 3.28
630195400 3.25
630196760 3.23
630198120 3.23
630199480 3.22
630200840 3.23
630202200 3.22
630203560 3.24
630204920 3.24
630206280 3.26
630207640 3.28
630209000 3.28
630210360 3.28
630211720 3.26
630213080 3.23
630214440 3.23
630215800 3.22
630217160 3.22
630218520 3.23
630219880 3.23
630221240 3.24
630222600 3.25
630223960 3.27
630225320 3.29
630226680 3.28
630228040 3.27
630229400 3.24
630230760 3.23
630232120 3.23
630233480 3.22
630234840 3.23
630236200 3.23
630237560 3.24
630238920 3.24
630240280 3.26
630241640 3.28
630243000 3.28
630244368 3.27
630245720 3.25
630247080 3.23
630248440 3.23
630249800 3.22
630251160 3.22
630252520 3.23
630253880 3.23
630255240 3.24
630256600 3.26
630257960 3.28
630259320 3.29
630260680 3.27
630262040 3.26
630263400 3.23
630264760 3.22
630266120 3.23
630267480 3.22
630268840 3.23
630270200 3.23
630271560 3.24
630272920 3.26
630274280 3.28
630275640 3.29
630277000 3.28
630278360 3.26
630279720 3.23
630281080 3.23
630282440 3.23
630283800 3.22
630285160 3.22
630286520 3.23
630287880 3.24
630289240 3.25
630290600 3.27
630291960 3.28
630293320 3.29
630294680 3.26
630296040 3.24
630297400 3.23
630298760 3.22
630300120 3.22
630301480 3.22
630302840 3.23
630304200 3.24
630305560 3.24
630306920 3.26
630308280 3.28
630309640 3.28
630311000 3.27
630312360 3.25
630313720 3.23
630315080 3.22
630316440 3.22
630317800 3.23
630319160 3.23
630320520 3.24
630321880 3.24
630323240 3.26
630324600 3.28
630325960 3.28
630327320 3.28
630328680 3.25
630330040 3.23
630331408 3.23
630332760 3.22
630334120 3.22
630335480 3.22
630336840 3.23
630338200 3.24
630339560 3.26
630340920 3.28
630342280 3.29
630343640 3.28
630345000 3.26
630346360 3.23
630347720 3.23
630349080 3.23
630350440 3.22
630351800 3.23
630353160 3.23
630354520 3.24
630355880 3.25
630357240 3.27
630358600 3.28
630359960 3.28
630361320 3.26
630362680 3.24
630364040 3.23
630365400 3.23
630366760 3.22
630368120 3.22
630369480 3.23
630370840 3.24
630372200 3.24
630373560 3.27
630374920 3.28
630376280 3.28
630377640 3.27
630379000 3.25
630380360 3.23
630381720 3.23
630383080 3.22
630384440 3.22
630385800 3.23
630387160 3.23
630388520 3.24
630389880 3.26
630391240 3.28
