245396352 3.21
245397244 3.22
245398180 3.22
245399116 3.23
245400052 3.23
245400988 3.23
245401924 3.23
245402860 3.21
245403796 3.21
245404748 3.20
245405684 3.20
245406620 3.20
245407644 3.20
245409004 3.20
245410360 3.20
245411724 3.21
245413084 3.22
245414444 3.22
245415804 3.24
245417164 3.24
245418520 3.23
245419880 3.22
245421240 3.22
245422604 3.22
245423964 3.21
245425324 3.21
245426684 3.21
245428040 3.21
245429400 3.22
245430764 3.22
245432120 3.23
245433484 3.23
245434844 3.23
245436204 3.22
245437560 3.21
245438924 3.21
245440280 3.20
245441644 3.20
245443004 3.20
245444360 3.20
245445720 3.20
245447080 3.21
245448440 3.22
245449804 3.22
245451164 3.22
245452524 3.22
245453884 3.21
245455244 3.20
245456604 3.20
245457964 3.20
245459324 3.20
245460684 3.21
245462044 3.21
245463400 3.21
245464760 3.22
245466128 3.23
245467484 3.23
245468844 3.22
245470204 3.22
245471560 3.21
245472924 3.21
245474280 3.21
245475640 3.21
245477000 3.21
245478360 3.21
245479720 3.21
245481084 3.22
245482440 3.23
245483804 3.23
245485164 3.23
245486520 3.22
245487880 3.21
245489244 3.20
245490604 3.20
245491960 3.20
245493324 3.21
245494680 3.21
245496040 3.21
245497404 3.21
245498764 3.22
245500120 3.23
245501484 3.23
245502844 3.22
245504204 3.21
245505564 3.21
245506920 3.21
245508284 3.21
245509644 3.21
245511004 3.21
245512364 3.21
245513724 3.22
245515080 3.23
245516440 3.23
245517804 3.23
245519160 3.23
245520524 3.22
245521880 3.21
245523240 3.21
245524600 3.21
245525960 3.21
245527320 3.21
245528680 3.21
245530040 3.22
245531404 3.23
245532764 3.23
245534124 3.24
245535480 3.23
245536840 3.22
245538200 3.22
245539564 3.21
245540924 3.21
245542280 3.21
245543640 3.21
245545000 3.22
245546364 3.22
245547724 3.23
245549080 3.23
245550440 3.24
245551804 3.24
245553168 3.22
245554524 3.21
245555884 3.21
245557240 3.21
245558604 3.21
245559960 3.21
245561320 3.22
245562684 3.21
245564044 3.22
245565404 3.23
245566764 3.23
245568124 3.23
245569484 3.22
245570844 3.21
245572204 3.21
245573564 3.21
245574924 3.21
245576280 3.21
245577640 3.21
245579004 3.21
245580364 3.22
245581724 3.23
245583080 3.23
245584444 3.23
245585800 3.23
245587164 3.22
245588524 3.21
245589880 3.21
245591240 3.21
245592604 3.21
245593964 3.21
245595324 3.21
245596680 3.21
245598040 3.22
245599404 3.23
245600760 3.23
245602124 3.23
245603484 3.22
245604844 3.21
245606204 3.21
245607560 3.21
245608924 3.21
245610284 3.21
245611644 3.21
245613004 3.21
245614364 3.22
245615720 3.23
245617084 3.23
245618444 3.23
245619804 3.22
245621164 3.21
245622524 3.21
245623884 3.21
245625244 3.20
245626604 3.20
245627960 3.21
245629324 3.21
245630684 3.21
245632044 3.23
245633400 3.23
245634760 3.23
245636120 3.22
245637484 3.21
245638844 3.21
245640208 3.20
245641560 3.20
245642920 3.21
245644280 3.21
245645644 3.21
245647000 3.21
245648364 3.22
245649724 3.23
245651084 3.23
245652444 3.22
245653804 3.21
245655160 3.21
245656524 3.21
245657884 3.21
245659240 3.21
245660604 3.21
245661964 3.21
245663324 3.21
245664684 3.22
245666044 3.23
245667404 3.23
245668764 3.23
245670124 3.22
245671484 3.21
245672844 3.21
245674204 3.21
245675564 3.21
245676920 3.21
245678284 3.21
245679640 3.21
245681000 3.22
245682360 3.23
245683724 3.24
245685080 3.23
245686444 3.22
245687804 3.21
245689160 3.21
245690524 3.21
245691884 3.21
245693244 3.21
245694600 3.22
245695964 3.22
245697324 3.22
245698680 3.23
245700044 3.24
245701404 3.24
245702764 3.23
245704124 3.22
245705480 3.21
245706840 3.22
245708204 3.21
245709564 3.21
245710920 3.22
245712284 3.22
245713640 3.22
245715000 3.23
245716364 3.24
245717724 3.24
245719080 3.23
245720444 3.22
245721800 3.22
245723164 3.21
245724524 3.21
245725884 3.21
245727248 3.21
245728604 3.21
245729960 3.21
245731324 3.23
245732684 3.23
245734044 3.23
245735400 3.24
245736764 3.22
245738124 3.21
245739484 3.21
245740844 3.21
245742200 3.21
245743560 3.21
245744920 3.21
245746280 3.21
245747644 3.22
245749000 3.23
245750364 3.24
245751724 3.24
245753080 3.22
245754444 3.22
245755804 3.21
245757164 3.21
245758524 3.21
245759884 3.21
245761244 3.22
245762604 3.22
245763964 3.22
245765324 3.23
245766680 3.24
245768040 3.24
245769400 3.23
245770764 3.22
245772124 3.21
245773480 3.21
245774844 3.21
245776204 3.21
245777564 3.21
245778924 3.21
245780284 3.22
245781640 3.23
245783004 3.23
245784364 3.24
245785720 3.23
245787084 3.22
245788444 3.21
245789800 3.21
245791164 3.21
245792520 3.21
245793884 3.21
245795240 3.21
245796600 3.22
245797964 3.22
245799324 3.23
245800680 3.23
245802044 3.23
245803404 3.22
245804764 3.21
245806120 3.21
245807484 3.21
245808844 3.21
245810204 3.21
245811564 3.21
245812924 3.21
245814288 3.22
245815644 3.23
245817000 3.23
245818364 3.23
245819720 3.22
245821084 3.21
245822444 3.21
245823800 3.21
245825164 3.21
245826524 3.21
245827880 3.21
245829240 3.21
245830600 3.21
245831964 3.22
245833320 3.23
245834684 3.23
245836044 3.22
245837404 3.21
245838764 3.20
245840120 3.21
245841480 3.20
245842840 3.20
245844200 3.21
245845564 3.20
245846924 3.21
245848284 3.22
245849644 3.22
245851000 3.22
245852364 3.22
245853720 3.21
245855084 3.20
245856444 3.20
245857800 3.20
245859164 3.20
245860520 3.20
245861884 3.21
245863244 3.21
245864604 3.21
245865960 3.22
245867320 3.22
245868684 3.22
245870040 3.21
245871400 3.20
245872764 3.20
245874124 3.20
245875484 3.20
245876844 3.20
245878204 3.20
245879560 3.20
245880920 3.21
245882284 3.22
245883644 3.22
245885004 3.22
245886364 3.22
245887720 3.21
245889080 3.20
245890444 3.20
245891804 3.20
245893164 3.20
245894520 3.20
245895884 3.21
245897244 3.21
245898604 3.22
245899964 3.23
245901328 3.23
245902684 3.22
245904040 3.21
245905404 3.21
245906760 3.20
245908120 3.20
245909480 3.21
245910844 3.21
245912200 3.21
245913560 3.21
245914924 3.22
245916280 3.23
245917644 3.23
245919000 3.22
245920364 3.22
245921724 3.21
245923084 3.21
245924444 3.21
245925800 3.21
245927160 3.21
245928524 3.21
245929884 3.21
245931244 3.22
245932600 3.23
245933964 3.23
245935324 3.23
245936680 3.22
245938044 3.21
245939404 3.21
245940760 3.21
245942124 3.21
245943480 3.21
245944840 3.21
245946200 3.21
245947564 3.22
245948920 3.23
245950280 3.24
245951640 3.24
245953000 3.23
245954364 3.22
245955724 3.21
245957084 3.21
245958444 3.21
245959804 3.21
245961160 3.21
245962524 3.21
245963884 3.22
245965244 3.23
245966600 3.24
245967960 3.24
245969320 3.23
245970680 3.22
245972044 3.21
245973404 3.21
245974764 3.21
245976124 3.21
245977484 3.21
245978844 3.21
245980204 3.21
245981564 3.22
245982920 3.23
245984280 3.24
245985644 3.23
245987004 3.22
245988368 3.21
245989724 3.21
245991084 3.21
245992440 3.21
245993804 3.21
245995164 3.21
245996524 3.21
245997880 3.22
245999244 3.23
246000604 3.23
246001964 3.24
246003324 3.22
246004684 3.21
246006040 3.21
246007404 3.21
246008764 3.21
246010120 3.21
246011484 3.21
246012840 3.22
246014204 3.22
246015564 3.23
246016920 3.24
246018284 3.24
246019644 3.23
246021004 3.22
246022364 3.21
246023720 3.21
246025084 3.21
246026444 3.21
246027804 3.21
246029164 3.22
246030524 3.22
246031880 3.23
246033240 3.24
246034604 3.24
246035960 3.23
246037320 3.22
246038684 3.21
246040044 3.21
246041400 3.21
246042764 3.21
246044124 3.21
246045484 3.21
246046844 3.22
246048204 3.23
246049564 3.24
246050924 3.24
246052284 3.23
246053644 3.22
246055004 3.21
246056364 3.21
246057720 3.21
246059080 3.21
246060440 3.21
246061800 3.21
246063160 3.21
246064520 3.22
246065884 3.23
246067244 3.24
246068600 3.23
246069964 3.22
246071320 3.21
246072684 3.21
246074044 3.21
246075408 3.20
246076764 3.21
246078124 3.21
246079484 3.21
246080840 3.21
246082200 3.22
246083560 3.23
246084920 3.23
246086280 3.22
246087644 3.21
246089000 3.21
246090360 3.21
246091720 3.20
246093084 3.20
246094444 3.21
246095800 3.21
246097160 3.21
246098520 3.22
246099880 3.23
246101244 3.23
246102604 3.23
246103964 3.22
246105324 3.21
246106684 3.21
246108044 3.21
246109400 3.21
246110764 3.21
246112124 3.21
246113480 3.21
246114844 3.22
246116200 3.23
246117564 3.23
246118920 3.23
246120284 3.22
246121640 3.21
246123004 3.21
246124364 3.21
246125724 3.21
246127084 3.21
246128444 3.21
246129800 3.21
246131160 3.22
246132524 3.23
246133884 3.24
246135244 3.24
246136604 3.23
246137964 3.22
246139320 3.21
246140684 3.21
246142044 3.21
246143404 3.21
246144760 3.21
246146120 3.21
246147480 3.22
246148840 3.23
246150200 3.24
246151564 3.24
246152924 3.23
246154284 3.22
246155644 3.21
246157004 3.21
246158364 3.21
246159724 3.21
246161084 3.21
246162448 3.21
246163800 3.22
246165160 3.23
246166524 3.23
246167884 3.24
246169244 3.23
246170600 3.22
246171964 3.21
246173324 3.21
246174680 3.21
246176044 3.21
246177404 3.21
246178764 3.21
246180124 3.21
246181484 3.22
246182840 3.23
246184204 3.24
246185564 3.24
246186920 3.22
246188284 3.21
246189640 3.21
246191004 3.21
246192364 3.21
246193724 3.21
246195084 3.21
246196444 3.22
246197804 3.22
246199164 3.23
246200524 3.24
246201880 3.24
246203240 3.23
246204600 3.22
246205964 3.21
246207320 3.21
246208680 3.21
246210040 3.21
246211404 3.21
246212764 3.22
246214124 3.22
246215484 3.23
246216844 3.24
246218204 3.24
246219560 3.23
246220920 3.22
246222284 3.21
246223640 3.21
246225000 3.21
246226364 3.21
246227724 3.22
246229084 3.22
246230440 3.22
246231804 3.23
246233160 3.24
246234524 3.24
246235884 3.24
246237240 3.22
246238600 3.22
246239960 3.22
246241324 3.22
246242684 3.21
246244040 3.21
246245404 3.22
246246760 3.22
246248124 3.23
246249488 3.24
246250844 3.24
246252204 3.24
246253564 3.23
246254924 3.22
246256280 3.22
246257644 3.22
246259004 3.21
246260364 3.21
246261724 3.22
246263084 3.22
246264440 3.22
246265804 3.24
246267164 3.24
246268520 3.24
246269884 3.23
246271244 3.22
246272600 3.22
246273964 3.22
246275320 3.21
246276684 3.21
246278040 3.22
246279400 3.22
246280764 3.22
246282124 3.23
246283484 3.24
246284844 3.24
246286200 3.23
246287560 3.22
246288924 3.21
246290280 3.21
246291644 3.21
246293004 3.21
246294360 3.21
246295724 3.21
246297084 3.21
246298440 3.23
246299800 3.23
246301164 3.24
246302524 3.23
246303884 3.22
246305240 3.21
246306604 3.21
246307964 3.21
246309324 3.21
246310680 3.21
246312040 3.21
246313404 3.21
246314760 3.22
246316120 3.23
246317484 3.24
246318840 3.23
246320200 3.22
246321560 3.21
246322920 3.21
246324284 3.21
246325640 3.21
246327000 3.21
246328364 3.21
246329720 3.21
246331084 3.22
246332440 3.23
246333800 3.23
246335160 3.23
246336528 3.23
246337884 3.22
246339240 3.21
246340600 3.21
246341960 3.21
246343324 3.21
246344684 3.21
246346044 3.21
246347404 3.21
246348760 3.22
246350124 3.23
246351484 3.23
246352844 3.23
246354204 3.22
246355564 3.21
246356924 3.21
246358280 3.21
246359644 3.21
246361004 3.21
246362364 3.21
246363724 3.21
246365084 3.22
246366444 3.23
246367804 3.23
246369160 3.23
246370524 3.22
246371880 3.21
246373244 3.21
246374604 3.21
246375964 3.21
246377324 3.21
246378680 3.21
246380040 3.21
246381400 3.22
246382764 3.23
246384124 3.23
246385484 3.23
246386844 3.22
246388200 3.21
246389560 3.21
246390924 3.21
246392284 3.21
246393644 3.21
246395004 3.21
246396360 3.21
246397724 3.22
246399084 3.23
246400440 3.23
246401804 3.23
246403160 3.23
246404524 3.21
246405884 3.21
246407244 3.21
246408600 3.21
246409964 3.21
246411324 3.21
246412680 3.21
246414040 3.21
246415404 3.23
246416764 3.23
246418124 3.23
246419484 3.23
246420844 3.22
246422200 3.21
246423568 3.21
246424924 3.21
246426280 3.21
246427644 3.21
246429004 3.21
246430364 3.21
246431720 3.22
246433080 3.23
246434440 3.24
246435800 3.24
246437164 3.22
246438524 3.21
246439880 3.21
246441240 3.21
246442604 3.21
246443960 3.21
246445324 3.21
246446684 3.21
246448040 3.22
246449404 3.23
246450760 3.24
246452124 3.24
246453484 3.23
246454844 3.21
246456204 3.21
246457560 3.21
246458920 3.21
246460280 3.21
246461644 3.21
246463004 3.22
246464364 3.22
246465724 3.23
246467084 3.24
246468440 3.24
246469800 3.23
246471164 3.22
246472524 3.21
246473880 3.21
246475240 3.21
246476600 3.21
246477960 3.21
246479324 3.22
246480680 3.22
246482044 3.23
246483404 3.24
246484764 3.24
246486124 3.24
246487484 3.22
246488840 3.21
246490200 3.21
246491564 3.21
246492920 3.21
246494284 3.21
246495644 3.21
246497004 3.21
246498364 3.22
246499724 3.23
246501084 3.24
246502444 3.23
246503804 3.22
246505164 3.21
246506520 3.21
246507884 3.21
246509244 3.21
246510608 3.21
246511960 3.21
246513324 3.21
246514684 3.22
246516044 3.23
246517400 3.23
246518760 3.23
246520124 3.23
246521484 3.21
246522844 3.21
246524204 3.21
246525564 3.21
246526924 3.21
246528284 3.21
246529640 3.21
246531000 3.22
246532364 3.23
246533720 3.23
246535084 3.24
246536444 3.23
246537804 3.22
246539164 3.21
246540524 3.21
246541884 3.21
246543240 3.21
246544600 3.21
246545964 3.21
246547324 3.22
246548680 3.22
246550044 3.24
246551404 3.24
246552764 3.23
246554124 3.22
246555484 3.21
246556840 3.21
246558200 3.21
246559560 3.21
246560920 3.21
246562284 3.21
246563644 3.22
246565000 3.22
246566360 3.23
246567724 3.24
246569080 3.24
246570440 3.22
246571804 3.21
246573164 3.21
246574524 3.21
246575880 3.21
246577244 3.21
246578600 3.21
246579960 3.21
246581324 3.22
246582684 3.23
246584040 3.23
246585404 3.23
246586764 3.22
246588120 3.21
246589480 3.21
246590844 3.21
246592200 3.20
246593560 3.21
246594920 3.21
246596284 3.21
246597648 3.21
246599000 3.22
246600364 3.23
246601724 3.23
246603084 3.23
246604440 3.21
246605800 3.21
246607160 3.20
246608524 3.20
246609880 3.20
246611244 3.21
246612600 3.21
246613964 3.21
246615320 3.22
246616680 3.23
246618044 3.23
246619404 3.23
246620760 3.22
246622124 3.21
246623484 3.21
246624844 3.21
246626204 3.20
246627564 3.20
246628924 3.21
246630280 3.21
246631644 3.22
246633004 3.23
246634360 3.23
246635724 3.23
246637084 3.22
246638444 3.21
246639804 3.21
246641160 3.21
246642520 3.21
246643884 3.20
246645240 3.21
246646600 3.21
246647964 3.21
246649320 3.23
246650680 3.23
246652040 3.23
246653404 3.23
246654760 3.21
246656124 3.21
246657484 3.21
246658844 3.21
246660200 3.21
246661564 3.21
246662924 3.21
246664284 3.21
246665644 3.23
246667000 3.23
246668364 3.24
246669724 3.23
246671080 3.22
246672444 3.21
246673804 3.21
246675164 3.21
246676524 3.21
246677884 3.21
246679240 3.21
246680604 3.21
246681960 3.22
246683320 3.24
246684688 3.24
246686044 3.24
246687404 3.22
246688764 3.21
246690124 3.21
246691484 3.21
246692840 3.21
246694200 3.21
246695564 3.21
246696924 3.21
246698284 3.22
246699640 3.23
246701004 3.23
246702364 3.23
246703724 3.22
246705080 3.21
246706440 3.21
246707800 3.21
246709164 3.20
246710524 3.20
246711880 3.21
246713244 3.21
246714604 3.21
246715960 3.23
246717324 3.23
246718684 3.23
246720044 3.22
246721400 3.21
246722764 3.21
246724124 3.20
246725484 3.20
246726840 3.20
246728204 3.21
246729564 3.21
246730920 3.21
246732280 3.22
246733640 3.23
246735004 3.23
246736364 3.23
246737724 3.22
246739084 3.21
246740444 3.21
246741804 3.21
246743164 3.21
246744520 3.21
246745880 3.21
246747244 3.21
246748604 3.22
246749964 1.90
246751324 0.00
246752684 3.58
246754040 0.00
246755400 4.49
246756764 0.00
246758120 4.95
246759480 0.28
246760840 1.86
246762204 5.00
246763564 0.00
246764924 5.00
246766284 0.00
246767644 5.00
246769000 0.00
246770360 5.00
246771728 2.11
246773080 0.00
246774444 3.34
246775804 0.00
246777164 4.87
246778524 3.28
246779880 1.30
246781240 0.62
246782604 1.58
246783964 5.00
246785324 0.65
246786684 3.50
246788040 0.00
246789400 2.46
246790760 4.14
246792124 4.00
246793480 1.29
246794844 1.77
246796204 3.34
246797564 2.07
246798924 4.63
246800284 1.77
246801640 1.77
246803004 1.82
246804364 4.43
246805720 2.39
246807084 1.76
246808444 3.76
246809800 1.72
246811160 3.63
246812520 3.46
246813880 1.89
246815240 2.63
246816600 2.92
246817964 4.41
246819320 1.43
246820684 3.61
246822044 2.82
246823404 2.65
246824760 4.06
246826120 2.61
246827484 2.18
246828844 2.55
246830204 4.06
246831560 2.52
246832920 3.14
246834284 2.55
246835644 3.13
246837004 2.67
246838360 4.25
246839724 2.20
246841080 2.39
246842440 3.58
246843804 2.69
246845160 3.50
246846524 2.67
246847884 3.05
246849244 2.80
246850604 3.44
246851964 3.43
246853324 2.34
246854684 3.18
246856044 3.28
246857404 2.74
246858768 3.67
246860124 2.51
246861480 3.14
246862844 3.21
246864204 3.39
246865564 2.99
246866920 2.91
246868284 3.26
246869640 3.09
246871004 3.17
246872364 3.43
246873724 2.58
246875084 3.22
246876444 3.58
246877800 2.68
246879164 3.54
246880524 2.73
246881884 3.34
246883240 2.96
246884604 3.50
246885960 2.99
246887324 2.77
246888680 3.63
246890044 3.04
246891404 2.91
246892764 3.56
246894120 2.82
246895480 3.10
246896844 3.47
246898200 3.02
246899560 3.07
246900924 3.02
246902284 3.68
246903640 2.67
246905004 3.36
246906364 3.35
246907724 2.74
246909084 3.40
246910440 3.39
246911800 2.75
246913164 3.26
246914524 3.21
246915884 3.23
246917240 2.95
246918604 3.43
246919964 3.18
246921324 2.73
246922684 3.79
246924044 2.85
246925400 2.99
246926760 3.39
246928124 3.11
246929480 3.04
246930844 3.26
246932204 3.21
246933560 3.06
246934924 3.12
246936280 3.63
246937644 2.74
246939004 3.22
246940364 3.42
246941720 2.80
246943084 3.39
246944444 3.14
246945808 3.11
246947164 3.08
246948520 3.36
246949884 3.22
246951244 2.96
246952604 3.37
246953960 3.23
246955324 2.84
246956680 3.58
246958040 2.93
246959400 3.10
246960764 3.33
246962124 3.13
246963484 3.18
246964844 3.09
246966204 3.38
246967564 3.00
246968920 3.24
246970284 3.39
246971640 2.91
246973000 3.26
246974364 3.37
246975720 2.93
246977084 3.40
246978440 3.10
246979800 3.23
246981164 3.12
246982524 3.31
246983880 3.23
246985244 2.99
246986604 3.47
246987964 3.09
246989324 3.08
246990684 3.44
246992044 3.04
246993404 3.18
246994760 3.34
246996124 3.12
246997484 3.25
246998844 3.14
247000200 3.43
247001564 3.01
247002924 3.32
247004284 3.36
247005644 2.97
247007000 3.39
247008364 3.26
247009724 3.05
247011080 3.33
247012440 3.20
247013804 3.22
247015164 3.16
247016524 3.33
247017884 3.26
247019240 3.04
247020604 3.53
247021960 3.05
247023324 3.18
247024680 3.40
247026044 3.09
247027400 3.22
247028764 3.27
247030120 3.22
247031480 3.19
247032848 3.21
247034204 3.41
247035564 3.04
247036920 3.30
247038280 3.35
247039644 2.99
247041004 3.39
247042364 3.19
247043724 3.15
247045080 3.26
247046440 3.24
247047800 3.24
247049160 3.13
247050520 3.35
247051884 3.24
247053240 3.08
247054604 3.44
247055960 3.06
247057324 3.20
247058684 3.32
247060044 3.10
247061400 3.25
247062764 3.18
247064120 3.27
247065484 3.15
247066844 3.21
247068204 3.35
247069560 3.05
247070924 3.28
247072284 3.26
247073640 3.04
247075004 3.33
247076364 3.14
247077724 3.20
247079080 3.21
247080444 3.20
247081804 3.25
247083164 3.09
247084524 3.34
247085884 3.18
247087240 3.13
247088604 3.34
247089960 3.07
247091324 3.22
247092684 3.25
247094044 3.12
247095404 3.25
247096764 3.14
247098120 3.27
247099484 3.14
247100844 3.21
247102200 3.31
247103564 3.07
247104924 3.30
247106280 3.19
247107644 3.11
247109004 3.29
247110364 3.12
247111724 3.22
247113084 3.18
247114440 3.19
247115804 3.26
247117164 3.11
247118524 3.33
247119888 3.16
247121240 3.18
247122604 3.30
247123964 3.08
247125320 3.26
247126684 3.20
247128040 3.15
247129404 3.25
247130764 3.14
247132120 3.27
247133480 3.16
247134840 3.23
247136200 3.28
247137560 3.10
247138924 3.31
247140284 3.15
247141640 3.16
247143004 3.27
247144364 3.12
247145724 3.25
247147080 3.18
247148444 3.21
247149804 3.25
247151164 3.15
247152524 3.31
247153880 3.14
247155244 3.22
247156604 3.26
247157960 3.10
247159324 3.28
247160684 3.17
247162044 3.18
247163404 3.25
247164764 3.15
247166120 3.27
247167484 3.17
247168840 3.25
247170200 3.24
247171560 3.12
247172924 3.30
247174280 3.13
247175640 3.21
247177004 3.25
247178360 3.13
247179724 3.26
247181080 3.18
247182444 3.22
247183804 3.24
247185164 3.18
247186524 3.29
247187884 3.13
247189240 3.24
247190604 3.23
247191964 3.12
247193324 3.29
247194684 3.15
247196044 3.21
247197404 3.24
247198764 3.17
247200124 3.27
247201484 3.18
247202844 3.26
247204204 3.22
247205560 3.16
247206928 3.29
247208280 3.12
247209640 3.23
247211004 3.23
247212364 3.14
247213724 3.27
247215084 3.17
247216444 3.24
247217800 3.23
247219160 3.21
247220524 3.27
247221884 3.15
247223244 3.26
247224604 3.21
247225964 3.15
247227324 3.29
247228680 3.14
247230040 3.23
247231404 3.22
247232764 3.19
247234120 3.27
247235480 3.19
247236844 3.26
247238204 3.20
247239564 3.18
247240920 3.27
247242284 3.13
247243640 3.25
247245004 3.21
247246360 3.16
247247720 3.26
247249084 3.17
247250444 3.26
247251800 3.22
247253160 3.22
247254520 3.25
247255880 3.14
247257244 3.26
247258604 3.18
247259964 3.17
247261324 3.26
247262684 3.14
247264044 3.24
247265404 3.21
247266764 3.20
247268124 3.26
247269484 3.18
247270840 3.26
247272204 3.18
247273560 3.20
247274924 3.25
247276284 3.14
247277644 3.25
247279004 3.19
247280360 3.18
247281720 3.26
247283084 3.17
247284444 3.26
247285800 3.20
247287160 3.22
247288524 3.23
247289884 3.15
247291240 3.26
247292604 3.17
247293968 3.19
247295320 3.24
247296680 3.15
247298040 3.25
247299404 3.20
247300764 3.22
247302124 3.25
247303484 3.18
247304840 3.25
247306204 3.16
247307564 3.21
247308924 3.22
247310280 3.15
247311644 3.25
247313000 3.17
247314360 3.20
247315724 3.25
247317084 3.18
247318444 3.26
247319804 3.20
247321164 3.22
247322524 3.22
247323880 3.17
247325240 3.25
247326604 3.16
247327964 3.21
247329320 3.22
247330684 3.16
247332040 3.25
247333404 3.20
247334764 3.23
247336120 3.25
247337484 3.19
247338844 3.25
247340204 3.17
247341564 3.22
247342924 3.21
247344284 3.17
247345644 3.25
247347004 3.17
247348360 3.22
247349720 3.24
247351080 3.20
247352440 3.26
247353804 3.19
247355160 3.22
247356524 3.21
247357880 3.18
247359244 3.24
247360604 3.17
247361960 3.23
247363320 3.21
247364684 3.18
247366040 3.26
247367404 3.19
247368760 3.24
247370120 3.23
247371480 3.19
247372844 3.24
247374204 3.17
247375560 3.22
247376920 3.20
247378280 3.18
247379640 3.24
247381008 3.16
247382360 3.23
247383724 3.22
247385084 3.20
247386440 3.25
247387804 3.18
247389164 3.22
247390520 3.20
247391880 3.18
247393244 3.22
247394600 3.16
247395960 3.23
247397320 3.20
247398684 3.19
247400040 3.25
247401404 3.19
247402760 3.25
247404124 3.22
247405484 3.19
247406844 3.23
247408200 3.18
247409560 3.22
247410924 3.20
247412284 3.20
247413640 3.23
247415004 3.18
247416360 3.25
247417720 3.22
247419084 3.22
247420440 3.25
247421804 3.19
247423164 3.22
247424520 3.20
247425884 3.20
247427244 3.22
247428604 3.18
247429964 3.23
247431320 3.19
247432684 3.22
247434044 3.25
247435400 3.20
247436764 3.25
247438124 3.21
247439484 3.20
247440844 3.22
247442200 3.19
247443564 3.23
247444924 3.19
247446284 3.21
247447640 3.23
247449004 3.19
247450364 3.26
247451720 3.22
247453080 3.23
247454440 3.24
247455800 3.19
247457160 3.23
247458524 3.20
247459880 3.21
247461244 3.22
247462604 3.19
247463960 3.23
247465324 3.20
247466684 3.23
247468048 3.25
247469404 3.21
247470764 3.25
247472124 3.20
247473480 3.20
247474840 3.22
247476204 3.19
247477560 3.22
247478920 3.19
247480284 3.21
247481644 3.22
247483000 3.20
247484364 3.26
247485720 3.21
247487080 3.22
247488440 3.23
247489804 3.18
247491164 3.22
247492524 3.19
247493884 3.21
247495240 3.21
247496604 3.19
247497964 3.23
247499320 3.20
247500680 3.24
247502044 3.24
247503404 3.21
247504764 3.24
247506124 3.19
247507484 3.21
247508840 3.21
247510204 3.19
247511564 3.22
247512920 3.19
247514280 3.22
247515644 3.22
247517000 3.21
247518364 3.25
247519724 3.21
247521084 3.22
247522440 3.21
247523804 3.19
247525160 3.22
247526524 3.19
247527884 3.21
247529244 3.21
247530600 3.20
247531960 3.23
247533320 3.21
247534680 3.24
247536040 3.23
247537400 3.21
247538760 3.23
247540124 3.19
247541484 3.21
247542844 3.21
247544204 3.20
247545564 3.22
247546920 3.19
247548284 3.22
247549640 3.22
247551004 3.22
247552364 3.25
247553724 3.21
247555088 3.23
247556444 3.21
247557804 3.20
247559164 3.22
247560524 3.19
247561880 3.21
247563244 3.20
247564604 3.20
247565960 3.23
247567324 3.21
247568680 3.24
247570044 3.23
247571404 3.21
247572764 3.22
247574124 3.19
247575480 3.21
247576844 3.20
247578200 3.20
247579560 3.22
247580920 3.20
247582284 3.23
247583644 3.22
247585004 3.23
247586360 3.24
247587724 3.21
247589084 3.22
247590440 3.21
247591800 3.20
247593164 3.22
247594524 3.19
247595880 3.22
247597240 3.21
247598604 3.21
247599964 3.23
247601324 3.22
247602684 3.24
247604040 3.22
247605400 3.21
247606764 3.22
247608124 3.19
247609484 3.21
247610840 3.20
247612204 3.20
247613560 3.22
247614924 3.20
247616280 3.23
247617644 3.22
247619004 3.23
247620360 3.23
247621724 3.20
247623084 3.22
247624444 3.20
247625804 3.20
247627164 3.21
247628524 3.19
247629884 3.21
247631244 3.20
247632600 3.21
247633964 3.23
247635320 3.22
247636680 3.24
247638044 3.21
247639404 3.21
247640760 3.21
247642128 3.19
247643484 3.21
247644840 3.20
247646204 3.20
247647564 3.21
247648924 3.20
247650280 3.23
247651644 3.22
247653000 3.23
247654364 3.22
247655720 3.20
247657084 3.22
247658444 3.20
247659804 3.20
247661164 3.21
247662524 3.20
247663880 3.21
247665244 3.21
247666604 3.22
247667960 3.23
247669324 3.22
247670684 3.23
247672044 3.20
247673404 3.21
247674760 3.21
247676124 3.19
247677480 3.21
247678840 3.20
247680204 3.21
247681564 3.21
247682920 3.21
247684280 3.24
247685640 3.23
247687004 3.23
247688364 3.22
247689724 3.20
247691080 3.22
247692444 3.20
247693804 3.21
247695160 3.21
247696524 3.20
247697880 3.22
247699244 3.21
247700600 3.24
247701960 3.24
247703324 3.23
247704684 3.23
247706044 3.21
247707404 3.22
247708760 3.21
247710120 3.21
247711480 3.22
247712844 3.21
247714200 3.22
247715564 3.22
247716924 3.22
247718284 3.24
247719644 3.23
247721004 3.23
247722360 3.22
247723720 3.21
247725084 3.22
247726440 3.20
247727804 3.21
247729168 3.21
247730524 3.20
247731884 3.22
247733244 3.22
247734604 3.23
247735964 3.23
247737324 3.22
247738680 3.22
247740040 3.20
247741400 3.21
247742764 3.20
247744120 3.20
247745480 3.21
247746840 3.20
247748200 3.21
247749564 3.22
247750920 3.22
247752284 3.24
247753644 3.22
247755004 3.22
247756364 3.21
247757724 3.20
247759080 3.21
247760444 3.20
247761804 3.21
247763164 3.21
247764524 3.21
247765884 3.22
247767240 3.22
247768604 3.24
247769960 3.23
247771324 3.22
247772684 3.21
247774044 3.20
247775400 3.21
247776760 3.20
247778120 3.20
247779480 3.21
247780840 3.20
247782204 3.22
247783564 3.22
247784920 3.23
247786284 3.24
247787644 3.22
247789000 3.22
247790364 3.20
247791720 3.21
247793084 3.21
247794444 3.20
247795800 3.21
247797164 3.21
247798520 3.21
247799884 3.23
247801244 3.22
247802600 3.24
247803960 3.22
247805324 3.22
247806680 3.21
247808044 3.20
247809404 3.21
247810764 3.20
247812120 3.21
247813484 3.21
247814844 3.20
247816208 3.22
247817564 3.23
247818924 3.23
247820284 3.24
247821644 3.22
247823004 3.21
247824364 3.20
247825724 3.21
247827084 3.21
247828440 3.20
247829804 3.21
247831164 3.20
247832524 3.22
247833884 3.23
247835244 3.22
247836604 3.24
247837964 3.22
247839324 3.21
247840684 3.21
247842044 3.20
247843404 3.21
247844764 3.20
247846120 3.21
247847484 3.21
247848844 3.21
247850204 3.23
247851564 3.23
247852920 3.23
247854284 3.23
247855640 3.21
247857000 3.21
247858364 3.20
247859720 3.21
247861084 3.21
247862444 3.21
247863800 3.21
247865164 3.21
247866520 3.22
247867884 3.23
247869244 3.23
247870600 3.24
247871964 3.22
247873324 3.21
247874680 3.21
247876044 3.20
247877404 3.21
247878764 3.21
247880120 3.21
247881480 3.21
247882844 3.22
247884204 3.24
247885564 3.23
247886920 3.23
247888284 3.22
247889640 3.21
247891000 3.21
247892360 3.20
247893724 3.21
247895084 3.21
247896440 3.21
247897804 3.22
247899164 3.21
247900520 3.23
247901884 3.23
247903248 3.23
247904600 3.23
247905964 3.21
247907320 3.21
247908684 3.20
247910044 3.20
247911400 3.21
247912764 3.20
247914120 3.21
247915484 3.21
247916844 3.22
247918204 3.24
247919564 3.23
247920924 3.23
247922284 3.22
247923644 3.21
247925004 3.21
247926364 3.21
247927724 3.21
247929084 3.21
247930444 3.21
247931804 3.22
247933160 3.22
247934520 3.24
247935880 3.24
247937244 3.23
247938600 3.22
247939964 3.21
247941324 3.21
247942680 3.21
247944040 3.21
247945404 3.21
247946764 3.21
247948120 3.21
247949484 3.22
247950840 3.23
247952200 3.23
247953564 3.23
247954920 3.22
247956284 3.21
247957644 3.20
247959004 3.21
247960364 3.20
247961720 3.21
247963084 3.21
247964440 3.21
247965804 3.22
247967164 3.22
247968520 3.24
247969880 3.23
247971240 3.22
247972604 3.21
247973964 3.20
247975324 3.21
247976684 3.20
247978044 3.21
247979404 3.21
247980764 3.21
247982120 3.22
247983484 3.22
247984844 3.23
247986204 3.24
247987564 3.23
247988924 3.22
247990288 3.21
247991640 3.21
247993004 3.21
247994360 3.20
247995720 3.21
247997084 3.21
247998444 3.21
247999800 3.22
248001160 3.23
248002520 3.24
248003884 3.23
248005240 3.22
248006600 3.21
248007964 3.21
248009324 3.21
248010680 3.20
248012040 3.21
248013400 3.21
248014764 3.21
248016120 3.22
248017484 3.23
248018844 3.23
248020204 3.23
