   0.0000000e+00   0.0000000e+00
   1.3600000e+03   0.0000000e+00
   2.7200000e+03   0.0000000e+00
   4.0800000e+03   0.0000000e+00
   5.4400000e+03   0.0000000e+00
   6.8000000e+03   0.0000000e+00
   8.1600000e+03   0.0000000e+00
   9.5200000e+03   0.0000000e+00
   1.0880000e+04   0.0000000e+00
   1.2240000e+04   0.0000000e+00
   1.3600000e+04   0.0000000e+00
   1.4960000e+04   0.0000000e+00
   1.6320000e+04   0.0000000e+00
   1.7680000e+04   0.0000000e+00
   1.9040000e+04   0.0000000e+00
   2.0400000e+04   0.0000000e+00
   2.1760000e+04   0.0000000e+00
   2.3120000e+04   0.0000000e+00
   2.4480000e+04   0.0000000e+00
   2.5840000e+04   0.0000000e+00
   2.7200000e+04   0.0000000e+00
   2.8560000e+04   0.0000000e+00
   2.9920000e+04   0.0000000e+00
   3.1280000e+04   0.0000000e+00
   3.2640000e+04   0.0000000e+00
   3.4000000e+04   0.0000000e+00
   3.5360000e+04   0.0000000e+00
   3.6720000e+04   0.0000000e+00
   3.8080000e+04   0.0000000e+00
   3.9440000e+04   1.6000000e-01
   4.0800000e+04   1.4700000e+00
   4.2160000e+04   3.5000000e-01
   4.3520000e+04  -9.0000000e-02
   4.4880000e+04  -1.6300000e+00
   4.6240000e+04  -1.1200000e+00
   4.7600000e+04   7.8000000e-01
   4.8960000e+04   3.6000000e-01
   5.0320000e+04  -2.9000000e-01
   5.1680000e+04  -4.3000000e-01
   5.3044000e+04  -7.0000000e-01
   5.4400000e+04   1.4000000e-01
   5.5760000e+04   8.0000000e-01
   5.7120000e+04  -2.9000000e-01
   5.8480000e+04  -8.2000000e-01
   5.9840000e+04  -2.2000000e-01
   6.1200000e+04   6.0000000e-02
   6.2560000e+04   3.5000000e-01
   6.3920000e+04   1.4000000e-01
   6.5280000e+04  -7.4000000e-01
   6.6640000e+04  -4.4000000e-01
   6.8000000e+04   1.3000000e-01
   6.9360000e+04   3.7000000e-01
   7.0720000e+04   2.7000000e-01
   7.2080000e+04   3.7000000e-01
   7.3440000e+04  -2.5000000e-01
   7.4800000e+04  -3.9000000e-01
   7.6160000e+04   1.5000000e-01
   7.7520000e+04   1.6000000e-01
   7.8880000e+04   1.0000000e-02
   8.0240000e+04   6.0000000e-02
   8.1600000e+04   9.0000000e-02
   8.2960000e+04  -1.4000000e-01
   8.4320000e+04  -1.9000000e-01
   8.5680000e+04   2.6000000e-01
   8.7040000e+04  -1.0000000e-01
   8.8400000e+04  -2.4000000e-01
   8.9760000e+04  -1.2000000e-01
   9.1120000e+04   3.0000000e-02
   9.2480000e+04   1.9000000e-01
   9.3840000e+04  -2.0000000e-02
   9.5200000e+04  -3.1000000e-01
   9.6560000e+04  -2.1000000e-01
   9.7920000e+04   1.6000000e-01
   9.9280000e+04   6.0000000e-02
   1.0064000e+05  -8.0000000e-02
   1.0200000e+05  -1.0000000e-01
   1.0336000e+05  -4.0000000e-02
   1.0472000e+05   4.0000000e-02
   1.0608000e+05   3.0000000e-02
   1.0744000e+05  -1.5000000e-01
   1.0880000e+05  -4.0000000e-02
   1.1016000e+05   9.0000000e-02
   1.1152000e+05  -3.0000000e-02
   1.1288000e+05  -7.0000000e-02
   1.1424000e+05  -2.0000000e-02
   1.1560000e+05  -6.0000000e-02
   1.1696000e+05  -3.0000000e-02
   1.1832000e+05   4.0000000e-02
   1.1968000e+05  -4.0000000e-02
   1.2104000e+05  -7.0000000e-02
   1.2240000e+05  -1.0000000e-02
   1.2376000e+05  -2.0000000e-02
   1.2512000e+05  -2.0000000e-02
   1.2648000e+05   1.0000000e-02
   1.2784000e+05  -4.0000000e-02
   1.2920000e+05  -7.0000000e-02
   1.3056000e+05  -1.0000000e-02
   1.3192000e+05   0.0000000e+00
   1.3328000e+05   1.0000000e-02
   1.3464000e+05   0.0000000e+00
   1.3600000e+05  -7.0000000e-02
   1.3736000e+05  -6.0000000e-02
   1.3872000e+05   3.0000000e-02
   1.4008400e+05   3.0000000e-02
   1.4144000e+05  -2.0000000e-02
   1.4280000e+05  -6.0000000e-02
   1.4416000e+05  -7.0000000e-02
   1.4552000e+05   2.0000000e-02
   1.4688000e+05   8.0000000e-02
   1.4824000e+05  -1.0000000e-02
   1.4960000e+05  -8.0000000e-02
   1.5096000e+05  -6.0000000e-02
   1.5232000e+05   2.0000000e-02
   1.5368000e+05   8.0000000e-02
   1.5504000e+05   1.0000000e-02
   1.5640000e+05  -9.0000000e-02
   1.5776000e+05  -7.0000000e-02
   1.5912000e+05   6.0000000e-02
   1.6048000e+05   8.0000000e-02
   1.6184000e+05   0.0000000e+00
   1.6320000e+05  -9.0000000e-02
   1.6456000e+05  -8.0000000e-02
   1.6592000e+05   4.0000000e-02
   1.6728000e+05   9.0000000e-02
   1.6864000e+05  -1.0000000e-02
   1.7000000e+05  -1.0000000e-01
   1.7136000e+05  -7.0000000e-02
   1.7272000e+05   5.0000000e-02
   1.7408000e+05   9.0000000e-02
   1.7544000e+05   0.0000000e+00
   1.7680000e+05  -1.0000000e-01
   1.7816000e+05  -7.0000000e-02
   1.7952000e+05   6.0000000e-02
   1.8088000e+05   9.0000000e-02
   1.8224000e+05  -2.0000000e-02
   1.8360000e+05  -1.0000000e-01
   1.8496000e+05  -6.0000000e-02
   1.8632000e+05   6.0000000e-02
   1.8768000e+05   9.0000000e-02
   1.8904000e+05  -2.0000000e-02
   1.9040000e+05  -1.0000000e-01
   1.9176000e+05  -5.0000000e-02
   1.9312000e+05   6.0000000e-02
   1.9448000e+05   9.0000000e-02
   1.9584000e+05  -2.0000000e-02
   1.9720000e+05  -1.0000000e-01
   1.9856000e+05  -4.0000000e-02
   1.9992000e+05   7.0000000e-02
   2.0128000e+05   8.0000000e-02
   2.0264000e+05  -2.0000000e-02
   2.0400000e+05  -9.0000000e-02
   2.0536000e+05  -4.0000000e-02
   2.0672000e+05   7.0000000e-02
   2.0808000e+05   7.0000000e-02
   2.0944000e+05  -3.0000000e-02
   2.2168000e+05   5.0000000e-02
   2.2304000e+05  -3.0000000e-02
   2.2440000e+05  -7.0000000e-02
   2.2576000e+05  -2.0000000e-02
   2.2712400e+05   6.0000000e-02
   2.2848000e+05   5.0000000e-02
   2.2984000e+05  -3.0000000e-02
   2.3120000e+05  -6.0000000e-02
   2.3256000e+05  -1.0000000e-02
   2.3392000e+05   5.0000000e-02
   2.3528000e+05   4.0000000e-02
   2.3664000e+05  -3.0000000e-02
   2.3800000e+05   6.0000000e-02
   2.2848000e+05   5.0000000e-02
   2.2984000e+05  -3.0000000e-02
   2.3120000e+05  -6.0000000e-02
   2.3256000e+05  -1.0000000e-02
   2.3392000e+05   5.0000000e-02
   2.3528000e+05  -1.0000000e-02
   2.4752000e+05   4.0000000e-02
   2.4888000e+05   2.0000000e-02
   2.5024000e+05  -3.0000000e-02
   2.5160000e+05   4.0000000e-02
   2.4208000e+05   3.0000000e-02
   2.4344000e+05  -3.0000000e-02
   2.5568000e+05   1.0000000e-02
   2.5704000e+05  -3.0000000e-02
   2.4752000e+05   4.0000000e-02
   2.4888000e+05   2.0000000e-02
   2.5024000e+05  -3.0000000e-02
   2.5160000e+05  -4.0000000e-02
   2.5296000e+05  -1.0000000e-02
   2.5432000e+05   3.0000000e-02
   2.5568000e+05   1.0000000e-02
   2.5704000e+05   2.0000000e-02
   2.6928000e+05  -3.0000000e-02
   2.5976000e+05   0.0000000e+00
   2.6112000e+05   2.0000000e-02
   2.6248000e+05   1.0000000e-02
   2.6472000e+05   1.0000000e-02
   2.6520000e+05  -3.0000000e-02
   2.6656000e+05   0.0000000e+00
   2.6792000e+05   2.0000000e-02
   2.6928000e+05   0.0000000e+00
   2.7064000e+05  -2.0000000e-02
   2.7200000e+05  -2.0000000e-02
   2.7336000e+05   0.0000000e+00
   2.7472000e+05   1.0000000e-02
   2.7608000e+05   0.0000000e+00
   2.7744000e+05  -2.0000000e-02
   2.7880000e+05  -2.0000000e-02
   2.8016000e+05   0.0000000e+00
   2.8152000e+05   0.0000000e+00
   2.8288000e+05  -1.0000000e-02
   2.8424000e+05  -2.0000000e-02
   2.8560000e+05  -1.0000000e-02
   2.8696000e+05   0.0000000e+00
   2.8832000e+05   0.0000000e+00
   2.8968000e+05  -1.0000000e-02
   2.9104000e+05  -1.0000000e-02
   2.9240000e+05  -1.0000000e-02
   2.9376000e+05   0.0000000e+00
   2.9512000e+05   0.0000000e+00
   2.9648000e+05  -1.0000000e-02
   2.9784000e+05  -1.0000000e-02
   2.9920000e+05  -1.0000000e-02
   3.0056000e+05  -1.0000000e-02
   3.0192000e+05  -1.0000000e-02
   3.0328000e+05  -1.0000000e-02
   3.0464000e+05  -1.0000000e-02
   3.0600000e+05   0.0000000e+00
   3.0736000e+05  -1.0000000e-02
   3.0872000e+05  -1.0000000e-02
   3.1008000e+05  -1.0000000e-02
   3.1144000e+05   0.0000000e+00
   3.1280000e+05   0.0000000e+00
   3.1416400e+05  -1.0000000e-02
   3.1552000e+05  -1.0000000e-02
   3.1688000e+05  -1.0000000e-02
   3.1824000e+05   0.0000000e+00
   3.1960000e+05   0.0000000e+00
   3.2096000e+05  -1.0000000e-02
   3.2232000e+05  -1.0000000e-02
   3.2368000e+05  -1.0000000e-02
   3.2504000e+05   0.0000000e+00
   3.2640000e+05   0.0000000e+00
   3.2776000e+05  -1.0000000e-02
   3.2912000e+05  -1.0000000e-02
   3.3048000e+05   0.0000000e+00
   3.3184000e+05   1.0000000e-02
   3.3320000e+05   0.0000000e+00
   3.3456000e+05  -1.0000000e-02
   3.3592000e+05  -2.0000000e-02
   3.3728000e+05   0.0000000e+00
   3.3864000e+05   1.0000000e-02
   3.4000000e+05   0.0000000e+00
   3.4136000e+05  -1.0000000e-02
   3.4272000e+05  -1.0000000e-02
   3.4408000e+05   0.0000000e+00
   3.4544000e+05   1.0000000e-02
   3.4680000e+05   0.0000000e+00
   3.4816000e+05  -1.0000000e-02
   3.4952000e+05  -1.0000000e-02
   3.5088000e+05   0.0000000e+00
   3.5224000e+05   1.0000000e-02
   3.5360000e+05   0.0000000e+00
   3.5496000e+05  -1.0000000e-02
   3.5632000e+05  -1.0000000e-02
   3.5768000e+05   0.0000000e+00
   3.5904000e+05   1.0000000e-02
   3.6040000e+05   0.0000000e+00
   3.6176000e+05  -1.0000000e-02
   3.6312000e+05  -1.0000000e-02
   3.6448000e+05   0.0000000e+00
   3.6584000e+05   1.0000000e-02
   3.6720000e+05   0.0000000e+00
   3.6856000e+05  -1.0000000e-02
   3.6992000e+05  -1.0000000e-02
   3.7126000e+05  -1.0000000e-02
   3.8352000e+05  -1.0000000e-02
   3.8488000e+05   0.0000000e+00
   3.8624000e+05   1.0000000e-02
   3.8760000e+05   0.0000000e+00
   3.8896000e+05  -2.0000000e-02
   3.9020400e+05  -1.0000000e-02
   4.0256000e+05  -2.0000000e-02
   4.0392000e+05  -1.0000000e-02
   4.0528000e+05   0.0000000e+00
   4.0664000e+05   0.0000000e+00
   3.9712000e+05  -1.0000000e-02
   3.9848000e+05   0.0000000e+00
   3.9984000e+05   0.0000000e+00
   4.0120400e+05  -1.0000000e-02
   4.0256000e+05  -2.0000000e-02
   4.0392000e+05  -1.0000000e-02
   4.0528000e+05   0.0000000e+00
   4.0664000e+05   0.0000000e+00
   4.0800000e+05  -1.0000000e-02
   4.0288000e+05   0.0000000e+00
   4.5424000e+05  -1.0000000e-02
   4.5560000e+05  -1.0000000e-02
   4.5696000e+05   0.0000000e+00
   4.5832000e+05   0.0000000e+00
   4.5968000e+05   0.0000000e+00
   4.6104000e+05   0.0000000e+00
   4.6240000e+05   0.0000000e+00
   4.6376000e+05   0.0000000e+00
   4.5424000e+05  -1.0000000e-02
   4.5560000e+05  -1.0000000e-02
   4.5696000e+05   0.0000000e+00
   4.5832000e+05   0.0000000e+00
   4.5968000e+05   0.0000000e+00
   4.6104000e+05   0.0000000e+00
   4.6240000e+05   0.0000000e+00
   4.6376000e+05   0.0000000e+00
   4.7600000e+05   0.0000000e+00
   4.7736000e+05   0.0000000e+00
   4.7872000e+05   0.0000000e+00
   4.8008000e+05   0.0000000e+00
   4.8144000e+05   0.0000000e+00
   4.8280000e+05   0.0000000e+00
   4.8416000e+05   0.0000000e+00
   4.8552000e+05   0.0000000e+00
   4.8688000e+05   0.0000000e+00
   4.7736000e+05   0.0000000e+00
   4.7872000e+05   0.0000000e+00
   4.8008000e+05   0.0000000e+00
   4.8144000e+05   0.0000000e+00
   4.8280000e+05   0.0000000e+00
   4.8416000e+05   0.0000000e+00
   4.8552000e+05   0.0000000e+00
   5.0864000e+05  -1.0000000e-02
   5.1000000e+05   0.0000000e+00
   5.1136000e+05   0.0000000e+00
   5.1272000e+05   0.0000000e+00
   5.1408000e+05  -1.0000000e-02
   5.1544000e+05  -1.0000000e-02
   5.1680000e+05   0.0000000e+00
   5.1816000e+05   0.0000000e+00
   5.1952000e+05  -1.0000000e-02
   5.2088000e+05  -1.0000000e-02
   5.2224000e+05  -1.0000000e-02
   5.2360000e+05   0.0000000e+00
   5.2496000e+05  -1.0000000e-02
   5.4808000e+05  -1.0000000e-02
   5.4944000e+05   0.0000000e+00
   5.5080000e+05   0.0000000e+00
   5.5216000e+05  -1.0000000e-02
   5.5352000e+05  -1.0000000e-02
   5.5488000e+05  -1.0000000e-02
   5.5624000e+05   0.0000000e+00
   5.5760000e+05   0.0000000e+00
   5.5896000e+05   0.0000000e+00
   5.6032000e+05   0.0000000e+00
   5.6168000e+05   0.0000000e+00
   5.6304000e+05   0.0000000e+00
   5.6440000e+05   0.0000000e+00
   5.6576000e+05   0.0000000e+00
   5.6712000e+05  -1.0000000e-02
   5.6848000e+05   0.0000000e+00
   5.6984000e+05   0.0000000e+00
   5.7120000e+05   0.0000000e+00
   5.7256000e+05  -1.0000000e-02
   5.7392000e+05   0.0000000e+00
   5.7528400e+05   0.0000000e+00
   5.7664000e+05   0.0000000e+00
   5.7800000e+05   0.0000000e+00
   5.7936000e+05   0.0000000e+00
   5.8072000e+05   0.0000000e+00
   5.8208000e+05   0.0000000e+00
   5.8344000e+05   0.0000000e+00
   5.8480000e+05   0.0000000e+00
   5.8616000e+05   0.0000000e+00
   5.9840000e+05   0.0000000e+00
   5.8888000e+05   0.0000000e+00
   5.9024000e+05   0.0000000e+00
   5.9160000e+05   0.0000000e+00
   5.9296000e+05   0.0000000e+00
   5.9432000e+05   0.0000000e+00
   5.9568000e+05   0.0000000e+00
   5.9704000e+05   0.0000000e+00
   5.9840000e+05   0.0000000e+00
   5.9976000e+05   0.0000000e+00
   6.2288000e+05   0.0000000e+00
   6.2424000e+05   0.0000000e+00
   6.2560000e+05   0.0000000e+00
   6.2696000e+05   0.0000000e+00
   6.2832000e+05   0.0000000e+00
   6.2968000e+05   0.0000000e+00
   6.3104000e+05   0.0000000e+00
   6.3240000e+05   0.0000000e+00
   6.3376000e+05   0.0000000e+00
   6.3512000e+05   0.0000000e+00
   6.5824000e+05  -1.0000000e-02
   6.5960000e+05  -1.0000000e-02
   6.6096000e+05  -1.0000000e-02
   6.6232400e+05   0.0000000e+00
   6.6368000e+05   0.0000000e+00
   6.6504000e+05  -1.0000000e-02
   6.6640000e+05   0.0000000e+00
   6.6776000e+05  -1.0000000e-02
   6.6912000e+05  -1.0000000e-02
   6.7048000e+05  -1.0000000e-02
   6.7184000e+05  -1.0000000e-02
   6.7320000e+05  -1.0000000e-02
   6.7456000e+05   0.0000000e+00
   6.7592000e+05   0.0000000e+00
   6.7728000e+05   0.0000000e+00
   6.7864000e+05   0.0000000e+00
   6.8000000e+05   0.0000000e+00
   6.8136000e+05   0.0000000e+00
   6.8272000e+05   0.0000000e+00
   6.8408000e+05   0.0000000e+00
   6.8544000e+05   0.0000000e+00
   6.8680000e+05   0.0000000e+00
   6.8816000e+05   0.0000000e+00
   6.8952000e+05   0.0000000e+00
   6.9088000e+05   0.0000000e+00
   6.9224000e+05   0.0000000e+00
   6.9348000e+05   0.0000000e+00
   6.9496000e+05   0.0000000e+00
   6.9632000e+05   0.0000000e+00
   6.9768000e+05   0.0000000e+00
   6.9904000e+05   0.0000000e+00
   7.0040000e+05   0.0000000e+00
   7.0176000e+05   0.0000000e+00
   7.0312000e+05   0.0000000e+00
   7.0448000e+05   0.0000000e+00
   7.0584000e+05   0.0000000e+00
   7.0720000e+05   0.0000000e+00
   7.0856000e+05   0.0000000e+00
   7.0992000e+05   0.0000000e+00
   7.1128000e+05   0.0000000e+00
   7.1264000e+05   0.0000000e+00
   7.1400000e+05   0.0000000e+00
   7.1536000e+05   0.0000000e+00
   7.1672000e+05   0.0000000e+00
   7.1808000e+05   0.0000000e+00
   7.1944000e+05   0.0000000e+00
   7.2080000e+05   0.0000000e+00
   7.2216000e+05   0.0000000e+00
   7.2352000e+05   0.0000000e+00
   7.2488000e+05   0.0000000e+00
   7.2624000e+05   0.0000000e+00
   7.2760000e+05   0.0000000e+00
   7.2896000e+05   0.0000000e+00
   7.3032000e+05   0.0000000e+00
   7.3168000e+05   0.0000000e+00
   7.3304000e+05   0.0000000e+00
   7.3440000e+05   0.0000000e+00
   7.3576000e+05   0.0000000e+00
   7.3712000e+05   0.0000000e+00
   7.3848000e+05   0.0000000e+00
   7.6160000e+05   0.0000000e+00
   7.6296000e+05   0.0000000e+00
   7.6432000e+05   0.0000000e+00
   7.6568000e+05   0.0000000e+00
   7.6704000e+05   0.0000000e+00
   7.6840000e+05   0.0000000e+00
   7.6976000e+05   0.0000000e+00
   7.7112000e+05   0.0000000e+00
   7.7248000e+05  -1.0000000e-02
   7.7384000e+05   0.0000000e+00
   7.7520000e+05   0.0000000e+00
   7.7656000e+05   0.0000000e+00
   7.7792000e+05   0.0000000e+00
   7.7928000e+05   0.0000000e+00
   7.8064000e+05   0.0000000e+00
   7.8200000e+05   0.0000000e+00
   7.8336000e+05   0.0000000e+00
   7.8472000e+05   0.0000000e+00
   7.8608000e+05   0.0000000e+00
   7.8744000e+05   0.0000000e+00
   7.8880000e+05   0.0000000e+00
   7.9016000e+05   0.0000000e+00
   7.9152000e+05   0.0000000e+00
   7.9288000e+05   0.0000000e+00
   7.9424000e+05   0.0000000e+00
   7.9560000e+05   0.0000000e+00
   7.9696000e+05   0.0000000e+00
   7.9832000e+05   0.0000000e+00
   7.9968000e+05   0.0000000e+00
   8.0104000e+05   0.0000000e+00
   8.0240000e+05   0.0000000e+00
   8.0376000e+05   0.0000000e+00
   8.0512000e+05  -1.0000000e-02
   8.0648000e+05   0.0000000e+00
   8.0784000e+05   0.0000000e+00
   8.0920000e+05   0.0000000e+00
   8.1056000e+05   0.0000000e+00
   8.1192000e+05   0.0000000e+00
   8.1328000e+05   0.0000000e+00
   8.1464000e+05   0.0000000e+00
   8.1600000e+05   0.0000000e+00
   8.1736000e+05   0.0000000e+00
   8.1872000e+05   0.0000000e+00
   8.2008000e+05   0.0000000e+00
   8.2144000e+05   0.0000000e+00
   8.2280000e+05   0.0000000e+00
   8.2416000e+05   0.0000000e+00
   8.2552000e+05   0.0000000e+00
   8.4864000e+05   0.0000000e+00
   8.5000000e+05   0.0000000e+00
   8.5136000e+05   0.0000000e+00
   8.5272000e+05   0.0000000e+00
   8.5408000e+05   0.0000000e+00
   8.5544000e+05   0.0000000e+00
   8.5680000e+05   0.0000000e+00
   8.5816000e+05   0.0000000e+00
   8.5952000e+05   0.0000000e+00
   8.6088000e+05   0.0000000e+00
   8.6224000e+05   0.0000000e+00
   8.6360000e+05   0.0000000e+00
   8.6496000e+05   0.0000000e+00
   8.6632000e+05   0.0000000e+00
   8.6768000e+05   0.0000000e+00
   8.6904000e+05   0.0000000e+00
   8.7040000e+05   0.0000000e+00
   8.7176000e+05   0.0000000e+00
   8.7312000e+05   0.0000000e+00
   8.7448000e+05   0.0000000e+00
   8.7584000e+05   0.0000000e+00
   8.7720000e+05   0.0000000e+00
   8.7856000e+05   0.0000000e+00
   8.7992000e+05   0.0000000e+00
   8.8128000e+05   0.0000000e+00
   8.8264000e+05   0.0000000e+00
   8.8400000e+05   0.0000000e+00
   8.8536000e+05   0.0000000e+00
   9.0848000e+05   0.0000000e+00
   9.0984000e+05   0.0000000e+00
   9.1120000e+05   0.0000000e+00
   9.1256000e+05   0.0000000e+00
   9.1392000e+05   0.0000000e+00
   9.1528000e+05   0.0000000e+00
   9.1664000e+05  -1.0000000e-02
   9.1800000e+05   0.0000000e+00
   9.1936000e+05   0.0000000e+00
   9.2072000e+05   0.0000000e+00
   9.2208000e+05   0.0000000e+00
   9.2344400e+05   0.0000000e+00
   9.2480000e+05   0.0000000e+00
   9.2616000e+05   0.0000000e+00
   9.2752000e+05   0.0000000e+00
   9.2888000e+05   0.0000000e+00
   9.3024000e+05   0.0000000e+00
   9.3160000e+05   0.0000000e+00
   9.3296000e+05  -1.0000000e-02
   9.3432000e+05   0.0000000e+00
   9.3568000e+05   0.0000000e+00
   9.3704000e+05   0.0000000e+00
   9.3840000e+05  -1.0000000e-02
   9.3976000e+05  -1.0000000e-02
   9.4112000e+05   0.0000000e+00
   9.4248000e+05   0.0000000e+00
   9.4384000e+05   0.0000000e+00
   9.4520000e+05   0.0000000e+00
   9.4656000e+05   0.0000000e+00
   9.4792000e+05   0.0000000e+00
   9.4928000e+05  -1.0000000e-02
   9.5064000e+05  -1.0000000e-02
   9.5200000e+05   0.0000000e+00
   9.5336000e+05  -1.0000000e-02
   9.5472000e+05   0.0000000e+00
   9.5608000e+05   0.0000000e+00
   9.5744000e+05   0.0000000e+00
   9.5880000e+05   0.0000000e+00
   9.6016000e+05   0.0000000e+00
   9.6152000e+05   0.0000000e+00
   9.6288000e+05   0.0000000e+00
   9.6424000e+05   0.0000000e+00
   9.6560000e+05   0.0000000e+00
   9.6696000e+05   0.0000000e+00
   9.6832000e+05   0.0000000e+00
   9.6968000e+05   0.0000000e+00
   9.7104000e+05   0.0000000e+00
   9.7240000e+05   0.0000000e+00
   9.7376000e+05   0.0000000e+00
   9.7512000e+05   0.0000000e+00
   9.7648000e+05   0.0000000e+00
   9.7784000e+05   0.0000000e+00
   9.7920000e+05   0.0000000e+00
   9.8056000e+05   0.0000000e+00
   9.8192000e+05   0.0000000e+00
   9.8328000e+05   0.0000000e+00
   9.8464000e+05   0.0000000e+00
   9.8600000e+05   0.0000000e+00
   9.8736000e+05   0.0000000e+00
   9.1048400e+05   0.0000000e+00
   1.0118400e+06   0.0000000e+00
   1.0132000e+06   0.0000000e+00
   1.0145600e+06   0.0000000e+00
   1.0159200e+06   0.0000000e+00
   1.0172800e+06   0.0000000e+00
   1.0186400e+06   0.0000000e+00
   1.0200000e+06   0.0000000e+00
   1.0213600e+06   0.0000000e+00
   1.0227200e+06   0.0000000e+00
   1.0240800e+06   0.0000000e+00
   1.0254400e+06   0.0000000e+00
   1.0268000e+06   0.0000000e+00
   1.0281600e+06   0.0000000e+00
   1.0295200e+06   0.0000000e+00
   1.0308800e+06   0.0000000e+00
   1.0322400e+06   0.0000000e+00
   1.0334800e+06   0.0000000e+00
   1.0458400e+06   0.0000000e+00
   1.0363200e+06   0.0000000e+00
   1.0376800e+06   0.0000000e+00
   1.0390400e+06   0.0000000e+00
   1.0404000e+06   0.0000000e+00
   1.0417600e+06   0.0000000e+00
   1.0430000e+06   0.0000000e+00
   1.0553600e+06   0.0000000e+00
   1.0567200e+06   0.0000000e+00
   1.0580800e+06   0.0000000e+00
   1.0594400e+06   0.0000000e+00
   1.0608000e+06   0.0000000e+00
   1.0621600e+06   0.0000000e+00
   1.0744000e+06   0.0000000e+00
   1.0757600e+06   0.0000000e+00
   1.0771200e+06   0.0000000e+00
   1.0784800e+06   0.0000000e+00
   1.0798400e+06   0.0000000e+00
   1.0812000e+06   0.0000000e+00
   1.0825600e+06  -1.0000000e-02
   1.0840400e+06   0.0000000e+00
   1.0744000e+06   0.0000000e+00
   1.0757600e+06   0.0000000e+00
   1.0771200e+06   0.0000000e+00
   1.0784800e+06  -1.0000000e-02
   1.1233600e+06  -1.0000000e-02
   1.1247200e+06  -1.0000000e-02
   1.1260800e+06   0.0000000e+00
   1.1274400e+06   0.0000000e+00
   1.1288000e+06   0.0000000e+00
   1.1301600e+06   0.0000000e+00
   1.1315200e+06  -1.0000000e-02
   1.1220000e+06  -1.0000000e-02
   1.1233600e+06  -1.0000000e-02
   1.1247200e+06  -1.0000000e-02
   1.1260800e+06   0.0000000e+00
   1.1274400e+06   0.0000000e+00
   1.1288000e+06   0.0000000e+00
   1.1301600e+06   0.0000000e+00
   1.1315200e+06   0.0000000e+00
   1.1255200e+06   0.0000000e+00
   1.1668800e+06   0.0000000e+00
   1.1573600e+06   0.0000000e+00
   1.1587200e+06   0.0000000e+00
   1.1600800e+06   0.0000000e+00
   1.1614400e+06   0.0000000e+00
   1.1628000e+06   0.0000000e+00
   1.1641600e+06   0.0000000e+00
   1.1655200e+06   0.0000000e+00
   1.1668800e+06   0.0000000e+00
   1.1682400e+06   0.0000000e+00
   1.1696000e+06   0.0000000e+00
   1.1709600e+06   0.0000000e+00
   1.1723200e+06   0.0000000e+00
   1.1736800e+06   0.0000000e+00
   1.1750400e+06   0.0000000e+00
   1.1764000e+06   0.0000000e+00
   1.1777600e+06   0.0000000e+00
   1.1791200e+06   0.0000000e+00
   1.1804800e+06   0.0000000e+00
   1.1818400e+06   0.0000000e+00
   1.1832000e+06   0.0000000e+00
   1.1845640e+06   0.0000000e+00
   1.2076800e+06   0.0000000e+00
   1.1981600e+06   0.0000000e+00
   1.1995200e+06   0.0000000e+00
   1.2008800e+06   0.0000000e+00
   1.2022400e+06   0.0000000e+00
   1.2036000e+06   0.0000000e+00
   1.2049600e+06   0.0000000e+00
   1.2063200e+06   0.0000000e+00
   1.2076800e+06   0.0000000e+00
   1.2090400e+06   0.0000000e+00
   1.1995200e+06   0.0000000e+00
   1.2008800e+06   0.0000000e+00
   1.2022400e+06   0.0000000e+00
   1.2036000e+06   0.0000000e+00
   1.2049600e+06   0.0000000e+00
   1.2063200e+06   0.0000000e+00
   1.2076800e+06   0.0000000e+00
   1.2090400e+06   0.0000000e+00
   1.2104000e+06   0.0000000e+00
   1.2117600e+06   0.0000000e+00
   1.2131200e+06   0.0000000e+00
   1.2144800e+06   0.0000000e+00
   1.2158400e+06   0.0000000e+00
   1.2172000e+06   0.0000000e+00
   1.2185600e+06   0.0000000e+00
   1.2199200e+06   0.0000000e+00
   1.2212800e+06  -1.0000000e-02
   1.2226400e+06   0.0000000e+00
   1.2240000e+06  -1.0000000e-02
   1.2253600e+06   0.0000000e+00
   1.2267200e+06   0.0000000e+00
   1.2280800e+06   0.0000000e+00
   1.2294400e+06   0.0000000e+00
   1.2308000e+06   0.0000000e+00
   1.2321600e+06   0.0000000e+00
   1.2335200e+06  -1.0000000e-02
   1.2348800e+06  -1.0000000e-02
   1.2362400e+06  -1.0000000e-02
   1.2376000e+06  -1.0000000e-02
   1.2389600e+06   0.0000000e+00
   1.2403200e+06  -1.0000000e-02
   1.2416800e+06   0.0000000e+00
   1.2648000e+06  -1.0000000e-02
   1.2552800e+06   0.0000000e+00
   1.2566400e+06   0.0000000e+00
   1.2580000e+06   0.0000000e+00
   1.2593600e+06   0.0000000e+00
   1.2607200e+06   0.0000000e+00
   1.2620800e+06   0.0000000e+00
   1.2634400e+06   0.0000000e+00
   1.2648000e+06   0.0000000e+00
   1.2661600e+06   0.0000000e+00
   1.2566400e+06   0.0000000e+00
   1.2580000e+06   0.0000000e+00
   1.2593600e+06   0.0000000e+00
   1.2607200e+06   0.0000000e+00
   1.2620800e+06   0.0000000e+00
   1.2634400e+06   0.0000000e+00
   1.2648000e+06   0.0000000e+00
   1.2661600e+06  -1.0000000e-02
   1.2675200e+06   0.0000000e+00
   1.2688800e+06   0.0000000e+00
   1.2702400e+06   0.0000000e+00
   1.2716040e+06   0.0000000e+00
   1.2729600e+06   0.0000000e+00
   1.2743200e+06   0.0000000e+00
   1.2756800e+06   0.0000000e+00
   1.3205600e+06   0.0000000e+00
   1.3219200e+06   0.0000000e+00
   1.3232800e+06   0.0000000e+00
   1.3246400e+06   0.0000000e+00
   1.3260000e+06   0.0000000e+00
   1.3273600e+06   0.0000000e+00
   1.3287200e+06   0.0000000e+00
   1.3300800e+06   0.0000000e+00
   1.3314400e+06   0.0000000e+00
   1.3328000e+06   0.0000000e+00
   1.3341600e+06   0.0000000e+00
   1.3355200e+06   0.0000000e+00
   1.3368800e+06  -1.0000000e-02
   1.3382400e+06   0.0000000e+00
   1.3396000e+06   0.0000000e+00
   1.3409600e+06   0.0000000e+00
   1.3423200e+06   0.0000000e+00
   1.3436800e+06   0.0000000e+00
   1.3450400e+06   0.0000000e+00
   1.3464000e+06   0.0000000e+00
   1.3477600e+06   0.0000000e+00
   1.3491200e+06   0.0000000e+00
   1.3504800e+06   0.0000000e+00
   1.3518400e+06   0.0000000e+00
   1.3532000e+06   0.0000000e+00
   1.3545600e+06   0.0000000e+00
   1.3559200e+06   0.0000000e+00
   1.3572800e+06   0.0000000e+00
   1.3586440e+06   0.0000000e+00
   1.3600000e+06   0.0000000e+00
   1.3613600e+06   0.0000000e+00
   1.3627200e+06   0.0000000e+00
   1.3640800e+06   0.0000000e+00
   1.3654400e+06   0.0000000e+00
   1.3668000e+06   0.0000000e+00
   1.3681600e+06   0.0000000e+00
   1.3695200e+06   0.0000000e+00
   1.3708800e+06   0.0000000e+00
   1.3722400e+06   0.0000000e+00
   1.3736000e+06   0.0000000e+00
   1.3749600e+06   0.0000000e+00
   1.3763200e+06   0.0000000e+00
   1.3776800e+06   0.0000000e+00
   1.3790400e+06   0.0000000e+00
   1.3804000e+06   0.0000000e+00
   1.3817600e+06  -1.0000000e-02
   1.3831200e+06   0.0000000e+00
   1.3844800e+06  -1.0000000e-02
   1.3858400e+06   0.0000000e+00
   1.3872000e+06   0.0000000e+00
   1.3885600e+06  -1.0000000e-02
   1.3899200e+06   0.0000000e+00
   1.3912800e+06   0.0000000e+00
   1.3926400e+06   0.0000000e+00
   1.3940000e+06   0.0000000e+00
   1.3953600e+06   0.0000000e+00
   1.3967200e+06   0.0000000e+00
   1.3980800e+06   0.0000000e+00
   1.3994400e+06   0.0000000e+00
   1.4008000e+06   0.0000000e+00
   1.4021600e+06   0.0000000e+00
   1.4035200e+06   0.0000000e+00
   1.4048800e+06   0.0000000e+00
   1.4062400e+06   0.0000000e+00
   1.4076000e+06   0.0000000e+00
   1.4089600e+06   0.0000000e+00
   1.4103200e+06   0.0000000e+00
   1.4116800e+06   0.0000000e+00
   1.4130400e+06   0.0000000e+00
   1.4144000e+06   0.0000000e+00
   1.4157600e+06   0.0000000e+00
   1.4171200e+06  -1.0000000e-02
   1.4184800e+06   0.0000000e+00
   1.4198400e+06   0.0000000e+00
   1.4212000e+06   0.0000000e+00
   1.4225600e+06   0.0000000e+00
   1.4239200e+06   0.0000000e+00
   1.4252800e+06   0.0000000e+00
   1.4266400e+06   0.0000000e+00
   1.4280000e+06   0.0000000e+00
   1.4293600e+06   0.0000000e+00
   1.4307200e+06   0.0000000e+00
   1.4320800e+06   0.0000000e+00
   1.4334400e+06   0.0000000e+00
   1.4348000e+06   0.0000000e+00
   1.4361600e+06   0.0000000e+00
   1.4484000e+06   0.0000000e+00
   1.4497600e+06   0.0000000e+00
   1.4511200e+06   0.0000000e+00
   1.4524800e+06   0.0000000e+00
   1.4538400e+06   0.0000000e+00
   1.4552000e+06   0.0000000e+00
   1.4565600e+06   0.0000000e+00
   1.4579200e+06   0.0000000e+00
   1.4592000e+06   0.0000000e+00
   1.4497600e+06   0.0000000e+00
   1.4511200e+06   0.0000000e+00
   1.4524800e+06   0.0000000e+00
   1.4538400e+06   0.0000000e+00
   1.4552000e+06   0.0000000e+00
   1.4565600e+06   0.0000000e+00
   1.4579200e+06   0.0000000e+00
   1.4592800e+06   0.0000000e+00
   1.4932800e+06   0.0000000e+00
   1.4946400e+06   0.0000000e+00
   1.4960000e+06   0.0000000e+00
   1.4973600e+06   0.0000000e+00
   1.4987200e+06   0.0000000e+00
   1.5000800e+06   0.0000000e+00
   1.4905600e+06   0.0000000e+00
   1.4919200e+06   0.0000000e+00
   1.4932800e+06   0.0000000e+00
   1.4946400e+06   0.0000000e+00
   1.4960000e+06   0.0000000e+00
   1.4973600e+06   0.0000000e+00
   1.4987200e+06   0.0000000e+00
   1.5000800e+06   0.0000000e+00
   1.5014400e+06   0.0000000e+00
   1.5028000e+06   0.0000000e+00
   1.5041600e+06   0.0000000e+00
   1.5055200e+06   0.0000000e+00
   1.5068800e+06   0.0000000e+00
   1.5082400e+06   0.0000000e+00
   1.5096000e+06   0.0000000e+00
   1.5109600e+06   0.0000000e+00
   1.5123200e+06   0.0000000e+00
   1.5136800e+06   0.0000000e+00
   1.5150400e+06   0.0000000e+00
   1.5164000e+06   0.0000000e+00
   1.5177600e+06   0.0000000e+00
   1.5191200e+06   0.0000000e+00
   1.5204800e+06   0.0000000e+00
   1.5218400e+06   0.0000000e+00
   1.5232000e+06   0.0000000e+00
   1.5245600e+06   0.0000000e+00
   1.5368000e+06   0.0000000e+00
   1.5272800e+06   0.0000000e+00
   1.5286400e+06   0.0000000e+00
   1.5300000e+06   0.0000000e+00
   1.5313600e+06   0.0000000e+00
   1.5327240e+06   0.0000000e+00
   1.5340800e+06   0.0000000e+00
   1.5354400e+06   0.0000000e+00
   1.5368000e+06   0.0000000e+00
   1.5381600e+06   0.0000000e+00
   1.5395200e+06   0.0000000e+00
   1.5408800e+06   0.0000000e+00
   1.5422400e+06   0.0000000e+00
   1.5436000e+06   0.0000000e+00
   1.5449600e+06   0.0000000e+00
   1.5463200e+06   0.0000000e+00
   1.5585600e+06   0.0000000e+00
   1.5599200e+06   0.0000000e+00
   1.5612800e+06   0.0000000e+00
   1.5626400e+06   0.0000000e+00
   1.5640000e+06   0.0000000e+00
   1.5653600e+06   0.0000000e+00
   1.5558400e+06  -1.0000000e-02
   1.5572000e+06   0.0000000e+00
   1.5585600e+06   0.0000000e+00
   1.5599200e+06   0.0000000e+00
   1.5612800e+06   0.0000000e+00
   1.5626400e+06   0.0000000e+00
   1.5640000e+06   0.0000000e+00
   1.5653600e+06   0.0000000e+00
   1.5667200e+06   0.0000000e+00
   1.6116000e+06   0.0000000e+00
   1.6129600e+06   0.0000000e+00
   1.6143200e+06   0.0000000e+00
   1.6156800e+06   0.0000000e+00
   1.6170400e+06   0.0000000e+00
   1.6184000e+06   0.0000000e+00
   1.6197640e+06   0.0000000e+00
   1.6211200e+06   0.0000000e+00
   1.6224800e+06   0.0000000e+00
   1.6238400e+06   0.0000000e+00
   1.6252000e+06   0.0000000e+00
   1.6265600e+06   0.0000000e+00
   1.6279200e+06   0.0000000e+00
   1.6292800e+06   0.0000000e+00
   1.6306400e+06   0.0000000e+00
   1.6428800e+06   0.0000000e+00
   1.6442400e+06   0.0000000e+00
   1.6456000e+06   0.0000000e+00
   1.6360800e+06   0.0000000e+00
   1.6374400e+06   0.0000000e+00
   1.6388000e+06   0.0000000e+00
   1.6401600e+06   0.0000000e+00
   1.6415200e+06   0.0000000e+00
   1.6428800e+06   0.0000000e+00
   1.6442400e+06   0.0000000e+00
   1.6456000e+06   0.0000000e+00
   1.6469600e+06   0.0000000e+00
   1.6483200e+06   0.0000000e+00
   1.6496800e+06   0.0000000e+00
   1.6510400e+06   0.0000000e+00
   1.6524000e+06   0.0000000e+00
   1.6537600e+06   0.0000000e+00
   1.6551200e+06   0.0000000e+00
   1.6564800e+06   0.0000000e+00
   1.6578400e+06   0.0000000e+00
   1.6592000e+06   0.0000000e+00
   1.6605600e+06   0.0000000e+00
   1.6619200e+06   0.0000000e+00
   1.6632800e+06   0.0000000e+00
   1.6646400e+06   0.0000000e+00
   1.6768800e+06   0.0000000e+00
   1.6782600e+06   0.0000000e+00
   1.6687200e+06   0.0000000e+00
   1.6700800e+06   0.0000000e+00
   1.6714400e+06   0.0000000e+00
   1.6728000e+06   0.0000000e+00
   1.6959200e+06   0.0000000e+00
   1.6864000e+06   0.0000000e+00
   1.6877600e+06   0.0000000e+00
   1.6891200e+06   0.0000000e+00
   1.6904800e+06   0.0000000e+00
   1.6918400e+06   0.0000000e+00
   1.6932000e+06   0.0000000e+00
   1.6945600e+06   0.0000000e+00
   1.7176800e+06  -1.0000000e-02
   1.7190400e+06  -1.0000000e-02
   1.7204000e+06  -1.0000000e-02
   1.7217600e+06   0.0000000e+00
   1.7122400e+06   0.0000000e+00
   1.7136000e+06   0.0000000e+00
   1.7149600e+06   0.0000000e+00
   1.7163200e+06   0.0000000e+00
   1.7176800e+06  -1.0000000e-02
   1.7190400e+06  -1.0000000e-02
   1.7204000e+06  -1.0000000e-02
   1.7217600e+06   0.0000000e+00
   1.7231200e+06   0.0000000e+00
   1.7462400e+06   0.0000000e+00
   1.7476000e+06  -1.0000000e-02
   1.7380800e+06  -1.0000000e-02
   1.7394400e+06   0.0000000e+00
   1.7408000e+06   0.0000000e+00
   1.7421600e+06   0.0000000e+00
   1.7435200e+06   0.0000000e+00
   1.7448800e+06   0.0000000e+00
   1.7462400e+06   0.0000000e+00
   1.7476000e+06   0.0000000e+00
   1.7480800e+06  -1.0000000e-02
   1.7394400e+06   0.0000000e+00
   1.7408000e+06   0.0000000e+00
   1.7421600e+06   0.0000000e+00
   1.7435200e+06   0.0000000e+00
   1.7452800e+06   0.0000000e+00
   1.8006400e+06   0.0000000e+00
   1.8020000e+06   0.0000000e+00
   1.8024800e+06   0.0000000e+00
   1.7938440e+06   0.0000000e+00
   1.7952000e+06   0.0000000e+00
   1.7965600e+06   0.0000000e+00
   1.7979200e+06   0.0000000e+00
   1.7992800e+06   0.0000000e+00
   1.8006400e+06   0.0000000e+00
   1.8020000e+06   0.0000000e+00
   1.8033600e+06   0.0000000e+00
   1.8156000e+06   0.0000000e+00
   1.8169600e+06   0.0000000e+00
   1.8183200e+06   0.0000000e+00
   1.8196800e+06   0.0000000e+00
   1.8210400e+06   0.0000000e+00
   1.8224000e+06   0.0000000e+00
   1.8237600e+06   0.0000000e+00
   1.8142400e+06   0.0000000e+00
   1.8156000e+06   0.0000000e+00
