   0.0000000e+00   2.3500000e-01
   1.3600000e+03  -2.3500000e-01
   2.7200000e+03   1.7500000e-01
   4.0800000e+03  -1.7500000e-01
   5.4400000e+03  -2.5000000e-02
   6.8000000e+03   1.4500000e-01
   8.1600000e+03  -3.1500000e-01
   9.5200000e+03   2.8500000e-01
   1.0880000e+04  -1.3500000e-01
   1.2240000e+04  -5.5000000e-02
   1.3600000e+04   1.8500000e-01
   1.4960000e+04  -1.8500000e-01
   1.6320000e+04   1.3500000e-01
   1.7680000e+04  -8.5000000e-02
   1.9040000e+04  -3.5000000e-02
   2.0400000e+04   8.5000000e-02
   2.1760000e+04  -2.2500000e-01
   2.3120000e+04   2.5500000e-01
   2.4480000e+04  -2.2500000e-01
   2.5840000e+04   6.5000000e-02
   2.7200000e+04   1.0500000e-01
   2.8560000e+04  -2.1500000e-01
   2.9920000e+04   1.9500000e-01
   3.1280000e+04  -1.4500000e-01
   3.2640000e+04   5.0000000e-03
   3.4000000e+04   4.5000000e-02
   3.5360000e+04  -1.4500000e-01
   3.6720000e+04   1.2500000e-01
   3.8080000e+04  -1.7500000e-01
   3.9440000e+04   7.5000000e-02
   4.0800000e+04   2.5000000e-02
   4.2160000e+04  -1.6500000e-01
   4.3520000e+04   2.1500000e-01
   4.4880000e+04  -2.2500000e-01
   4.6240000e+04   8.5000000e-02
   4.7600000e+04  -1.5000000e-02
   4.8960000e+04  -1.2500000e-01
   5.0320000e+04   1.0500000e-01
   5.1680000e+04  -1.4500000e-01
   5.3040000e+04   7.5000000e-02
   5.4400000e+04  -5.5000000e-02
   5.5760000e+04  -5.5000000e-02
   5.7120000e+04   1.1500000e-01
   5.8480000e+04  -1.9500000e-01
   5.9840000e+04   1.2500000e-01
   6.1200000e+04  -5.5000000e-02
   6.2560000e+04  -1.0500000e-01
   6.3920000e+04   1.3500000e-01
   6.5280000e+04  -1.7500000e-01
   6.6640000e+04   9.5000000e-02
   6.8000000e+04  -6.5000000e-02
   6.9360000e+04  -5.0000000e-03
   7.0720000e+04   4.5000000e-02
   7.2080000e+04  -1.2500000e-01
   7.3440000e+04   1.3500000e-01
   7.4800000e+04  -1.0500000e-01
   7.6160000e+04  -1.5000000e-02
   7.7520000e+04   1.0500000e-01
   7.8884000e+04  -1.6500000e-01
   8.0240000e+04   1.1500000e-01
   8.1600000e+04  -5.5000000e-02
   8.2960000e+04  -1.5000000e-02
   8.4320000e+04   5.5000000e-02
   8.5680000e+04  -8.5000000e-02
   8.7040000e+04   1.2500000e-01
   8.8400000e+04  -1.2500000e-01
   8.9760000e+04   7.5000000e-02
   9.1120000e+04   2.5000000e-02
   9.2480000e+04  -1.1500000e-01
   9.3840000e+04   1.3500000e-01
   9.5200000e+04  -7.5000000e-02
   9.6560000e+04   5.0000000e-03
   9.7920000e+04   6.5000000e-02
   9.9280000e+04  -7.5000000e-02
   1.0064000e+05   8.5000000e-02
   1.0200000e+05  -8.5000000e-02
   1.0336000e+05   7.5000000e-02
   1.0472000e+05  -2.5000000e-02
   1.0608000e+05  -7.5000000e-02
   1.0744000e+05   1.2500000e-01
   1.0880000e+05  -1.2500000e-01
   1.1016000e+05   7.5000000e-02
   1.1152000e+05   1.5000000e-02
   1.1288000e+05  -6.5000000e-02
   1.1424000e+05   7.5000000e-02
   1.1560000e+05  -6.5000000e-02
   1.1696000e+05   4.5000000e-02
   1.1832000e+05  -2.5000000e-02
   1.1968000e+05  -2.5000000e-02
   1.2104000e+05   7.5000000e-02
   1.2240000e+05  -1.1500000e-01
   1.2376000e+05   9.5000000e-02
   1.2512000e+05  -4.5000000e-02
   1.2648000e+05  -4.5000000e-02
   1.2784000e+05   8.5000000e-02
   1.2920000e+05  -8.5000000e-02
   1.3056000e+05   5.5000000e-02
   1.3192000e+05  -2.5000000e-02
   1.3328000e+05  -1.5000000e-02
   1.3464000e+05   1.5000000e-02
   1.3600000e+05  -7.5000000e-02
   1.3736000e+05   7.5000000e-02
   1.3872000e+05  -7.5000000e-02
   1.4008000e+05  -5.0000000e-03
   1.4144000e+05   5.5000000e-02
   1.4280000e+05  -1.0500000e-01
   1.4416000e+05   7.5000000e-02
   1.4552000e+05  -4.5000000e-02
   1.4688000e+05  -1.5000000e-02
   1.4824000e+05   2.5000000e-02
   1.4960000e+05  -5.5000000e-02
   1.5096000e+05   4.5000000e-02
   1.5232000e+05  -7.5000000e-02
   1.5368000e+05   2.5000000e-02
   1.5504000e+05   5.0000000e-03
   1.5640000e+05  -6.5000000e-02
   1.5776000e+05   7.5000000e-02
   1.5912000e+05  -6.5000000e-02
   1.6048000e+05   5.0000000e-03
   1.6184000e+05   2.5000000e-02
   1.6320000e+05  -6.5000000e-02
   1.6456000e+05   4.5000000e-02
   1.6592400e+05  -5.5000000e-02
   1.6728000e+05   2.5000000e-02
   1.6864000e+05  -2.5000000e-02
   1.7000000e+05  -3.5000000e-02
   1.7136000e+05   5.5000000e-02
   1.7272000e+05  -7.5000000e-02
   1.7408000e+05   3.5000000e-02
   1.7544000e+05  -5.0000000e-03
   1.7680000e+05  -5.5000000e-02
   1.7816000e+05   5.5000000e-02
   1.7952000e+05  -5.5000000e-02
   1.8088000e+05   1.5000000e-02
   1.8224000e+05  -1.5000000e-02
   1.8360000e+05  -2.5000000e-02
   1.8496000e+05   2.5000000e-02
   1.8632000e+05  -7.5000000e-02
   1.8768000e+05   5.5000000e-02
   1.8904000e+05  -4.5000000e-02
   1.9040000e+05  -2.5000000e-02
   1.9176000e+05   4.5000000e-02
   1.9312000e+05  -6.5000000e-02
   1.9448000e+05   2.5000000e-02
   1.9584000e+05  -1.5000000e-02
   1.9720000e+05  -2.5000000e-02
   1.9856000e+05   1.5000000e-02
   1.9992000e+05  -3.5000000e-02
   2.0128000e+05   3.5000000e-02
   2.0264000e+05  -4.5000000e-02
   2.0400000e+05   1.5000000e-02
   2.0536000e+05   2.5000000e-02
   2.0672000e+05  -5.5000000e-02
   2.0808000e+05   5.5000000e-02
   2.0944000e+05  -2.5000000e-02
   2.1080000e+05  -5.0000000e-03
   2.1216000e+05   2.5000000e-02
   2.1352000e+05  -2.5000000e-02
   2.1488000e+05   2.5000000e-02
   2.1624000e+05  -1.5000000e-02
   2.1760000e+05   2.5000000e-02
   2.1896000e+05   5.0000000e-03
   2.2032000e+05  -2.5000000e-02
   2.2168000e+05   5.5000000e-02
   2.2304000e+05  -4.5000000e-02
   2.2440000e+05   1.5000000e-02
   2.2576000e+05   2.5000000e-02
   2.2712000e+05  -3.5000000e-02
   2.2848000e+05   3.5000000e-02
   2.2984000e+05  -2.5000000e-02
   2.3120000e+05   1.5000000e-02
   2.3256000e+05  -1.5000000e-02
   2.3392000e+05  -5.0000000e-03
   2.3528000e+05   1.5000000e-02
   2.3664000e+05  -4.5000000e-02
   2.3800000e+05   2.5000000e-02
   2.3936000e+05  -5.0000000e-03
   2.4072000e+05  -3.5000000e-02
   2.4208000e+05   3.5000000e-02
   2.4344000e+05  -3.5000000e-02
   2.4480000e+05   5.0000000e-03
   2.4616000e+05  -5.0000000e-03
   2.4752000e+05  -1.5000000e-02
   2.4888000e+05   5.0000000e-03
   2.5024000e+05  -3.5000000e-02
   2.5160000e+05   2.5000000e-02
   2.5296400e+05  -3.5000000e-02
   2.5432000e+05  -1.5000000e-02
   2.5568000e+05   1.5000000e-02
   2.5704000e+05  -4.5000000e-02
   2.5840000e+05   1.5000000e-02
   2.5976000e+05  -5.0000000e-03
   2.6112000e+05  -1.5000000e-02
   2.6248000e+05   5.0000000e-03
   2.6384000e+05  -2.5000000e-02
   2.6520000e+05   5.0000000e-03
   2.6656000e+05  -3.5000000e-02
   2.6792000e+05   5.0000000e-03
   2.6928000e+05  -5.0000000e-03
   2.7064000e+05  -4.5000000e-02
   2.7200000e+05   2.5000000e-02
   2.7336000e+05  -2.5000000e-02
   2.7472000e+05  -1.5000000e-02
   2.7608000e+05   1.5000000e-02
   2.7744000e+05  -2.5000000e-02
   2.7880000e+05   5.0000000e-03
   2.8016000e+05  -1.5000000e-02
   2.8152000e+05   5.0000000e-03
   2.8288000e+05  -5.0000000e-03
   2.8424000e+05  -1.5000000e-02
   2.8560000e+05   2.5000000e-02
   2.8696000e+05  -3.5000000e-02
   2.8832000e+05   5.0000000e-03
   2.8968000e+05   5.0000000e-03
   2.9104000e+05  -2.5000000e-02
   2.9240000e+05   1.5000000e-02
   2.9376000e+05  -1.5000000e-02
   2.9512000e+05  -5.0000000e-03
   2.9648000e+05   5.0000000e-03
   2.9784000e+05  -5.0000000e-03
   2.9920000e+05   5.0000000e-03
   3.0056000e+05  -2.5000000e-02
   3.0192000e+05   1.5000000e-02
   3.0328000e+05  -5.0000000e-03
   3.0464000e+05  -1.5000000e-02
   3.0600000e+05   2.5000000e-02
   3.0736000e+05  -2.5000000e-02
   3.0872000e+05   5.0000000e-03
   3.1008000e+05   5.0000000e-03
   3.1144000e+05  -5.0000000e-03
   3.1280000e+05   5.0000000e-03
   3.1416000e+05  -5.0000000e-03
   3.1552000e+05   5.0000000e-03
   3.1688000e+05  -1.5000000e-02
   3.1824000e+05  -5.0000000e-03
   3.1960000e+05   5.0000000e-03
   3.2096000e+05  -3.5000000e-02
   3.2232000e+05   1.5000000e-02
   3.2368000e+05  -5.0000000e-03
   3.2504000e+05  -1.5000000e-02
   3.2640000e+05   5.0000000e-03
   3.2776000e+05  -1.5000000e-02
   3.2912000e+05  -5.0000000e-03
   3.3048000e+05  -1.5000000e-02
   3.3184000e+05   5.0000000e-03
   3.3320000e+05  -1.5000000e-02
   3.3456000e+05  -2.5000000e-02
   3.3592000e+05   5.0000000e-03
   3.3728000e+05  -2.5000000e-02
   3.3864000e+05  -1.5000000e-02
   3.4000400e+05   5.0000000e-03
   3.4136000e+05  -2.5000000e-02
   3.4272000e+05  -5.0000000e-03
   3.4408000e+05  -1.5000000e-02
   3.4544000e+05  -1.5000000e-02
   3.4680000e+05  -1.5000000e-02
   3.4816000e+05  -1.5000000e-02
   3.4952000e+05  -5.0000000e-03
   3.5088000e+05  -3.5000000e-02
   3.5224000e+05   5.0000000e-03
   3.5360000e+05  -5.0000000e-03
   3.5496000e+05  -2.5000000e-02
   3.5632000e+05   5.0000000e-03
   3.5768000e+05  -1.5000000e-02
   3.5904000e+05  -5.0000000e-03
   3.6040000e+05   5.0000000e-03
   3.6176000e+05  -5.0000000e-03
   3.6312000e+05  -5.0000000e-03
   3.6448000e+05  -1.5000000e-02
   3.6584000e+05   5.0000000e-03
   3.6720000e+05  -1.5000000e-02
   3.6856000e+05  -5.0000000e-03
   3.6992000e+05   1.5000000e-02
   3.7128000e+05  -2.5000000e-02
   3.7264000e+05   5.0000000e-03
   3.7400000e+05   5.0000000e-03
   3.7536000e+05  -5.0000000e-03
   3.7672000e+05   5.0000000e-03
   3.7808000e+05   5.0000000e-03
   3.7944000e+05   5.0000000e-03
   3.8080000e+05  -5.0000000e-03
   3.8216000e+05   5.0000000e-03
   3.8352000e+05   5.0000000e-03
   3.8488000e+05  -1.5000000e-02
   3.8624000e+05   1.5000000e-02
   3.8760000e+05  -5.0000000e-03
   3.8896000e+05  -5.0000000e-03
   3.9032000e+05   1.5000000e-02
   3.9168000e+05  -5.0000000e-03
   3.9304000e+05   5.0000000e-03
   3.9440000e+05  -5.0000000e-03
   3.9576000e+05   5.0000000e-03
   3.9712000e+05  -5.0000000e-03
   3.9848000e+05  -5.0000000e-03
   3.9984000e+05   1.5000000e-02
   4.0120000e+05  -1.5000000e-02
   4.0256000e+05  -5.0000000e-03
   4.0392000e+05   5.0000000e-03
   4.0528000e+05  -1.5000000e-02
   4.0664000e+05   5.0000000e-03
   4.0800000e+05  -5.0000000e-03
   4.0936000e+05  -5.0000000e-03
   4.1072000e+05  -5.0000000e-03
   4.1208000e+05  -5.0000000e-03
   4.1344000e+05  -5.0000000e-03
   4.1480000e+05  -1.5000000e-02
   4.1616000e+05   5.0000000e-03
   4.1752000e+05  -5.0000000e-03
   4.1888000e+05  -1.5000000e-02
   4.2024000e+05   5.0000000e-03
   4.2160000e+05  -1.5000000e-02
   4.2296000e+05  -5.0000000e-03
   4.2432000e+05   5.0000000e-03
   4.2568000e+05  -5.0000000e-03
   4.2704400e+05  -5.0000000e-03
   4.2840000e+05  -5.0000000e-03
   4.2976000e+05   5.0000000e-03
   4.3112000e+05  -1.5000000e-02
   4.3248000e+05  -5.0000000e-03
   4.3384000e+05   5.0000000e-03
   4.3520000e+05  -1.5000000e-02
   4.3656000e+05  -5.0000000e-03
   4.3792000e+05  -5.0000000e-03
   4.3928000e+05  -1.5000000e-02
   4.4064000e+05  -5.0000000e-03
   4.4200000e+05  -5.0000000e-03
   4.4336000e+05  -5.0000000e-03
   4.4472000e+05  -5.0000000e-03
   4.4608000e+05   5.0000000e-03
   4.4744000e+05  -5.0000000e-03
   4.4880000e+05  -5.0000000e-03
   4.5016000e+05   5.0000000e-03
   4.5152000e+05  -1.5000000e-02
   4.5288000e+05  -5.0000000e-03
   4.5424000e+05   5.0000000e-03
   4.5560000e+05  -1.5000000e-02
   4.5696000e+05  -5.0000000e-03
   4.5832000e+05  -5.0000000e-03
   4.5968000e+05  -5.0000000e-03
   4.6104000e+05  -5.0000000e-03
   4.6240000e+05  -5.0000000e-03
   4.6376000e+05   5.0000000e-03
   4.6512000e+05  -1.5000000e-02
   4.6648000e+05  -5.0000000e-03
   4.6784000e+05  -5.0000000e-03
   4.6920000e+05  -1.5000000e-02
   4.7056000e+05   5.0000000e-03
   4.7192000e+05  -5.0000000e-03
   4.7328000e+05  -5.0000000e-03
   4.7464000e+05  -5.0000000e-03
   4.7600000e+05  -5.0000000e-03
   4.7736000e+05  -5.0000000e-03
   4.7872000e+05  -5.0000000e-03
   4.8008000e+05   5.0000000e-03
   4.8144000e+05  -1.5000000e-02
   4.8280000e+05  -1.5000000e-02
   4.8416000e+05   5.0000000e-03
   4.8552000e+05  -1.5000000e-02
   4.8688000e+05  -5.0000000e-03
   4.8824000e+05  -5.0000000e-03
   4.8960000e+05  -1.5000000e-02
   4.9096000e+05  -5.0000000e-03
   4.9232000e+05  -5.0000000e-03
   4.9368000e+05  -5.0000000e-03
   4.9504000e+05  -1.5000000e-02
   4.9640000e+05  -5.0000000e-03
   4.9776000e+05  -5.0000000e-03
   4.9912000e+05  -1.5000000e-02
   5.0048000e+05  -5.0000000e-03
   5.0184000e+05  -5.0000000e-03
   5.0320000e+05  -1.5000000e-02
   5.0456000e+05  -5.0000000e-03
   5.0592000e+05  -5.0000000e-03
   5.0728000e+05  -5.0000000e-03
   5.0864000e+05  -5.0000000e-03
   5.1000000e+05  -5.0000000e-03
   5.1136000e+05  -5.0000000e-03
   5.1272000e+05  -5.0000000e-03
   5.1408400e+05   5.0000000e-03
   5.1544000e+05  -1.5000000e-02
   5.1680000e+05  -5.0000000e-03
   5.1816000e+05  -5.0000000e-03
   5.1952000e+05  -1.5000000e-02
   5.2088000e+05  -5.0000000e-03
   5.2224000e+05  -5.0000000e-03
   5.2360000e+05  -5.0000000e-03
   5.2496000e+05  -5.0000000e-03
   5.2632000e+05   5.0000000e-03
   5.2768000e+05  -5.0000000e-03
   5.2904000e+05  -5.0000000e-03
   5.3040000e+05   5.0000000e-03
   5.3176000e+05  -5.0000000e-03
   5.3312000e+05  -1.5000000e-02
   5.3448000e+05   5.0000000e-03
   5.3584000e+05  -5.0000000e-03
   5.3720000e+05  -5.0000000e-03
   5.3856000e+05  -5.0000000e-03
   5.3992000e+05  -5.0000000e-03
   5.4128000e+05  -5.0000000e-03
   5.4264000e+05  -5.0000000e-03
   5.4400000e+05   5.0000000e-03
   5.4536000e+05  -5.0000000e-03
   5.4672000e+05  -5.0000000e-03
   5.4808000e+05   5.0000000e-03
   5.4944000e+05  -1.5000000e-02
   5.5080000e+05  -5.0000000e-03
   5.5216000e+05  -5.0000000e-03
   5.5352000e+05  -5.0000000e-03
   5.5488000e+05  -5.0000000e-03
   5.5624000e+05  -5.0000000e-03
   5.5760000e+05  -5.0000000e-03
   5.5896000e+05  -5.0000000e-03
   5.6032000e+05  -5.0000000e-03
   5.6168000e+05  -5.0000000e-03
   5.6304000e+05  -5.0000000e-03
   5.6440000e+05   5.0000000e-03
   5.6576000e+05  -5.0000000e-03
   5.6712000e+05  -1.5000000e-02
   5.6848000e+05  -5.0000000e-03
   5.6984000e+05  -1.5000000e-02
   5.7120000e+05  -1.5000000e-02
   5.7256000e+05  -5.0000000e-03
   5.7392000e+05  -5.0000000e-03
   5.7528000e+05  -1.5000000e-02
   5.7664000e+05  -5.0000000e-03
   5.7800000e+05   5.0000000e-03
   5.7936000e+05  -5.0000000e-03
   5.8072000e+05  -5.0000000e-03
   5.8208000e+05  -5.0000000e-03
   5.8344000e+05  -1.5000000e-02
   5.8480000e+05  -5.0000000e-03
   5.8616000e+05  -5.0000000e-03
   5.8752000e+05  -1.5000000e-02
   5.8888000e+05  -5.0000000e-03
   5.9024000e+05  -5.0000000e-03
   5.9160000e+05  -5.0000000e-03
   5.9296000e+05  -5.0000000e-03
   5.9432000e+05  -5.0000000e-03
   5.9568000e+05  -5.0000000e-03
   5.9704000e+05  -5.0000000e-03
   5.9840000e+05   5.0000000e-03
   5.9976000e+05  -5.0000000e-03
   6.0112400e+05  -5.0000000e-03
   6.0248000e+05  -5.0000000e-03
   6.0384000e+05  -5.0000000e-03
   6.0520000e+05  -5.0000000e-03
   6.0656000e+05   5.0000000e-03
   6.0792000e+05  -5.0000000e-03
   6.0928000e+05  -5.0000000e-03
   6.1064000e+05  -5.0000000e-03
   6.1200000e+05  -5.0000000e-03
   6.1336000e+05  -5.0000000e-03
   6.1472000e+05   5.0000000e-03
   6.1608000e+05   5.0000000e-03
   6.1744000e+05  -5.0000000e-03
   6.1880000e+05   5.0000000e-03
   6.2016000e+05   5.0000000e-03
   6.2152000e+05  -5.0000000e-03
   6.2288000e+05   5.0000000e-03
   6.2424000e+05  -5.0000000e-03
   6.2560000e+05  -5.0000000e-03
   6.2696000e+05   5.0000000e-03
   6.2832000e+05   5.0000000e-03
   6.2968000e+05  -5.0000000e-03
   6.3104000e+05   5.0000000e-03
   6.3240000e+05   5.0000000e-03
   6.3376000e+05  -5.0000000e-03
   6.3512000e+05  -5.0000000e-03
   6.3648000e+05  -5.0000000e-03
   6.3784000e+05  -5.0000000e-03
   6.3920000e+05  -5.0000000e-03
   6.4056000e+05  -5.0000000e-03
   6.4192000e+05  -5.0000000e-03
   6.4328000e+05  -5.0000000e-03
   6.4464000e+05  -5.0000000e-03
   6.4600000e+05  -5.0000000e-03
   6.4736000e+05  -1.5000000e-02
   6.4872000e+05  -5.0000000e-03
   6.5008000e+05  -5.0000000e-03
   6.5144000e+05  -1.5000000e-02
   6.5280000e+05  -5.0000000e-03
   6.5416000e+05  -5.0000000e-03
   6.5552000e+05  -1.5000000e-02
   6.5688000e+05  -5.0000000e-03
   6.5824000e+05  -5.0000000e-03
   6.5960000e+05  -1.5000000e-02
   6.6096000e+05  -5.0000000e-03
   6.6232000e+05  -5.0000000e-03
   6.6368000e+05  -1.5000000e-02
   6.6504000e+05  -5.0000000e-03
   6.6640000e+05  -5.0000000e-03
   6.6776000e+05  -1.5000000e-02
   6.6912000e+05  -5.0000000e-03
   6.7048000e+05  -5.0000000e-03
   6.7184000e+05  -1.5000000e-02
   6.7320000e+05  -1.5000000e-02
   6.7456000e+05  -5.0000000e-03
   6.7592000e+05  -5.0000000e-03
   6.7728000e+05  -5.0000000e-03
   6.7864000e+05  -5.0000000e-03
   6.8000000e+05  -5.0000000e-03
   6.8136000e+05  -5.0000000e-03
   6.8272000e+05  -5.0000000e-03
   6.8408000e+05  -5.0000000e-03
   6.8544000e+05  -5.0000000e-03
   6.8680000e+05  -5.0000000e-03
   6.8816400e+05  -5.0000000e-03
   6.8952000e+05  -5.0000000e-03
   6.9088000e+05  -5.0000000e-03
   6.9224000e+05   5.0000000e-03
   6.9360000e+05  -5.0000000e-03
   6.9496000e+05  -5.0000000e-03
   6.9632000e+05   5.0000000e-03
   6.9768000e+05  -5.0000000e-03
   6.9904000e+05  -5.0000000e-03
   7.0040000e+05  -5.0000000e-03
   7.0176000e+05  -5.0000000e-03
   7.0312000e+05  -5.0000000e-03
   7.0448000e+05  -5.0000000e-03
   7.0584000e+05  -5.0000000e-03
   7.0720000e+05  -5.0000000e-03
   7.0856000e+05  -5.0000000e-03
   7.0992000e+05  -5.0000000e-03
   7.1128000e+05  -5.0000000e-03
   7.1264000e+05  -5.0000000e-03
   7.1400000e+05  -5.0000000e-03
   7.1536000e+05  -5.0000000e-03
   7.1672000e+05  -5.0000000e-03
   7.1808000e+05  -5.0000000e-03
   7.1944000e+05  -1.5000000e-02
   7.2080000e+05  -5.0000000e-03
   7.2216000e+05  -5.0000000e-03
   7.2352000e+05  -1.5000000e-02
   7.2488000e+05  -5.0000000e-03
   7.2624000e+05  -5.0000000e-03
   7.2760000e+05  -1.5000000e-02
   7.2896000e+05  -5.0000000e-03
   7.3032000e+05  -5.0000000e-03
   7.3168000e+05  -1.5000000e-02
   7.3304000e+05  -5.0000000e-03
   7.3440000e+05  -5.0000000e-03
   7.3576000e+05  -1.5000000e-02
   7.3712000e+05  -1.5000000e-02
   7.3848000e+05  -5.0000000e-03
   7.3984000e+05  -1.5000000e-02
   7.4120000e+05  -5.0000000e-03
   7.4256000e+05  -5.0000000e-03
   7.4392000e+05  -5.0000000e-03
   7.4528000e+05  -5.0000000e-03
   7.4664000e+05  -5.0000000e-03
   7.4800000e+05  -5.0000000e-03
   7.4936000e+05  -5.0000000e-03
   7.5072000e+05  -5.0000000e-03
   7.5208000e+05  -5.0000000e-03
   7.5344000e+05  -5.0000000e-03
   7.5480000e+05  -5.0000000e-03
   7.5616000e+05  -5.0000000e-03
   7.5752000e+05  -5.0000000e-03
   7.5888000e+05  -5.0000000e-03
   7.6024000e+05  -5.0000000e-03
   7.6160000e+05  -5.0000000e-03
   7.6296000e+05  -5.0000000e-03
   7.6432000e+05   5.0000000e-03
   7.6568000e+05  -5.0000000e-03
   7.6704000e+05  -5.0000000e-03
   7.6840000e+05  -5.0000000e-03
   7.6976000e+05  -5.0000000e-03
   7.7112000e+05  -5.0000000e-03
   7.7248000e+05  -5.0000000e-03
   7.7384000e+05  -5.0000000e-03
   7.7520400e+05  -5.0000000e-03
   7.7656000e+05   5.0000000e-03
   7.7792000e+05  -5.0000000e-03
   7.7928000e+05  -5.0000000e-03
   7.8064000e+05   5.0000000e-03
   7.8200000e+05  -5.0000000e-03
   7.8336000e+05  -5.0000000e-03
   7.8472000e+05  -5.0000000e-03
   7.8608000e+05  -5.0000000e-03
   7.8744000e+05  -5.0000000e-03
   7.8880000e+05  -5.0000000e-03
   7.9016000e+05  -5.0000000e-03
   7.9152000e+05  -5.0000000e-03
   7.9288000e+05  -5.0000000e-03
   7.9424000e+05  -5.0000000e-03
   7.9560000e+05  -5.0000000e-03
   7.9696000e+05   5.0000000e-03
   7.9832000e+05   5.0000000e-03
   7.9968000e+05  -5.0000000e-03
   8.0104000e+05  -5.0000000e-03
   8.0240000e+05  -5.0000000e-03
   8.0376000e+05  -5.0000000e-03
   8.0512000e+05  -5.0000000e-03
   8.0648000e+05   5.0000000e-03
   8.0784000e+05  -5.0000000e-03
   8.0920000e+05  -5.0000000e-03
   8.1056000e+05   5.0000000e-03
   8.1192000e+05  -5.0000000e-03
   8.1328000e+05  -5.0000000e-03
   8.1464000e+05   5.0000000e-03
   8.1600000e+05  -5.0000000e-03
   8.1736000e+05  -5.0000000e-03
   8.1872000e+05  -5.0000000e-03
   8.2008000e+05  -5.0000000e-03
   8.2144000e+05  -5.0000000e-03
   8.2280000e+05  -5.0000000e-03
   8.2416000e+05  -5.0000000e-03
   8.2552000e+05  -5.0000000e-03
   8.2688000e+05   5.0000000e-03
   8.2824000e+05   5.0000000e-03
   8.2960000e+05  -5.0000000e-03
   8.3096000e+05   5.0000000e-03
   8.3232000e+05   5.0000000e-03
   8.3368000e+05  -5.0000000e-03
   8.3504000e+05   5.0000000e-03
   8.3640000e+05   5.0000000e-03
   8.3776000e+05  -5.0000000e-03
   8.3912000e+05   5.0000000e-03
   8.4048000e+05   5.0000000e-03
   8.4184000e+05   5.0000000e-03
   8.4320000e+05   5.0000000e-03
   8.4456000e+05   5.0000000e-03
   8.4592000e+05   5.0000000e-03
   8.4728000e+05   5.0000000e-03
   8.4864000e+05   5.0000000e-03
   8.5000000e+05   5.0000000e-03
   8.5136000e+05   5.0000000e-03
   8.5272000e+05   5.0000000e-03
   8.5408000e+05   5.0000000e-03
   8.5544000e+05   5.0000000e-03
   8.5680000e+05   5.0000000e-03
   8.5816000e+05   5.0000000e-03
   8.5952000e+05   5.0000000e-03
   8.6088000e+05   5.0000000e-03
   8.6224400e+05   5.0000000e-03
   8.6360000e+05   5.0000000e-03
   8.6496000e+05   5.0000000e-03
   8.6632000e+05   5.0000000e-03
   8.6768000e+05   5.0000000e-03
   8.6904000e+05   5.0000000e-03
   8.7040000e+05   5.0000000e-03
   8.7176000e+05  -5.0000000e-03
   8.7312000e+05   5.0000000e-03
   8.7448000e+05   5.0000000e-03
   8.7584000e+05  -5.0000000e-03
   8.7720000e+05   5.0000000e-03
   8.7856000e+05   5.0000000e-03
   8.7992000e+05   5.0000000e-03
   8.8128000e+05   5.0000000e-03
   8.8264000e+05   5.0000000e-03
   8.8400000e+05  -5.0000000e-03
   8.8536000e+05  -5.0000000e-03
   8.8672000e+05   5.0000000e-03
   8.8808000e+05  -5.0000000e-03
   8.8944000e+05  -5.0000000e-03
   8.9080000e+05   5.0000000e-03
   8.9216000e+05  -5.0000000e-03
   8.9352000e+05  -5.0000000e-03
   8.9488000e+05   5.0000000e-03
   8.9624000e+05  -5.0000000e-03
   8.9760000e+05  -5.0000000e-03
   8.9896000e+05   5.0000000e-03
   9.0032000e+05  -5.0000000e-03
   9.0168000e+05  -5.0000000e-03
   9.0304000e+05   5.0000000e-03
   9.0440000e+05  -5.0000000e-03
   9.0576000e+05  -5.0000000e-03
   9.0712000e+05  -5.0000000e-03
   9.0848000e+05  -5.0000000e-03
   9.0984000e+05  -5.0000000e-03
   9.1120000e+05   5.0000000e-03
   9.1256000e+05   5.0000000e-03
   9.1392000e+05   5.0000000e-03
   9.1528000e+05   5.0000000e-03
   9.1664000e+05   5.0000000e-03
   9.1800000e+05  -5.0000000e-03
   9.1936000e+05  -5.0000000e-03
   9.2072000e+05   5.0000000e-03
   9.2208000e+05  -5.0000000e-03
   9.2344000e+05  -5.0000000e-03
   9.2480000e+05   5.0000000e-03
   9.2616000e+05   5.0000000e-03
   9.2752000e+05   5.0000000e-03
   9.2888000e+05   5.0000000e-03
   9.3024000e+05   5.0000000e-03
   9.3160000e+05   5.0000000e-03
   9.3296000e+05   5.0000000e-03
   9.3432000e+05  -5.0000000e-03
   9.3568000e+05  -5.0000000e-03
   9.3704000e+05   5.0000000e-03
   9.3840000e+05  -5.0000000e-03
   9.3976000e+05   5.0000000e-03
   9.4112000e+05   5.0000000e-03
   9.4248000e+05   5.0000000e-03
   9.4384000e+05   5.0000000e-03
   9.4520000e+05   5.0000000e-03
   9.4656000e+05   5.0000000e-03
   9.4792000e+05   5.0000000e-03
   9.4928400e+05   5.0000000e-03
   9.5064000e+05  -5.0000000e-03
   9.5200000e+05  -5.0000000e-03
   9.5336000e+05  -5.0000000e-03
   9.5472000e+05  -5.0000000e-03
   9.5608000e+05  -5.0000000e-03
   9.5744000e+05  -5.0000000e-03
   9.5880000e+05   5.0000000e-03
   9.6016000e+05  -5.0000000e-03
   9.6152000e+05  -5.0000000e-03
   9.6288000e+05  -5.0000000e-03
   9.6424000e+05   5.0000000e-03
   9.6560000e+05  -5.0000000e-03
   9.6696000e+05  -5.0000000e-03
   9.6832000e+05  -5.0000000e-03
   9.6968000e+05  -5.0000000e-03
   9.7104000e+05  -5.0000000e-03
   9.7240000e+05  -5.0000000e-03
   9.7376000e+05  -5.0000000e-03
   9.7512000e+05  -5.0000000e-03
   9.7648000e+05  -5.0000000e-03
   9.7784000e+05  -5.0000000e-03
   9.7920000e+05   5.0000000e-03
   9.8056000e+05  -5.0000000e-03
   9.8192000e+05  -5.0000000e-03
   9.8328000e+05  -5.0000000e-03
   9.8464000e+05  -5.0000000e-03
   9.8600000e+05  -5.0000000e-03
   9.8736000e+05  -5.0000000e-03
   9.8872000e+05  -5.0000000e-03
   9.9008000e+05  -5.0000000e-03
   9.9144000e+05  -5.0000000e-03
   9.9280000e+05   5.0000000e-03
   9.9416000e+05  -5.0000000e-03
   9.9552000e+05   5.0000000e-03
   9.9688000e+05   5.0000000e-03
   9.9824000e+05   5.0000000e-03
   9.9960000e+05  -5.0000000e-03
   1.0009600e+06  -5.0000000e-03
   1.0023200e+06   5.0000000e-03
   1.0036800e+06  -5.0000000e-03
   1.0050400e+06   5.0000000e-03
   1.0064000e+06   5.0000000e-03
   1.0077600e+06   5.0000000e-03
   1.0091200e+06   5.0000000e-03
   1.0104800e+06   5.0000000e-03
   1.0118400e+06   5.0000000e-03
   1.0132000e+06   5.0000000e-03
   1.0145600e+06   5.0000000e-03
   1.0159200e+06   5.0000000e-03
   1.0172800e+06   5.0000000e-03
   1.0186400e+06  -5.0000000e-03
   1.0200000e+06   5.0000000e-03
   1.0213600e+06  -5.0000000e-03
   1.0227200e+06   5.0000000e-03
   1.0240800e+06  -5.0000000e-03
   1.0254400e+06   5.0000000e-03
   1.0268000e+06   5.0000000e-03
   1.0281600e+06  -5.0000000e-03
   1.0295200e+06   5.0000000e-03
   1.0308800e+06   5.0000000e-03
   1.0322400e+06  -5.0000000e-03
   1.0336000e+06  -5.0000000e-03
   1.0349600e+06  -5.0000000e-03
   1.0363240e+06  -5.0000000e-03
   1.0376800e+06  -5.0000000e-03
   1.0390400e+06  -5.0000000e-03
   1.0404000e+06  -5.0000000e-03
   1.0417600e+06  -5.0000000e-03
   1.0431200e+06  -5.0000000e-03
   1.0444800e+06  -5.0000000e-03
   1.0458400e+06  -5.0000000e-03
   1.0472000e+06   5.0000000e-03
   1.0485600e+06  -5.0000000e-03
   1.0499200e+06  -5.0000000e-03
   1.0512800e+06  -5.0000000e-03
   1.0526400e+06  -5.0000000e-03
   1.0540000e+06  -5.0000000e-03
   1.0553600e+06  -5.0000000e-03
   1.0567200e+06  -5.0000000e-03
   1.0580800e+06  -5.0000000e-03
   1.0594400e+06   5.0000000e-03
   1.0608000e+06   5.0000000e-03
   1.0621600e+06   5.0000000e-03
   1.0635200e+06   5.0000000e-03
   1.0648800e+06   5.0000000e-03
   1.0662400e+06   5.0000000e-03
   1.0676000e+06   5.0000000e-03
   1.0689600e+06   5.0000000e-03
   1.0703200e+06   5.0000000e-03
   1.0716800e+06   5.0000000e-03
   1.0730400e+06   5.0000000e-03
   1.0744000e+06   5.0000000e-03
   1.0757600e+06   5.0000000e-03
   1.0771200e+06   5.0000000e-03
   1.0784800e+06   5.0000000e-03
   1.0798400e+06   5.0000000e-03
   1.0812000e+06   5.0000000e-03
   1.0825600e+06   5.0000000e-03
   1.0839200e+06   5.0000000e-03
   1.0852800e+06   5.0000000e-03
   1.0866400e+06   5.0000000e-03
   1.0880000e+06  -5.0000000e-03
   1.0893600e+06  -5.0000000e-03
   1.0907200e+06  -5.0000000e-03
   1.0920800e+06   5.0000000e-03
   1.0934400e+06   5.0000000e-03
   1.0948000e+06   5.0000000e-03
   1.0961600e+06   5.0000000e-03
   1.0975200e+06   5.0000000e-03
   1.0988800e+06   5.0000000e-03
   1.1002400e+06   5.0000000e-03
   1.1016000e+06   5.0000000e-03
   1.1029600e+06   5.0000000e-03
   1.1043200e+06  -5.0000000e-03
   1.1056800e+06  -5.0000000e-03
   1.1070400e+06   5.0000000e-03
   1.1084000e+06   5.0000000e-03
   1.1097600e+06   5.0000000e-03
   1.1111200e+06   5.0000000e-03
   1.1124800e+06   5.0000000e-03
   1.1138400e+06   5.0000000e-03
   1.1152000e+06   5.0000000e-03
   1.1165600e+06   5.0000000e-03
   1.1179200e+06  -5.0000000e-03
   1.1192800e+06  -5.0000000e-03
   1.1206400e+06  -5.0000000e-03
   1.1220000e+06  -5.0000000e-03
   1.1233640e+06  -5.0000000e-03
   1.1247200e+06  -5.0000000e-03
   1.1260800e+06  -5.0000000e-03
   1.1274400e+06   5.0000000e-03
   1.1288000e+06   5.0000000e-03
   1.1301600e+06   5.0000000e-03
   1.1315200e+06   5.0000000e-03
   1.1328800e+06   5.0000000e-03
   1.1342400e+06  -5.0000000e-03
   1.1356000e+06   5.0000000e-03
   1.1369600e+06  -5.0000000e-03
   1.1383200e+06  -5.0000000e-03
   1.1396800e+06  -5.0000000e-03
   1.1410400e+06   5.0000000e-03
   1.1424000e+06   5.0000000e-03
   1.1437600e+06   5.0000000e-03
   1.1451200e+06   5.0000000e-03
   1.1464800e+06   5.0000000e-03
   1.1478400e+06   5.0000000e-03
   1.1492000e+06   5.0000000e-03
   1.1505600e+06   5.0000000e-03
   1.1519200e+06   5.0000000e-03
   1.1532800e+06   5.0000000e-03
   1.1546400e+06   5.0000000e-03
   1.1560000e+06  -5.0000000e-03
   1.1573600e+06   5.0000000e-03
   1.1587200e+06   5.0000000e-03
   1.1600800e+06   5.0000000e-03
   1.1614400e+06   5.0000000e-03
   1.1628000e+06   5.0000000e-03
   1.1641600e+06   5.0000000e-03
   1.1655200e+06   5.0000000e-03
   1.1668800e+06   5.0000000e-03
   1.1682400e+06   5.0000000e-03
   1.1696000e+06   5.0000000e-03
   1.1709600e+06   5.0000000e-03
   1.1723200e+06   5.0000000e-03
   1.1736800e+06   5.0000000e-03
   1.1750400e+06   5.0000000e-03
   1.1764000e+06   5.0000000e-03
   1.1777600e+06   5.0000000e-03
   1.1791200e+06   5.0000000e-03
   1.1804800e+06   5.0000000e-03
   1.1818400e+06   5.0000000e-03
   1.1832000e+06   5.0000000e-03
   1.1845600e+06   5.0000000e-03
   1.1859200e+06   5.0000000e-03
   1.1872800e+06   5.0000000e-03
   1.1886400e+06   5.0000000e-03
   1.1900000e+06   5.0000000e-03
   1.1913600e+06   5.0000000e-03
   1.1927200e+06   5.0000000e-03
   1.1940800e+06   5.0000000e-03
   1.1954400e+06   5.0000000e-03
   1.1968000e+06   5.0000000e-03
   1.1981600e+06   5.0000000e-03
   1.1995200e+06   5.0000000e-03
   1.2008800e+06   5.0000000e-03
   1.2022400e+06  -5.0000000e-03
   1.2036000e+06  -5.0000000e-03
   1.2049600e+06  -5.0000000e-03
   1.2063200e+06  -5.0000000e-03
   1.2076800e+06  -5.0000000e-03
   1.2090400e+06   5.0000000e-03
   1.2104040e+06   5.0000000e-03
   1.2117600e+06   5.0000000e-03
   1.2131200e+06   5.0000000e-03
   1.2144800e+06   5.0000000e-03
   1.2158400e+06   5.0000000e-03
   1.2172000e+06   5.0000000e-03
   1.2185600e+06   5.0000000e-03
   1.2199200e+06   5.0000000e-03
   1.2212800e+06   5.0000000e-03
   1.2226400e+06   5.0000000e-03
   1.2240000e+06   5.0000000e-03
   1.2253600e+06   5.0000000e-03
   1.2267200e+06   5.0000000e-03
   1.2280800e+06   5.0000000e-03
   1.2294400e+06   5.0000000e-03
   1.2308000e+06   5.0000000e-03
   1.2321600e+06   5.0000000e-03
   1.2335200e+06   5.0000000e-03
   1.2348800e+06   5.0000000e-03
   1.2362400e+06   5.0000000e-03
   1.2376000e+06   5.0000000e-03
   1.2389600e+06   5.0000000e-03
   1.2403200e+06  -5.0000000e-03
   1.2416800e+06   5.0000000e-03
   1.2430400e+06   5.0000000e-03
   1.2444000e+06   5.0000000e-03
   1.2457600e+06   5.0000000e-03
   1.2471200e+06   5.0000000e-03
   1.2484800e+06   5.0000000e-03
   1.2498400e+06   5.0000000e-03
   1.2512000e+06   5.0000000e-03
   1.2525600e+06   5.0000000e-03
   1.2539200e+06  -5.0000000e-03
   1.2552800e+06   5.0000000e-03
   1.2566400e+06  -5.0000000e-03
   1.2580000e+06   5.0000000e-03
   1.2593600e+06   5.0000000e-03
   1.2607200e+06   5.0000000e-03
   1.2620800e+06   5.0000000e-03
   1.2634400e+06   5.0000000e-03
   1.2648000e+06   5.0000000e-03
   1.2661600e+06   5.0000000e-03
   1.2675200e+06   5.0000000e-03
   1.2688800e+06   5.0000000e-03
   1.2702400e+06   5.0000000e-03
   1.2716000e+06   5.0000000e-03
   1.2729600e+06   5.0000000e-03
   1.2743200e+06  -5.0000000e-03
   1.2756800e+06   5.0000000e-03
   1.2770400e+06   5.0000000e-03
   1.2784000e+06   5.0000000e-03
   1.2797600e+06   5.0000000e-03
   1.2811200e+06   5.0000000e-03
   1.2824800e+06  -5.0000000e-03
   1.2838400e+06   5.0000000e-03
   1.2852000e+06  -5.0000000e-03
   1.2865600e+06  -5.0000000e-03
   1.2879200e+06  -5.0000000e-03
   1.2892800e+06  -5.0000000e-03
   1.2906400e+06  -5.0000000e-03
   1.2920000e+06   5.0000000e-03
   1.2933600e+06  -5.0000000e-03
   1.2947200e+06  -5.0000000e-03
   1.2960800e+06   5.0000000e-03
   1.2974440e+06   5.0000000e-03
   1.2988000e+06   5.0000000e-03
   1.3001600e+06   5.0000000e-03
   1.3015200e+06  -5.0000000e-03
   1.3028800e+06  -5.0000000e-03
   1.3042400e+06  -5.0000000e-03
   1.3056000e+06  -5.0000000e-03
   1.3069600e+06  -5.0000000e-03
   1.3083200e+06   5.0000000e-03
   1.3096800e+06   5.0000000e-03
   1.3110400e+06   5.0000000e-03
   1.3124000e+06  -5.0000000e-03
   1.3137600e+06   5.0000000e-03
   1.3151200e+06  -5.0000000e-03
   1.3164800e+06  -5.0000000e-03
   1.3178400e+06  -5.0000000e-03
   1.3192000e+06  -5.0000000e-03
   1.3205600e+06  -5.0000000e-03
   1.3219200e+06  -5.0000000e-03
   1.3232800e+06  -5.0000000e-03
   1.3246400e+06  -5.0000000e-03
   1.3260000e+06   5.0000000e-03
   1.3273600e+06  -5.0000000e-03
   1.3287200e+06  -5.0000000e-03
   1.3300800e+06   5.0000000e-03
   1.3314400e+06  -5.0000000e-03
   1.3328000e+06   5.0000000e-03
   1.3341600e+06  -5.0000000e-03
   1.3355200e+06  -5.0000000e-03
   1.3368800e+06  -5.0000000e-03
   1.3382400e+06  -5.0000000e-03
   1.3396000e+06  -5.0000000e-03
   1.3409600e+06  -5.0000000e-03
   1.3423200e+06  -5.0000000e-03
   1.3436800e+06  -5.0000000e-03
   1.3450400e+06  -5.0000000e-03
   1.3464000e+06  -5.0000000e-03
   1.3477600e+06  -5.0000000e-03
   1.3491200e+06  -5.0000000e-03
   1.3504800e+06  -5.0000000e-03
   1.3518400e+06  -5.0000000e-03
   1.3532000e+06  -5.0000000e-03
   1.3545600e+06  -5.0000000e-03
   1.3559200e+06  -5.0000000e-03
   1.3572800e+06  -5.0000000e-03
   1.3586400e+06  -5.0000000e-03
