   0.0000000e+00   1.0000000e-02
   1.2760000e+03   1.0000000e-02
   2.5480000e+03   1.0000000e-02
   3.8240000e+03   1.0000000e-02
   5.1000000e+03   0.0000000e+00
   6.3720000e+03   0.0000000e+00
   7.6480000e+03   0.0000000e+00
   8.9240000e+03   0.0000000e+00
   1.0200000e+04   0.0000000e+00
   1.1472000e+04   0.0000000e+00
   1.2748000e+04   0.0000000e+00
   1.4024000e+04   1.0000000e-02
   1.5300000e+04   1.0000000e-02
   1.6572000e+04   1.0000000e-02
   1.7848000e+04   1.0000000e-02
   1.9124000e+04   1.0000000e-02
   2.0400000e+04   1.0000000e-02
   2.1672000e+04   0.0000000e+00
   2.2948000e+04   0.0000000e+00
   2.4224000e+04   0.0000000e+00
   2.5500000e+04   0.0000000e+00
   2.6772000e+04   0.0000000e+00
   2.8048000e+04   0.0000000e+00
   2.9324000e+04   0.0000000e+00
   3.0600000e+04   1.0000000e-02
   3.1872000e+04   1.0000000e-02
   3.3148000e+04   1.0000000e-02
   3.4424000e+04   1.0000000e-02
   3.5700000e+04   1.0000000e-02
   3.6976000e+04   1.0000000e-02
   3.8248000e+04   0.0000000e+00
   3.9524000e+04   0.0000000e+00
   4.0800000e+04   0.0000000e+00
   4.2072000e+04   0.0000000e+00
   4.3348000e+04   0.0000000e+00
   4.4624000e+04   0.0000000e+00
   4.5900000e+04   0.0000000e+00
   4.7172000e+04   0.0000000e+00
   4.8448000e+04   0.0000000e+00
   4.9724000e+04   1.0000000e-02
   5.1000000e+04   1.0000000e-02
   5.2272000e+04   0.0000000e+00
   5.3548000e+04   0.0000000e+00
   5.4832000e+04   0.0000000e+00
   5.6100000e+04   0.0000000e+00
   5.7376000e+04  -1.0000000e-02
   5.8648000e+04   0.0000000e+00
   5.9924000e+04   0.0000000e+00
   6.1200000e+04   0.0000000e+00
   6.2472000e+04   0.0000000e+00
   6.3748000e+04   0.0000000e+00
   6.5024000e+04   0.0000000e+00
   6.6300000e+04   0.0000000e+00
   6.7572000e+04   0.0000000e+00
   6.8848000e+04   0.0000000e+00
   7.0124000e+04   0.0000000e+00
   7.1400000e+04   0.0000000e+00
   7.2672000e+04   0.0000000e+00
   7.3948000e+04   0.0000000e+00
   7.5224000e+04   0.0000000e+00
   7.6500000e+04   0.0000000e+00
   7.7776000e+04   0.0000000e+00
   7.9048000e+04   0.0000000e+00
   8.0324000e+04   0.0000000e+00
   8.1600000e+04   1.0000000e-02
   8.2872000e+04   1.0000000e-02
   8.4148000e+04   1.0000000e-02
   8.5424000e+04   1.0000000e-02
   8.6700000e+04   1.0000000e-02
   8.7972000e+04   1.0000000e-02
   8.9248000e+04   0.0000000e+00
   9.0524000e+04   0.0000000e+00
   9.1800000e+04  -1.1900000e+00
   9.3072000e+04  -2.1000000e-01
   9.4348000e+04  -6.5000000e-01
   9.5624000e+04  -4.2000000e-01
   9.6900000e+04  -8.0000000e-01
   9.8176000e+04  -3.4000000e-01
   9.9448000e+04  -3.4000000e-01
   1.0072400e+05  -3.7000000e-01
   1.0200000e+05  -2.4000000e-01
   1.0327200e+05  -6.0000000e-02
   1.0454800e+05   0.0000000e+00
   1.0582400e+05   3.0000000e-02
   1.0710000e+05   1.2000000e-01
   1.0837200e+05   2.3000000e-01
   1.0964800e+05   2.3000000e-01
   1.1092400e+05   2.2000000e-01
   1.1220000e+05   1.6000000e-01
   1.1347200e+05   2.7000000e-01
   1.1474800e+05   1.3000000e-01
   1.1602400e+05   7.0000000e-02
   1.1730000e+05   0.0000000e+00
   1.1857200e+05   2.0000000e-02
   1.1984800e+05  -4.0000000e-02
   1.2112400e+05  -2.0000000e-02
   1.2240400e+05  -4.0000000e-02
   1.2367200e+05  -4.0000000e-02
   1.2494800e+05   1.0000000e-02
   1.2622400e+05   4.0000000e-02
   1.2750000e+05   9.0000000e-02
   1.2877200e+05   1.4000000e-01
   1.3004800e+05   1.7000000e-01
   1.3132400e+05   2.0000000e-01
   1.3260000e+05   1.9000000e-01
   1.3387200e+05   2.1000000e-01
   1.3514800e+05   1.2000000e-01
   1.3642400e+05   1.5000000e-01
   1.3770000e+05   0.0000000e+00
   1.3897200e+05  -7.0000000e-02
   1.4024800e+05  -1.0000000e-01
   1.4152400e+05  -1.4000000e-01
   1.4280000e+05  -1.5000000e-01
   1.4407600e+05  -1.6000000e-01
   1.4534800e+05  -1.6000000e-01
   1.4662400e+05  -1.4000000e-01
   1.4790000e+05  -9.0000000e-02
   1.4917200e+05  -5.0000000e-02
   1.5044800e+05  -1.0000000e-02
   1.5172400e+05   2.0000000e-02
   1.5300000e+05   5.0000000e-02
   1.5427200e+05   7.0000000e-02
   1.5554800e+05   7.0000000e-02
   1.5682400e+05   6.0000000e-02
   1.5810000e+05   4.0000000e-02
   1.5937200e+05   1.0000000e-02
   1.6064800e+05  -1.0000000e-02
   1.6192400e+05  -3.0000000e-02
   1.6320000e+05  -6.0000000e-02
   1.6447600e+05  -6.0000000e-02
   1.6574800e+05  -7.0000000e-02
   1.6702400e+05  -7.0000000e-02
   1.6830000e+05  -6.0000000e-02
   1.6957200e+05  -4.0000000e-02
   1.7084800e+05  -1.0000000e-02
   1.7212400e+05   1.0000000e-02
   1.7340000e+05   3.0000000e-02
   1.7467600e+05   5.0000000e-02
   1.7594800e+05   7.0000000e-02
   1.7722400e+05   8.0000000e-02
   1.7850000e+05   8.0000000e-02
   1.7977600e+05   7.0000000e-02
   1.8104800e+05   6.0000000e-02
   1.8232400e+05   5.0000000e-02
   1.8360000e+05   2.0000000e-02
   1.8488000e+05   0.0000000e+00
   1.8614800e+05  -2.0000000e-02
   1.8742400e+05  -3.0000000e-02
   1.8870000e+05  -4.0000000e-02
   1.8997200e+05  -4.0000000e-02
   1.9124800e+05  -4.0000000e-02
   1.9252400e+05  -3.0000000e-02
   1.9380000e+05  -2.0000000e-02
   1.9507200e+05   0.0000000e+00
   1.9634800e+05   2.0000000e-02
   1.9762400e+05   3.0000000e-02
   1.9890000e+05   4.0000000e-02
   2.0017200e+05   4.0000000e-02
   2.0144800e+05   4.0000000e-02
   2.0272400e+05   3.0000000e-02
   2.0400000e+05   2.0000000e-02
   2.0527200e+05   0.0000000e+00
   2.0654800e+05  -1.0000000e-02
   2.0782400e+05  -2.0000000e-02
   2.0910000e+05  -3.0000000e-02
   2.1037600e+05  -4.0000000e-02
   2.1164800e+05  -3.0000000e-02
   2.1292400e+05  -3.0000000e-02
   2.1420000e+05  -3.0000000e-02
   2.1547200e+05  -1.0000000e-02
   2.1674800e+05   0.0000000e+00
   2.1802400e+05   1.0000000e-02
   2.1930000e+05   1.0000000e-02
   2.2057200e+05   2.0000000e-02
   2.2184800e+05   2.0000000e-02
   2.2312400e+05   2.0000000e-02
   2.2440000e+05   2.0000000e-02
   2.2567200e+05   1.0000000e-02
   2.2694800e+05   1.0000000e-02
   2.2822400e+05   0.0000000e+00
   2.2950000e+05  -1.0000000e-02
   2.3077200e+05  -1.0000000e-02
   2.3204800e+05  -1.0000000e-02
   2.3332400e+05  -1.0000000e-02
   2.3460000e+05  -1.0000000e-02
   2.3587600e+05  -1.0000000e-02
   2.3714800e+05  -1.0000000e-02
   2.3842400e+05  -1.0000000e-02
   2.3970000e+05   0.0000000e+00
   2.4097200e+05   0.0000000e+00
   2.4224800e+05   1.0000000e-02
   2.4352400e+05   1.0000000e-02
   2.4480000e+05   1.0000000e-02
   2.4607600e+05   1.0000000e-02
   2.4734800e+05   1.0000000e-02
   2.4862400e+05   1.0000000e-02
   2.4990000e+05   1.0000000e-02
   2.5126000e+05   0.0000000e+00
   2.5262000e+05  -1.0000000e-02
   2.5398000e+05   0.0000000e+00
   2.5534000e+05   1.0000000e-02
   2.5670000e+05   0.0000000e+00
   2.5806000e+05  -1.0000000e-02
   2.5942000e+05  -2.0000000e-02
   2.6078000e+05   0.0000000e+00
   2.6214000e+05   1.0000000e-02
   2.6350000e+05   1.0000000e-02
   2.6486000e+05   0.0000000e+00
   2.6622000e+05   0.0000000e+00
   2.6758000e+05   0.0000000e+00
   2.6894000e+05   1.0000000e-02
   2.7030000e+05   1.0000000e-02
   2.7166000e+05   0.0000000e+00
   2.7302000e+05  -1.0000000e-02
   2.7438000e+05   0.0000000e+00
   2.7574000e+05   1.0000000e-02
   2.7710000e+05   1.0000000e-02
   2.7846000e+05   0.0000000e+00
   2.7982000e+05   0.0000000e+00
   2.8118000e+05   0.0000000e+00
   2.8254000e+05   1.0000000e-02
   2.8390000e+05   1.0000000e-02
   2.8526000e+05   1.0000000e-02
   2.8662000e+05   0.0000000e+00
   2.8798000e+05   0.0000000e+00
   2.8934000e+05   0.0000000e+00
   2.9070000e+05   0.0000000e+00
   2.9206000e+05   0.0000000e+00
   2.9342400e+05  -1.0000000e-02
   2.9478000e+05  -1.0000000e-02
   2.9614000e+05   0.0000000e+00
   2.9750000e+05   1.0000000e-02
   2.9886000e+05   1.0000000e-02
   3.0022000e+05   0.0000000e+00
   3.0158000e+05   0.0000000e+00
   3.0294000e+05   0.0000000e+00
   3.0430000e+05   0.0000000e+00
   3.0566000e+05   0.0000000e+00
   3.0702000e+05  -1.0000000e-02
   3.0838000e+05  -1.0000000e-02
   3.0974000e+05   0.0000000e+00
   3.1110000e+05   0.0000000e+00
   3.1246000e+05   0.0000000e+00
   3.1382000e+05   0.0000000e+00
   3.1518000e+05   0.0000000e+00
   3.1654000e+05   1.0000000e-02
   3.1790000e+05   1.0000000e-02
   3.1926000e+05   1.0000000e-02
   3.2062000e+05   1.0000000e-02
   3.2198000e+05   0.0000000e+00
   3.2334000e+05   0.0000000e+00
   3.2470000e+05   0.0000000e+00
   3.2606000e+05   0.0000000e+00
   3.2742000e+05   0.0000000e+00
   3.2878000e+05   0.0000000e+00
   3.3014000e+05   0.0000000e+00
   3.3150000e+05   1.0000000e-02
   3.3286000e+05   1.0000000e-02
   3.3422000e+05   1.0000000e-02
   3.3558000e+05   0.0000000e+00
   3.3694000e+05   0.0000000e+00
   3.3830000e+05   0.0000000e+00
   3.3966000e+05   0.0000000e+00
   3.4102000e+05   0.0000000e+00
   3.4238000e+05  -1.0000000e-02
   3.4374000e+05  -1.0000000e-02
   3.4510000e+05   0.0000000e+00
   3.4646000e+05   0.0000000e+00
   3.4782000e+05   0.0000000e+00
   3.4918000e+05   0.0000000e+00
   3.5054000e+05   1.0000000e-02
   3.5190000e+05   0.0000000e+00
   3.5326000e+05   0.0000000e+00
   3.5462000e+05   0.0000000e+00
   3.5598000e+05   0.0000000e+00
   3.5734000e+05  -1.0000000e-02
   3.5870000e+05   0.0000000e+00
   3.6006000e+05  -1.0000000e-02
   3.6142000e+05   0.0000000e+00
   3.6278000e+05   0.0000000e+00
   3.6414000e+05   0.0000000e+00
   3.6550000e+05   0.0000000e+00
   3.6686000e+05   1.0000000e-02
   3.6822000e+05   1.0000000e-02
   3.6958000e+05   1.0000000e-02
   3.7094000e+05   0.0000000e+00
   3.7230000e+05   0.0000000e+00
   3.7366000e+05   0.0000000e+00
   3.7502000e+05   0.0000000e+00
   3.7638000e+05   0.0000000e+00
   3.7774000e+05   0.0000000e+00
   3.7910000e+05   0.0000000e+00
   3.8046400e+05   0.0000000e+00
   3.8182000e+05   0.0000000e+00
   3.8318000e+05   1.0000000e-02
   3.8454000e+05   1.0000000e-02
   3.8590000e+05   0.0000000e+00
   3.8726000e+05   0.0000000e+00
   3.8862000e+05   0.0000000e+00
   3.8998000e+05   0.0000000e+00
   3.9134000e+05   0.0000000e+00
   3.9270000e+05   0.0000000e+00
   3.9406000e+05   0.0000000e+00
   3.9542000e+05   0.0000000e+00
   3.9678000e+05   0.0000000e+00
   3.9814000e+05   0.0000000e+00
   3.9950000e+05   1.0000000e-02
   4.0086000e+05   1.0000000e-02
   4.0222000e+05   1.0000000e-02
   4.0358000e+05   1.0000000e-02
   4.0494000e+05   0.0000000e+00
   4.0630000e+05   0.0000000e+00
   4.0766000e+05   0.0000000e+00
   4.0902000e+05   0.0000000e+00
   4.1038000e+05   0.0000000e+00
   4.1174000e+05   0.0000000e+00
   4.1310000e+05   0.0000000e+00
   4.1446000e+05   0.0000000e+00
   4.1582000e+05   1.0000000e-02
   4.1718000e+05   1.0000000e-02
   4.1854000e+05   1.0000000e-02
   4.1990000e+05   1.0000000e-02
   4.2126000e+05   0.0000000e+00
   4.2262000e+05   0.0000000e+00
   4.2398000e+05   0.0000000e+00
   4.2534000e+05   0.0000000e+00
   4.2670000e+05  -1.0000000e-02
   4.2806000e+05   0.0000000e+00
   4.2942000e+05   0.0000000e+00
   4.3078000e+05   0.0000000e+00
   4.3214000e+05   0.0000000e+00
   4.3350000e+05   1.0000000e-02
   4.3486000e+05   0.0000000e+00
   4.3622000e+05   1.0000000e-02
   4.3758000e+05   0.0000000e+00
   4.3894000e+05   0.0000000e+00
   4.4030000e+05   0.0000000e+00
   4.4166000e+05  -1.0000000e-02
   4.4302000e+05  -1.0000000e-02
   4.4438000e+05   0.0000000e+00
   4.4574000e+05   0.0000000e+00
   4.4710000e+05   0.0000000e+00
   4.4846000e+05   0.0000000e+00
   4.4982000e+05   0.0000000e+00
   4.5118000e+05   1.0000000e-02
   4.5254000e+05   0.0000000e+00
   4.5390000e+05   0.0000000e+00
   4.5526000e+05   0.0000000e+00
   4.5662000e+05  -1.0000000e-02
   4.5798000e+05   0.0000000e+00
   4.5934000e+05   0.0000000e+00
   4.6070000e+05  -1.0000000e-02
   4.6206000e+05   0.0000000e+00
   4.6342000e+05   0.0000000e+00
   4.6478000e+05   0.0000000e+00
   4.6614000e+05   0.0000000e+00
   4.6750400e+05   0.0000000e+00
   4.6886000e+05   0.0000000e+00
   4.7022000e+05   0.0000000e+00
   4.7158000e+05   0.0000000e+00
   4.7294000e+05   0.0000000e+00
   4.7430000e+05  -1.0000000e-02
   4.7566000e+05   0.0000000e+00
   4.7702000e+05   0.0000000e+00
   4.7838000e+05   0.0000000e+00
   4.7974000e+05   0.0000000e+00
   4.8110000e+05   0.0000000e+00
   4.8246000e+05   0.0000000e+00
   4.8382000e+05   1.0000000e-02
   4.8518000e+05   0.0000000e+00
   4.8654000e+05   0.0000000e+00
   4.8790000e+05   0.0000000e+00
   4.8926000e+05   0.0000000e+00
   4.9062000e+05  -1.0000000e-02
   4.9198000e+05   0.0000000e+00
   4.9334000e+05   0.0000000e+00
   4.9470000e+05   0.0000000e+00
   4.9606000e+05   0.0000000e+00
   4.9742000e+05   0.0000000e+00
   4.9878000e+05   1.0000000e-02
   5.0014000e+05   1.0000000e-02
   5.0150000e+05   1.0000000e-02
   5.0286000e+05   0.0000000e+00
   5.0422000e+05   0.0000000e+00
   5.0558000e+05   0.0000000e+00
   5.0694000e+05   0.0000000e+00
   5.0830000e+05   0.0000000e+00
   5.0966000e+05   0.0000000e+00
   5.1102000e+05   0.0000000e+00
   5.1238000e+05   0.0000000e+00
   5.1374000e+05   0.0000000e+00
   5.1510000e+05   1.0000000e-02
   5.1646000e+05   1.0000000e-02
   5.1782000e+05   1.0000000e-02
   5.1918000e+05   1.0000000e-02
   5.2054000e+05   0.0000000e+00
   5.2190000e+05   0.0000000e+00
   5.2326000e+05   0.0000000e+00
   5.2462000e+05   0.0000000e+00
   5.2598000e+05   0.0000000e+00
   5.2734000e+05   0.0000000e+00
   5.2870000e+05   0.0000000e+00
   5.3006000e+05   0.0000000e+00
   5.3142000e+05   1.0000000e-02
   5.3278000e+05   1.0000000e-02
   5.3414000e+05   1.0000000e-02
   5.3550000e+05   1.0000000e-02
   5.3686000e+05   1.0000000e-02
   5.3822000e+05   0.0000000e+00
   5.3958000e+05   0.0000000e+00
   5.4094000e+05   0.0000000e+00
   5.4230000e+05   0.0000000e+00
   5.4366000e+05   0.0000000e+00
   5.4502000e+05   0.0000000e+00
   5.4638000e+05   0.0000000e+00
   5.4774000e+05   0.0000000e+00
   5.4910000e+05   1.0000000e-02
   5.5046000e+05   1.0000000e-02
   5.5182000e+05   1.0000000e-02
   5.5318000e+05   1.0000000e-02
   5.5454400e+05   1.0000000e-02
   5.5590000e+05   0.0000000e+00
   5.5726000e+05   0.0000000e+00
   5.5862000e+05   0.0000000e+00
   5.5998000e+05   0.0000000e+00
   5.6134000e+05   0.0000000e+00
   5.6270000e+05   0.0000000e+00
   5.6406000e+05   0.0000000e+00
   5.6542000e+05   1.0000000e-02
   5.6678000e+05   1.0000000e-02
   5.6814000e+05   1.0000000e-02
   5.6950000e+05   1.0000000e-02
   5.7086000e+05   1.0000000e-02
   5.7222000e+05   0.0000000e+00
   5.7358000e+05   0.0000000e+00
   5.7494000e+05   0.0000000e+00
   5.7630000e+05   0.0000000e+00
   5.7766000e+05   0.0000000e+00
   5.7902000e+05   0.0000000e+00
   5.8038000e+05   0.0000000e+00
   5.8174000e+05   1.0000000e-02
   5.8310000e+05   1.0000000e-02
   5.8446000e+05   1.0000000e-02
   5.8582000e+05   1.0000000e-02
   5.8718000e+05   1.0000000e-02
   5.8854000e+05   0.0000000e+00
   5.8990000e+05   0.0000000e+00
   5.9126000e+05   0.0000000e+00
   5.9262000e+05  -1.0000000e-02
   5.9398000e+05   0.0000000e+00
   5.9534000e+05   0.0000000e+00
   5.9670000e+05   0.0000000e+00
   5.9806000e+05   0.0000000e+00
   5.9942000e+05   0.0000000e+00
   6.0078000e+05   1.0000000e-02
   6.0214000e+05   0.0000000e+00
   6.0350000e+05   0.0000000e+00
   6.0486000e+05   0.0000000e+00
   6.0622000e+05   0.0000000e+00
   6.0758000e+05   0.0000000e+00
   6.0894000e+05   0.0000000e+00
   6.1030000e+05   0.0000000e+00
   6.1166000e+05   0.0000000e+00
   6.1302000e+05   0.0000000e+00
   6.1438000e+05   1.0000000e-02
   6.1574000e+05   1.0000000e-02
   6.1710000e+05   1.0000000e-02
   6.1846000e+05   1.0000000e-02
   6.1982000e+05   1.0000000e-02
   6.2118000e+05   1.0000000e-02
   6.2254000e+05   0.0000000e+00
   6.2390000e+05   0.0000000e+00
   6.2526000e+05   0.0000000e+00
   6.2662000e+05   0.0000000e+00
   6.2798000e+05   0.0000000e+00
   6.2934000e+05   0.0000000e+00
   6.3070000e+05   0.0000000e+00
   6.3206000e+05   1.0000000e-02
   6.3342000e+05   1.0000000e-02
   6.3478000e+05   1.0000000e-02
   6.3614000e+05   1.0000000e-02
   6.3750000e+05   1.0000000e-02
   6.3886000e+05   0.0000000e+00
   6.4022000e+05   0.0000000e+00
   6.4158400e+05   0.0000000e+00
   6.4294000e+05   0.0000000e+00
   6.4430000e+05   0.0000000e+00
   6.4566000e+05   0.0000000e+00
   6.4702000e+05   0.0000000e+00
   6.4838000e+05   0.0000000e+00
   6.4974000e+05   1.0000000e-02
   6.5110000e+05   1.0000000e-02
   6.5246000e+05   0.0000000e+00
   6.5382000e+05   0.0000000e+00
   6.5518000e+05   0.0000000e+00
   6.5654000e+05   0.0000000e+00
   6.5790000e+05   0.0000000e+00
   6.5926000e+05   0.0000000e+00
   6.6062000e+05   0.0000000e+00
   6.6198000e+05   0.0000000e+00
   6.6334000e+05   0.0000000e+00
   6.6470000e+05   0.0000000e+00
   6.6606000e+05   1.0000000e-02
   6.6742000e+05   1.0000000e-02
   6.6878000e+05   1.0000000e-02
   6.7014000e+05   0.0000000e+00
   6.7150000e+05   1.0000000e-02
   6.7286000e+05   0.0000000e+00
   6.7422000e+05   0.0000000e+00
   6.7558000e+05   0.0000000e+00
   6.7694000e+05   0.0000000e+00
   6.7830000e+05   0.0000000e+00
   6.7966000e+05   0.0000000e+00
   6.8102000e+05   1.0000000e-02
   6.8238000e+05   1.0000000e-02
   6.8374000e+05   1.0000000e-02
   6.8510000e+05   1.0000000e-02
   6.8646000e+05   0.0000000e+00
   6.8782000e+05   1.0000000e-02
   6.8918000e+05   0.0000000e+00
   6.9054000e+05   0.0000000e+00
   6.9190000e+05   0.0000000e+00
   6.9326000e+05   0.0000000e+00
   6.9462000e+05   0.0000000e+00
   6.9598000e+05   0.0000000e+00
   6.9734000e+05   0.0000000e+00
   6.9870000e+05   1.0000000e-02
   7.0006000e+05   1.0000000e-02
   7.0142000e+05   0.0000000e+00
   7.0278000e+05   1.0000000e-02
   7.0414000e+05   1.0000000e-02
   7.0550000e+05   0.0000000e+00
   7.0686000e+05   0.0000000e+00
   7.0822000e+05   0.0000000e+00
   7.0958000e+05   0.0000000e+00
   7.1094000e+05   0.0000000e+00
   7.1230000e+05   0.0000000e+00
   7.1366000e+05   0.0000000e+00
   7.1502000e+05   1.0000000e-02
   7.1638000e+05   1.0000000e-02
   7.1774000e+05   1.0000000e-02
   7.1910000e+05   1.0000000e-02
   7.2046000e+05   0.0000000e+00
   7.2182000e+05   0.0000000e+00
   7.2318000e+05   0.0000000e+00
   7.2454000e+05   0.0000000e+00
   7.2590000e+05  -1.0000000e-02
   7.2726000e+05   0.0000000e+00
   7.2862400e+05   0.0000000e+00
   7.2998000e+05   0.0000000e+00
   7.3134000e+05   0.0000000e+00
   7.3270000e+05   1.0000000e-02
   7.3406000e+05   1.0000000e-02
   7.3542000e+05   1.0000000e-02
   7.3678000e+05   1.0000000e-02
   7.3814000e+05   1.0000000e-02
   7.3950000e+05   0.0000000e+00
   7.4086000e+05   0.0000000e+00
   7.4222000e+05   0.0000000e+00
   7.4358000e+05   0.0000000e+00
   7.4494000e+05   0.0000000e+00
   7.4630000e+05   0.0000000e+00
   7.4766000e+05   0.0000000e+00
   7.4902000e+05   0.0000000e+00
   7.5038000e+05   1.0000000e-02
   7.5174000e+05   1.0000000e-02
   7.5310000e+05   0.0000000e+00
   7.5446000e+05   0.0000000e+00
   7.5582000e+05   0.0000000e+00
   7.5718000e+05  -1.0000000e-02
   7.5854000e+05  -1.0000000e-02
   7.5990000e+05   0.0000000e+00
   7.6126000e+05   0.0000000e+00
   7.6262000e+05   0.0000000e+00
   7.6398000e+05   0.0000000e+00
   7.6534000e+05   0.0000000e+00
   7.6670000e+05   1.0000000e-02
   7.6806000e+05   1.0000000e-02
   7.6942000e+05   0.0000000e+00
   7.7078000e+05   0.0000000e+00
   7.7214000e+05   0.0000000e+00
   7.7350000e+05  -1.0000000e-02
   7.7486000e+05   0.0000000e+00
   7.7622000e+05   0.0000000e+00
   7.7758000e+05  -1.0000000e-02
   7.7894000e+05   0.0000000e+00
   7.8030000e+05   0.0000000e+00
   7.8166000e+05   0.0000000e+00
   7.8302000e+05   0.0000000e+00
   7.8438000e+05   0.0000000e+00
   7.8574000e+05   0.0000000e+00
   7.8710000e+05   0.0000000e+00
   7.8846000e+05   0.0000000e+00
   7.8982000e+05  -1.0000000e-02
   7.9118000e+05  -1.0000000e-02
   7.9254000e+05  -1.0000000e-02
   7.9390000e+05  -1.0000000e-02
   7.9526000e+05   0.0000000e+00
   7.9662000e+05   0.0000000e+00
   7.9798000e+05   0.0000000e+00
   7.9934000e+05   0.0000000e+00
   8.0070000e+05   0.0000000e+00
   8.0206000e+05   0.0000000e+00
   8.0342000e+05   0.0000000e+00
   8.0478000e+05   0.0000000e+00
   8.0614000e+05   0.0000000e+00
   8.0750000e+05  -1.0000000e-02
   8.0886000e+05  -1.0000000e-02
   8.1022000e+05  -1.0000000e-02
   8.1158000e+05   0.0000000e+00
   8.1294000e+05   0.0000000e+00
   8.1430000e+05   0.0000000e+00
   8.1566400e+05   1.0000000e-02
   8.1702000e+05   1.0000000e-02
   8.1838000e+05   1.0000000e-02
   8.1974000e+05   1.0000000e-02
   8.2110000e+05   1.0000000e-02
   8.2246000e+05   0.0000000e+00
   8.2382000e+05   0.0000000e+00
   8.2518000e+05   0.0000000e+00
   8.2654000e+05   0.0000000e+00
   8.2790000e+05   0.0000000e+00
   8.2926000e+05   0.0000000e+00
   8.3062000e+05   0.0000000e+00
   8.3198000e+05   1.0000000e-02
   8.3334000e+05   1.0000000e-02
   8.3470000e+05   1.0000000e-02
   8.3606000e+05   1.0000000e-02
   8.3742000e+05   0.0000000e+00
   8.3878000e+05   0.0000000e+00
   8.4014000e+05   0.0000000e+00
   8.4150000e+05   0.0000000e+00
   8.4286000e+05   0.0000000e+00
   8.4422000e+05   0.0000000e+00
   8.4558000e+05   0.0000000e+00
   8.4694000e+05   0.0000000e+00
   8.4830000e+05   1.0000000e-02
   8.4966000e+05   1.0000000e-02
   8.5102000e+05   1.0000000e-02
   8.5238000e+05   0.0000000e+00
   8.5374000e+05   0.0000000e+00
   8.5510000e+05   0.0000000e+00
   8.5646000e+05   0.0000000e+00
   8.5782000e+05   0.0000000e+00
   8.5918000e+05   0.0000000e+00
   8.6054000e+05  -1.0000000e-02
   8.6190000e+05   0.0000000e+00
   8.6326000e+05   0.0000000e+00
   8.6462000e+05   0.0000000e+00
   8.6598000e+05   1.0000000e-02
   8.6734000e+05   1.0000000e-02
   8.6870000e+05   1.0000000e-02
   8.7006000e+05   1.0000000e-02
   8.7142000e+05   0.0000000e+00
   8.7278000e+05   0.0000000e+00
   8.7414000e+05  -1.0000000e-02
   8.7550000e+05  -1.0000000e-02
   8.7686000e+05   0.0000000e+00
   8.7822000e+05   0.0000000e+00
   8.7958000e+05   0.0000000e+00
   8.8094000e+05   0.0000000e+00
   8.8230000e+05   1.0000000e-02
   8.8366000e+05   1.0000000e-02
   8.8502000e+05   0.0000000e+00
   8.8638000e+05   1.0000000e-02
   8.8774000e+05   1.0000000e-02
   8.8910000e+05   0.0000000e+00
   8.9046000e+05   0.0000000e+00
   8.9182000e+05   0.0000000e+00
   8.9318000e+05   0.0000000e+00
   8.9454000e+05   0.0000000e+00
   8.9590000e+05   0.0000000e+00
   8.9726000e+05   0.0000000e+00
   8.9862000e+05   1.0000000e-02
   8.9998000e+05   1.0000000e-02
   9.0134000e+05   1.0000000e-02
   9.0270400e+05   1.0000000e-02
   9.0406000e+05   0.0000000e+00
   9.0542000e+05   0.0000000e+00
   9.0678000e+05   0.0000000e+00
   9.0814000e+05  -1.0000000e-02
   9.0950000e+05  -1.0000000e-02
   9.1086000e+05   0.0000000e+00
   9.1222000e+05   0.0000000e+00
   9.1358000e+05   0.0000000e+00
   9.1494000e+05   0.0000000e+00
   9.1630000e+05   1.0000000e-02
   9.1766000e+05   1.0000000e-02
   9.1902000e+05   0.0000000e+00
   9.2038000e+05   0.0000000e+00
   9.2174000e+05   0.0000000e+00
   9.2310000e+05   0.0000000e+00
   9.2446000e+05  -1.0000000e-02
   9.2582000e+05  -1.0000000e-02
   9.2718000e+05   0.0000000e+00
   9.2854000e+05   0.0000000e+00
   9.2990000e+05   0.0000000e+00
   9.3126000e+05   1.0000000e-02
   9.3262000e+05   0.0000000e+00
   9.3398000e+05   0.0000000e+00
   9.3534000e+05   1.0000000e-02
   9.3670000e+05   0.0000000e+00
   9.3806000e+05   0.0000000e+00
   9.3942000e+05   0.0000000e+00
   9.4078000e+05   0.0000000e+00
   9.4214000e+05  -1.0000000e-02
   9.4350000e+05  -1.0000000e-02
   9.4486000e+05   0.0000000e+00
   9.4622000e+05   0.0000000e+00
   9.4758000e+05   0.0000000e+00
   9.4894000e+05   1.0000000e-02
   9.5030000e+05   1.0000000e-02
   9.5166000e+05   0.0000000e+00
   9.5302000e+05   1.0000000e-02
   9.5438000e+05   0.0000000e+00
   9.5574000e+05   0.0000000e+00
   9.5710000e+05   0.0000000e+00
   9.5846000e+05  -1.0000000e-02
   9.5982000e+05   0.0000000e+00
   9.6118000e+05   0.0000000e+00
   9.6254000e+05   0.0000000e+00
   9.6390000e+05   0.0000000e+00
   9.6526000e+05   1.0000000e-02
   9.6662000e+05   1.0000000e-02
   9.6798000e+05   1.0000000e-02
   9.6934000e+05   1.0000000e-02
   9.7070000e+05   0.0000000e+00
   9.7206000e+05   0.0000000e+00
   9.7342000e+05   0.0000000e+00
   9.7478000e+05  -1.0000000e-02
   9.7614000e+05   0.0000000e+00
   9.7750000e+05   0.0000000e+00
   9.7886000e+05   0.0000000e+00
   9.8022000e+05   0.0000000e+00
   9.8158000e+05   1.0000000e-02
   9.8294000e+05   1.0000000e-02
   9.8430000e+05   1.0000000e-02
   9.8566000e+05   0.0000000e+00
   9.8702000e+05   0.0000000e+00
   9.8838000e+05   0.0000000e+00
   9.8974400e+05   0.0000000e+00
   9.9110000e+05   0.0000000e+00
   9.9246000e+05   0.0000000e+00
   9.9382000e+05  -1.0000000e-02
   9.9518000e+05   0.0000000e+00
   9.9654000e+05   0.0000000e+00
   9.9790000e+05   0.0000000e+00
   9.9926000e+05   1.0000000e-02
   1.0006200e+06   1.0000000e-02
   1.0019800e+06   0.0000000e+00
   1.0033400e+06   0.0000000e+00
   1.0047000e+06   0.0000000e+00
   1.0060600e+06   0.0000000e+00
   1.0074200e+06  -1.0000000e-02
   1.0087800e+06  -1.0000000e-02
   1.0101400e+06  -1.0000000e-02
   1.0115000e+06   0.0000000e+00
   1.0128600e+06   0.0000000e+00
   1.0142200e+06   0.0000000e+00
   1.0155800e+06   0.0000000e+00
   1.0169400e+06   0.0000000e+00
   1.0183000e+06   1.0000000e-02
   1.0196600e+06   0.0000000e+00
   1.0210200e+06   1.0000000e-02
   1.0223800e+06   0.0000000e+00
   1.0237400e+06  -1.0000000e-02
   1.0251000e+06  -1.0000000e-02
   1.0264600e+06  -1.0000000e-02
   1.0278200e+06   0.0000000e+00
   1.0291800e+06   0.0000000e+00
   1.0305400e+06   0.0000000e+00
   1.0319000e+06   0.0000000e+00
   1.0332600e+06   1.0000000e-02
   1.0346200e+06   0.0000000e+00
   1.0359800e+06   1.0000000e-02
   1.0373400e+06   1.0000000e-02
   1.0387000e+06   0.0000000e+00
   1.0400600e+06  -1.0000000e-02
   1.0414200e+06  -1.0000000e-02
   1.0427800e+06  -1.0000000e-02
   1.0441400e+06   0.0000000e+00
   1.0455000e+06   0.0000000e+00
   1.0468600e+06   0.0000000e+00
   1.0482200e+06   0.0000000e+00
   1.0495800e+06   0.0000000e+00
   1.0509400e+06   1.0000000e-02
   1.0523000e+06   0.0000000e+00
   1.0536600e+06   0.0000000e+00
   1.0550200e+06   0.0000000e+00
   1.0563800e+06  -1.0000000e-02
   1.0577400e+06  -1.0000000e-02
   1.0591000e+06  -1.0000000e-02
   1.0604600e+06  -1.0000000e-02
   1.0618200e+06  -1.0000000e-02
   1.0631800e+06   0.0000000e+00
   1.0645400e+06   0.0000000e+00
   1.0659000e+06   0.0000000e+00
   1.0672600e+06   1.0000000e-02
   1.0686200e+06   0.0000000e+00
   1.0699800e+06   0.0000000e+00
   1.0713400e+06   1.0000000e-02
   1.0727000e+06  -1.0000000e-02
   1.0740600e+06  -1.0000000e-02
   1.0754200e+06  -1.0000000e-02
   1.0767840e+06  -1.0000000e-02
   1.0781400e+06  -1.0000000e-02
   1.0795000e+06   0.0000000e+00
   1.0808600e+06   0.0000000e+00
   1.0822200e+06   0.0000000e+00
   1.0835800e+06   0.0000000e+00
   1.0849400e+06   1.0000000e-02
   1.0863000e+06   0.0000000e+00
   1.0876600e+06   0.0000000e+00
   1.0890200e+06   0.0000000e+00
   1.0903800e+06  -1.0000000e-02
   1.0917400e+06  -1.0000000e-02
   1.0931000e+06  -1.0000000e-02
   1.0944600e+06  -1.0000000e-02
   1.0958200e+06  -1.0000000e-02
   1.0971800e+06   0.0000000e+00
   1.0985400e+06   0.0000000e+00
   1.0999000e+06   0.0000000e+00
   1.1012600e+06   0.0000000e+00
   1.1026200e+06   0.0000000e+00
   1.1039800e+06   0.0000000e+00
   1.1053400e+06   0.0000000e+00
   1.1067000e+06  -1.0000000e-02
   1.1080600e+06  -1.0000000e-02
   1.1094200e+06  -1.0000000e-02
   1.1107800e+06  -1.0000000e-02
   1.1121400e+06   0.0000000e+00
   1.1135000e+06   0.0000000e+00
   1.1148600e+06   0.0000000e+00
   1.1162200e+06   0.0000000e+00
   1.1175800e+06   1.0000000e-02
   1.1189400e+06   1.0000000e-02
   1.1203000e+06   1.0000000e-02
   1.1216600e+06   0.0000000e+00
   1.1230200e+06   0.0000000e+00
   1.1243800e+06   0.0000000e+00
   1.1257400e+06   0.0000000e+00
   1.1271000e+06   0.0000000e+00
   1.1284600e+06   0.0000000e+00
   1.1298200e+06   0.0000000e+00
   1.1311800e+06   1.0000000e-02
   1.1325400e+06   1.0000000e-02
   1.1339000e+06   1.0000000e-02
   1.1352600e+06   1.0000000e-02
   1.1366200e+06   0.0000000e+00
   1.1379800e+06   1.0000000e-02
   1.1393400e+06   0.0000000e+00
   1.1407000e+06   0.0000000e+00
   1.1420600e+06   0.0000000e+00
   1.1434200e+06   0.0000000e+00
   1.1447800e+06   0.0000000e+00
   1.1461400e+06   0.0000000e+00
   1.1475000e+06   0.0000000e+00
   1.1488600e+06   1.0000000e-02
   1.1502200e+06   1.0000000e-02
   1.1515800e+06   1.0000000e-02
   1.1529400e+06   1.0000000e-02
   1.1543000e+06   1.0000000e-02
   1.1556600e+06   0.0000000e+00
   1.1570200e+06   0.0000000e+00
   1.1583800e+06  -1.0000000e-02
   1.1597400e+06   0.0000000e+00
   1.1611000e+06   0.0000000e+00
   1.1624600e+06   0.0000000e+00
   1.1638240e+06   0.0000000e+00
   1.1651800e+06   1.0000000e-02
   1.1665400e+06   1.0000000e-02
   1.1679000e+06   1.0000000e-02
   1.1692600e+06   1.0000000e-02
   1.1706200e+06   1.0000000e-02
   1.1719800e+06   0.0000000e+00
   1.1733400e+06   0.0000000e+00
   1.1747000e+06  -1.0000000e-02
   1.1760600e+06   0.0000000e+00
   1.1774200e+06   0.0000000e+00
   1.1787800e+06   0.0000000e+00
   1.1801400e+06   0.0000000e+00
   1.1815000e+06   0.0000000e+00
   1.1828600e+06   1.0000000e-02
   1.1842200e+06   1.0000000e-02
   1.1855800e+06   1.0000000e-02
   1.1869400e+06   0.0000000e+00
   1.1883000e+06   0.0000000e+00
   1.1896600e+06   0.0000000e+00
   1.1910200e+06  -1.0000000e-02
   1.1923800e+06  -1.0000000e-02
   1.1937400e+06   0.0000000e+00
   1.1951000e+06   0.0000000e+00
   1.1964600e+06   0.0000000e+00
   1.1978200e+06   0.0000000e+00
   1.1991800e+06   1.0000000e-02
   1.2005400e+06   1.0000000e-02
   1.2019000e+06   1.0000000e-02
   1.2032600e+06   0.0000000e+00
   1.2046200e+06   0.0000000e+00
   1.2059800e+06   0.0000000e+00
   1.2073400e+06  -1.0000000e-02
   1.2087000e+06  -1.0000000e-02
   1.2100600e+06  -1.0000000e-02
   1.2114200e+06   0.0000000e+00
   1.2127800e+06   0.0000000e+00
   1.2141400e+06   0.0000000e+00
   1.2155000e+06   1.0000000e-02
   1.2168600e+06   1.0000000e-02
   1.2182200e+06   1.0000000e-02
   1.2195800e+06   0.0000000e+00
   1.2209400e+06   1.0000000e-02
   1.2223000e+06   0.0000000e+00
   1.2236600e+06   0.0000000e+00
   1.2250200e+06  -1.0000000e-02
   1.2263800e+06  -1.0000000e-02
   1.2277400e+06   0.0000000e+00
   1.2291000e+06   0.0000000e+00
   1.2304600e+06   0.0000000e+00
   1.2318200e+06   0.0000000e+00
   1.2331800e+06   0.0000000e+00
   1.2345400e+06   0.0000000e+00
   1.2359000e+06   0.0000000e+00
   1.2372600e+06   0.0000000e+00
   1.2386200e+06   0.0000000e+00
   1.2399800e+06  -1.0000000e-02
   1.2413400e+06  -1.0000000e-02
   1.2427000e+06  -1.0000000e-02
   1.2440600e+06  -1.0000000e-02
   1.2454200e+06   0.0000000e+00
   1.2467800e+06   0.0000000e+00
   1.2481400e+06   0.0000000e+00
   1.2495000e+06   0.0000000e+00
   1.2508640e+06   0.0000000e+00
   1.2522200e+06   0.0000000e+00
   1.2535800e+06   0.0000000e+00
   1.2549400e+06   0.0000000e+00
   1.2563000e+06   0.0000000e+00
   1.2576600e+06  -1.0000000e-02
   1.2590200e+06  -1.0000000e-02
   1.2603800e+06  -1.0000000e-02
   1.2617400e+06   0.0000000e+00
   1.2631000e+06  -1.0000000e-02
   1.2644600e+06   0.0000000e+00
   1.2658200e+06   1.0000000e-02
   1.2671800e+06   0.0000000e+00
   1.2685400e+06   0.0000000e+00
   1.2699000e+06   1.0000000e-02
   1.2712600e+06   0.0000000e+00
   1.2726200e+06   0.0000000e+00
   1.2739800e+06   0.0000000e+00
   1.2753400e+06  -1.0000000e-02
   1.2767000e+06  -1.0000000e-02
   1.2780600e+06  -1.0000000e-02
   1.2794200e+06   0.0000000e+00
   1.2807800e+06   0.0000000e+00
   1.2821400e+06   0.0000000e+00
   1.2835000e+06   1.0000000e-02
   1.2848600e+06   0.0000000e+00
   1.2862200e+06   1.0000000e-02
   1.2875800e+06   0.0000000e+00
   1.2889400e+06   0.0000000e+00
   1.2903000e+06   0.0000000e+00
   1.2916600e+06   0.0000000e+00
   1.2930200e+06   0.0000000e+00
   1.2943800e+06   0.0000000e+00
   1.2957400e+06   0.0000000e+00
   1.2971000e+06   0.0000000e+00
   1.2984600e+06   1.0000000e-02
   1.2998200e+06   1.0000000e-02
   1.3011800e+06   1.0000000e-02
   1.3025400e+06   1.0000000e-02
   1.3039000e+06   1.0000000e-02
   1.3052600e+06   0.0000000e+00
   1.3066200e+06   0.0000000e+00
   1.3079800e+06   0.0000000e+00
   1.3093400e+06   0.0000000e+00
   1.3107000e+06   0.0000000e+00
   1.3120600e+06   0.0000000e+00
   1.3134200e+06   0.0000000e+00
   1.3147800e+06   1.0000000e-02
   1.3161400e+06   1.0000000e-02
   1.3175000e+06   1.0000000e-02
   1.3188600e+06   1.0000000e-02
   1.3202200e+06   1.0000000e-02
   1.3215800e+06   1.0000000e-02
   1.3229400e+06   0.0000000e+00
   1.3243000e+06   0.0000000e+00
   1.3256600e+06   0.0000000e+00
   1.3270200e+06   0.0000000e+00
   1.3283800e+06   0.0000000e+00
   1.3297400e+06   0.0000000e+00
   1.3311000e+06   1.0000000e-02
   1.3324600e+06   1.0000000e-02
   1.3338200e+06   1.0000000e-02
   1.3351800e+06   1.0000000e-02
   1.3365400e+06   1.0000000e-02
   1.3379040e+06   1.0000000e-02
   1.3392600e+06   1.0000000e-02
   1.3406200e+06   0.0000000e+00
   1.3419800e+06   0.0000000e+00
