   4.5879536e+07   3.2100000e+00
   4.5880808e+07   3.2100000e+00
   4.5882084e+07   3.2100000e+00
   4.5883360e+07   3.2000000e+00
   4.5884636e+07   3.2000000e+00
   4.5885908e+07   3.2100000e+00
   4.5887184e+07   3.2100000e+00
   4.5888460e+07   3.2100000e+00
   4.5889736e+07   3.2300000e+00
   4.5891008e+07   3.2400000e+00
   4.5892284e+07   3.2400000e+00
   4.5893560e+07   3.2400000e+00
   4.5894836e+07   3.2300000e+00
   4.5896108e+07   3.2100000e+00
   4.5897384e+07   3.2100000e+00
   4.5898660e+07   3.2100000e+00
   4.5899936e+07   3.2100000e+00
   4.5901208e+07   3.2100000e+00
   4.5902484e+07   3.2100000e+00
   4.5903760e+07   3.2100000e+00
   4.5905036e+07   3.2100000e+00
   4.5906308e+07   3.2200000e+00
   4.5907584e+07   3.2400000e+00
   4.5908860e+07   3.2400000e+00
   4.5910136e+07   3.2400000e+00
   4.5911408e+07   3.2300000e+00
   4.5912684e+07   3.2100000e+00
   4.5913960e+07   3.2100000e+00
   4.5915236e+07   3.2100000e+00
   4.5916508e+07   3.2100000e+00
   4.5917784e+07   3.2100000e+00
   4.5919060e+07   3.2100000e+00
   4.5920336e+07   3.2100000e+00
   4.5921608e+07   3.2100000e+00
   4.5922884e+07   3.2300000e+00
   4.5924160e+07   3.2400000e+00
   4.5925436e+07   0.0000000e+00
   4.5926708e+07   0.0000000e+00
   4.5927984e+07   5.0000000e+00
   4.5929260e+07   1.3400000e+00
   4.5930536e+07   5.0000000e+00
   4.5931808e+07   1.9300000e+00
   4.5933084e+07   5.0000000e+00
   4.5934360e+07   2.6000000e+00
   4.5935640e+07   1.8700000e+00
   4.5936908e+07   2.4200000e+00
   4.5938184e+07   5.0000000e+00
   4.5939460e+07   7.1000000e-01
   4.5940736e+07   2.4300000e+00
   4.5942008e+07   4.2300000e+00
   4.5943284e+07   1.2800000e+00
   4.5944560e+07   2.0700000e+00
   4.5945836e+07   5.0000000e+00
   4.5947108e+07   1.6000000e-01
   4.5948384e+07   7.9000000e-01
   4.5949660e+07   3.0200000e+00
   4.5950936e+07   1.5500000e+00
   4.5952208e+07   2.5100000e+00
   4.5953484e+07   2.8000000e+00
   4.5954760e+07   2.7200000e+00
   4.5956036e+07   2.7400000e+00
   4.5957308e+07   3.7700000e+00
   4.5958584e+07   1.9600000e+00
   4.5959860e+07   4.2300000e+00
   4.5961136e+07   1.5200000e+00
   4.5962408e+07   2.8200000e+00
   4.5963684e+07   2.8300000e+00
   4.5964960e+07   2.3700000e+00
   4.5966236e+07   1.7900000e+00
   4.5967508e+07   4.0600000e+00
   4.5968784e+07   2.2600000e+00
   4.5970060e+07   3.2900000e+00
   4.5971336e+07   3.2500000e+00
   4.5972608e+07   3.4300000e+00
   4.5973884e+07   2.5200000e+00
   4.5975160e+07   3.9700000e+00
   4.5976436e+07   1.9500000e+00
   4.5977708e+07   3.7200000e+00
   4.5978984e+07   1.9000000e+00
   4.5980260e+07   3.5900000e+00
   4.5981536e+07   2.3600000e+00
   4.5982808e+07   3.4100000e+00
   4.5984084e+07   2.4500000e+00
   4.5985360e+07   3.9900000e+00
   4.5986636e+07   2.5300000e+00
   4.5987908e+07   3.4400000e+00
   4.5989184e+07   3.0800000e+00
   4.5990460e+07   3.1200000e+00
   4.5991736e+07   2.6800000e+00
   4.5993008e+07   3.4300000e+00
   4.5994284e+07   2.2700000e+00
   4.5995560e+07   3.3200000e+00
   4.5996836e+07   2.5500000e+00
   4.5998108e+07   3.4600000e+00
   4.5999384e+07   2.5100000e+00
   4.6000660e+07   3.6400000e+00
   4.6001936e+07   2.5700000e+00
   4.6003216e+07   3.6800000e+00
   4.6004484e+07   2.6500000e+00
   4.6005760e+07   3.2000000e+00
   4.6007036e+07   3.0000000e+00
   4.6008308e+07   2.9500000e+00
   4.6009584e+07   2.9100000e+00
   4.6010860e+07   3.1600000e+00
   4.6012136e+07   2.8300000e+00
   4.6013408e+07   3.0300000e+00
   4.6014684e+07   3.2500000e+00
   4.6015960e+07   3.0500000e+00
   4.6017236e+07   2.9500000e+00
   4.6018508e+07   3.5400000e+00
   4.6019784e+07   2.6700000e+00
   4.6021060e+07   3.4400000e+00
   4.6022336e+07   2.8800000e+00
   4.6023608e+07   3.0200000e+00
   4.6024884e+07   3.0400000e+00
   4.6026160e+07   3.0900000e+00
   4.6027436e+07   2.9700000e+00
   4.6028708e+07   3.1300000e+00
   4.6029984e+07   3.1800000e+00
   4.6031260e+07   2.8200000e+00
   4.6032536e+07   3.5800000e+00
   4.6033808e+07   2.7200000e+00
   4.6035084e+07   3.2100000e+00
   4.6036360e+07   3.2100000e+00
   4.6037636e+07   2.8700000e+00
   4.6038908e+07   3.1100000e+00
   4.6040184e+07   3.1400000e+00
   4.6041460e+07   2.9100000e+00
   4.6042736e+07   3.0900000e+00
   4.6044008e+07   3.2100000e+00
   4.6045284e+07   2.8900000e+00
   4.6046560e+07   3.1400000e+00
   4.6047836e+07   3.2600000e+00
   4.6049108e+07   2.7500000e+00
   4.6050384e+07   3.4800000e+00
   4.6051660e+07   2.7200000e+00
   4.6052936e+07   3.2600000e+00
   4.6054208e+07   2.8800000e+00
   4.6055484e+07   3.1800000e+00
   4.6056760e+07   2.7900000e+00
   4.6058036e+07   3.3300000e+00
   4.6059308e+07   2.8900000e+00
   4.6060584e+07   3.0900000e+00
   4.6061860e+07   3.2200000e+00
   4.6063136e+07   2.9200000e+00
   4.6064408e+07   3.0700000e+00
   4.6065688e+07   3.2300000e+00
   4.6066960e+07   2.8400000e+00
   4.6068236e+07   3.2000000e+00
   4.6069508e+07   2.9600000e+00
   4.6070792e+07   3.1400000e+00
   4.6072060e+07   2.8100000e+00
   4.6073336e+07   3.4300000e+00
   4.6074608e+07   2.6600000e+00
   4.6075884e+07   3.4200000e+00
   4.6077160e+07   2.9900000e+00
   4.6078436e+07   3.0800000e+00
   4.6079708e+07   3.1700000e+00
   4.6080984e+07   3.1300000e+00
   4.6082260e+07   3.0100000e+00
   4.6083536e+07   3.2200000e+00
   4.6084808e+07   3.0700000e+00
   4.6086084e+07   2.9900000e+00
   4.6087360e+07   3.2700000e+00
   4.6088636e+07   3.0500000e+00
   4.6089908e+07   2.9800000e+00
   4.6091184e+07   3.4800000e+00
   4.6092460e+07   2.8300000e+00
   4.6093736e+07   3.4100000e+00
   4.6095008e+07   3.0800000e+00
   4.6096284e+07   3.1800000e+00
   4.6097560e+07   3.0700000e+00
   4.6098836e+07   3.3100000e+00
   4.6100108e+07   2.9700000e+00
   4.6101384e+07   3.2100000e+00
   4.6102660e+07   3.2400000e+00
   4.6103936e+07   2.9500000e+00
   4.6105208e+07   3.3600000e+00
   4.6106484e+07   3.0700000e+00
   4.6107760e+07   3.1600000e+00
   4.6109036e+07   3.2900000e+00
   4.6110308e+07   3.1300000e+00
   4.6111584e+07   3.2200000e+00
   4.6112860e+07   3.1700000e+00
   4.6114136e+07   3.2600000e+00
   4.6115408e+07   2.9900000e+00
   4.6116684e+07   3.4000000e+00
   4.6117960e+07   3.0000000e+00
   4.6119236e+07   3.2200000e+00
   4.6120508e+07   3.2600000e+00
   4.6121784e+07   3.0500000e+00
   4.6123060e+07   3.2800000e+00
   4.6124336e+07   3.1800000e+00
   4.6125608e+07   3.2400000e+00
   4.6126884e+07   3.1300000e+00
   4.6128160e+07   3.3400000e+00
   4.6129436e+07   3.0300000e+00
   4.6130708e+07   3.2400000e+00
   4.6131984e+07   3.2200000e+00
   4.6133264e+07   3.0100000e+00
   4.6134536e+07   3.3300000e+00
   4.6135808e+07   3.0400000e+00
   4.6137084e+07   3.2000000e+00
   4.6138360e+07   3.1700000e+00
   4.6139636e+07   3.1800000e+00
   4.6140908e+07   3.1400000e+00
   4.6142184e+07   3.2500000e+00
   4.6143460e+07   3.2100000e+00
   4.6144736e+07   3.0700000e+00
   4.6146008e+07   3.3700000e+00
   4.6147284e+07   2.9800000e+00
   4.6148560e+07   3.2700000e+00
   4.6149836e+07   3.1500000e+00
   4.6151108e+07   3.1300000e+00
   4.6152384e+07   3.1800000e+00
   4.6153660e+07   3.1900000e+00
   4.6154936e+07   3.1700000e+00
   4.6156208e+07   3.1300000e+00
   4.6157484e+07   3.3100000e+00
   4.6158760e+07   3.0700000e+00
   4.6160036e+07   3.2800000e+00
   4.6161308e+07   3.2200000e+00
   4.6162584e+07   3.0600000e+00
   4.6163860e+07   3.3000000e+00
   4.6165136e+07   3.0700000e+00
   4.6166408e+07   3.2300000e+00
   4.6167684e+07   3.1000000e+00
   4.6168960e+07   3.2800000e+00
   4.6170236e+07   3.0300000e+00
   4.6171508e+07   3.3200000e+00
   4.6172784e+07   3.1200000e+00
   4.6174060e+07   3.1700000e+00
   4.6175336e+07   3.3100000e+00
   4.6176608e+07   3.1200000e+00
   4.6177884e+07   3.2500000e+00
   4.6179160e+07   3.2200000e+00
   4.6180436e+07   3.1400000e+00
   4.6181708e+07   3.2000000e+00
   4.6182984e+07   3.2000000e+00
   4.6184260e+07   3.1900000e+00
   4.6185536e+07   3.1100000e+00
   4.6186808e+07   3.3400000e+00
   4.6188084e+07   3.0100000e+00
   4.6189360e+07   3.3600000e+00
   4.6190636e+07   3.1300000e+00
   4.6191908e+07   3.2500000e+00
   4.6193184e+07   3.2200000e+00
   4.6194460e+07   3.2500000e+00
   4.6195736e+07   3.1700000e+00
   4.6197008e+07   3.2200000e+00
   4.6198284e+07   3.2200000e+00
   4.6199560e+07   3.1400000e+00
   4.6200840e+07   3.2600000e+00
   4.6202108e+07   3.2000000e+00
   4.6203384e+07   3.1400000e+00
   4.6204660e+07   3.3200000e+00
   4.6205936e+07   3.1000000e+00
   4.6207208e+07   3.3100000e+00
   4.6208484e+07   3.1700000e+00
   4.6209760e+07   3.3200000e+00
   4.6211036e+07   3.1200000e+00
   4.6212308e+07   3.3400000e+00
   4.6213584e+07   3.1100000e+00
   4.6214860e+07   3.2300000e+00
   4.6216136e+07   3.2500000e+00
   4.6217408e+07   3.1400000e+00
   4.6218684e+07   3.2400000e+00
   4.6219960e+07   3.2100000e+00
   4.6221236e+07   3.1900000e+00
   4.6222508e+07   3.2400000e+00
   4.6223784e+07   3.2300000e+00
   4.6225060e+07   3.2400000e+00
   4.6226336e+07   3.2100000e+00
   4.6227608e+07   3.3000000e+00
   4.6228884e+07   3.1000000e+00
   4.6230160e+07   3.3300000e+00
   4.6231436e+07   3.1000000e+00
   4.6232708e+07   3.2500000e+00
   4.6233984e+07   3.1900000e+00
   4.6235260e+07   3.2000000e+00
   4.6236536e+07   3.1900000e+00
   4.6237808e+07   3.2100000e+00
   4.6239084e+07   3.2000000e+00
   4.6240360e+07   3.1900000e+00
   4.6241636e+07   3.2600000e+00
   4.6242908e+07   3.1900000e+00
   4.6244184e+07   3.2100000e+00
   4.6245460e+07   3.2500000e+00
   4.6246736e+07   3.1200000e+00
   4.6248008e+07   3.2500000e+00
   4.6249284e+07   3.1300000e+00
   4.6250560e+07   3.2400000e+00
   4.6251836e+07   3.1200000e+00
   4.6253108e+07   3.2700000e+00
   4.6254384e+07   3.1300000e+00
   4.6255660e+07   3.2400000e+00
   4.6256936e+07   3.2200000e+00
   4.6258208e+07   3.2000000e+00
   4.6259484e+07   3.2600000e+00
   4.6260760e+07   3.2200000e+00
   4.6262036e+07   3.2000000e+00
   4.6263316e+07   3.2200000e+00
   4.6264584e+07   3.2000000e+00
   4.6265860e+07   3.2000000e+00
   4.6267136e+07   3.1900000e+00
   4.6268408e+07   3.2400000e+00
   4.6269684e+07   3.1300000e+00
   4.6270960e+07   3.2800000e+00
   4.6272236e+07   3.1300000e+00
   4.6273508e+07   3.2600000e+00
   4.6274784e+07   3.2200000e+00
   4.6276060e+07   3.2400000e+00
   4.6277336e+07   3.2200000e+00
   4.6278608e+07   3.2400000e+00
   4.6279884e+07   3.1900000e+00
   4.6281160e+07   3.1900000e+00
   4.6282436e+07   3.2300000e+00
   4.6283708e+07   3.1800000e+00
   4.6284984e+07   3.2100000e+00
   4.6286260e+07   3.2300000e+00
   4.6287536e+07   3.1700000e+00
   4.6288808e+07   3.2600000e+00
   4.6290084e+07   3.1900000e+00
   4.6291360e+07   3.2600000e+00
   4.6292636e+07   3.2100000e+00
   4.6293908e+07   3.2700000e+00
   4.6295184e+07   3.1900000e+00
   4.6296460e+07   3.2400000e+00
   4.6297736e+07   3.2000000e+00
   4.6299008e+07   3.2000000e+00
   4.6300284e+07   3.2200000e+00
   4.6301560e+07   3.1900000e+00
   4.6302836e+07   3.2100000e+00
   4.6304108e+07   3.2000000e+00
   4.6305384e+07   3.2100000e+00
   4.6306660e+07   3.2200000e+00
   4.6307936e+07   3.2300000e+00
   4.6309208e+07   3.2500000e+00
   4.6310484e+07   3.2100000e+00
   4.6311760e+07   3.2600000e+00
   4.6313036e+07   3.1700000e+00
   4.6314308e+07   3.2300000e+00
   4.6315584e+07   3.1800000e+00
   4.6316860e+07   3.2200000e+00
   4.6318136e+07   3.1900000e+00
   4.6319408e+07   3.2100000e+00
   4.6320684e+07   3.2000000e+00
   4.6321960e+07   3.2000000e+00
   4.6323236e+07   3.2300000e+00
   4.6324508e+07   3.2200000e+00
   4.6325784e+07   3.2400000e+00
   4.6327060e+07   3.2400000e+00
   4.6328336e+07   3.2100000e+00
   4.6329608e+07   3.2200000e+00
   4.6330892e+07   3.1900000e+00
   4.6332160e+07   3.2100000e+00
   4.6333436e+07   3.1800000e+00
   4.6334708e+07   3.2100000e+00
   4.6335984e+07   3.1800000e+00
   4.6337260e+07   3.2200000e+00
   4.6338536e+07   3.1900000e+00
   4.6339808e+07   3.2200000e+00
   4.6341084e+07   3.2300000e+00
   4.6342360e+07   3.2300000e+00
   4.6343636e+07   3.2400000e+00
   4.6344908e+07   3.2200000e+00
   4.6346184e+07   3.2100000e+00
   4.6347460e+07   3.2000000e+00
   4.6348736e+07   3.2000000e+00
   4.6350008e+07   3.2000000e+00
   4.6351284e+07   3.2000000e+00
   4.6352560e+07   3.2100000e+00
   4.6353836e+07   3.2000000e+00
   4.6355108e+07   3.2200000e+00
   4.6356384e+07   3.2100000e+00
   4.6357660e+07   3.2400000e+00
   4.6358936e+07   3.2300000e+00
   4.6360208e+07   3.2500000e+00
   4.6361484e+07   3.2300000e+00
   4.6362760e+07   3.2200000e+00
   4.6364036e+07   3.2100000e+00
   4.6365308e+07   3.2000000e+00
   4.6366584e+07   3.2100000e+00
   4.6367860e+07   3.2000000e+00
   4.6369136e+07   3.2100000e+00
   4.6370408e+07   3.2100000e+00
   4.6371684e+07   3.2100000e+00
   4.6372960e+07   3.2200000e+00
   4.6374236e+07   3.2300000e+00
   4.6375508e+07   3.2400000e+00
   4.6376784e+07   3.2300000e+00
   4.6378060e+07   3.2400000e+00
   4.6379336e+07   3.2100000e+00
   4.6380608e+07   3.2100000e+00
   4.6381884e+07   3.2000000e+00
   4.6383160e+07   3.2000000e+00
   4.6384436e+07   3.2000000e+00
   4.6385708e+07   3.2000000e+00
   4.6386984e+07   3.2100000e+00
   4.6388260e+07   3.2000000e+00
   4.6389536e+07   3.2100000e+00
   4.6390808e+07   3.2300000e+00
   4.6392084e+07   3.2400000e+00
   4.6393364e+07   3.2400000e+00
   4.6394636e+07   3.2300000e+00
   4.6395908e+07   3.2200000e+00
   4.6397184e+07   3.2000000e+00
   4.6398460e+07   3.2100000e+00
   4.6399736e+07   3.2000000e+00
   4.6401008e+07   3.2000000e+00
   4.6402284e+07   3.2000000e+00
   4.6403560e+07   3.2100000e+00
   4.6404836e+07   3.2100000e+00
   4.6406108e+07   3.2100000e+00
   4.6407384e+07   3.2300000e+00
   4.6408660e+07   3.2300000e+00
   4.6409936e+07   3.2400000e+00
   4.6411208e+07   3.2300000e+00
   4.6412484e+07   3.2200000e+00
   4.6413760e+07   3.2000000e+00
   4.6415036e+07   3.2000000e+00
   4.6416308e+07   3.2000000e+00
   4.6417584e+07   3.2000000e+00
   4.6418860e+07   3.2100000e+00
   4.6420136e+07   3.2000000e+00
   4.6421408e+07   3.2100000e+00
   4.6422684e+07   3.2100000e+00
   4.6423960e+07   3.2300000e+00
   4.6425236e+07   3.2400000e+00
   4.6426508e+07   3.2400000e+00
   4.6427784e+07   3.2300000e+00
   4.6429060e+07   3.2200000e+00
   4.6430336e+07   3.2100000e+00
   4.6431608e+07   3.2000000e+00
   4.6432884e+07   3.2100000e+00
   4.6434160e+07   3.2000000e+00
   4.6435436e+07   3.2100000e+00
   4.6436708e+07   3.2100000e+00
   4.6437984e+07   3.2100000e+00
   4.6439260e+07   3.2100000e+00
   4.6440536e+07   3.2200000e+00
   4.6441808e+07   3.2400000e+00
   4.6443084e+07   3.2400000e+00
   4.6444360e+07   3.2300000e+00
   4.6445636e+07   3.2200000e+00
   4.6446908e+07   3.2000000e+00
   4.6448184e+07   3.2000000e+00
   4.6449460e+07   3.2000000e+00
   4.6450736e+07   3.2000000e+00
   4.6452008e+07   3.2000000e+00
   4.6453284e+07   3.2100000e+00
   4.6454560e+07   3.2000000e+00
   4.6455836e+07   3.2100000e+00
   4.6457108e+07   3.2200000e+00
   4.6458384e+07   3.2300000e+00
   4.6459660e+07   3.2400000e+00
   4.6460940e+07   3.2300000e+00
   4.6462208e+07   3.2200000e+00
   4.6463484e+07   3.2000000e+00
   4.6464760e+07   3.2000000e+00
   4.6466036e+07   3.2000000e+00
   4.6467308e+07   3.2000000e+00
   4.6468584e+07   3.2000000e+00
   4.6469860e+07   3.2000000e+00
   4.6471136e+07   3.2100000e+00
   4.6472408e+07   3.2000000e+00
   4.6473684e+07   3.2300000e+00
   4.6474960e+07   3.2300000e+00
   4.6476236e+07   3.2400000e+00
   4.6477508e+07   3.2300000e+00
   4.6478784e+07   3.2200000e+00
   4.6480060e+07   3.2000000e+00
   4.6481336e+07   3.2000000e+00
   4.6482608e+07   3.2000000e+00
   4.6483884e+07   3.2000000e+00
   4.6485160e+07   3.2000000e+00
   4.6486436e+07   3.2000000e+00
   4.6487708e+07   3.2000000e+00
   4.6488984e+07   3.2100000e+00
   4.6490260e+07   3.2200000e+00
   4.6491536e+07   3.2400000e+00
   4.6492808e+07   3.2300000e+00
   4.6494084e+07   3.2400000e+00
   4.6495360e+07   3.2200000e+00
   4.6496636e+07   3.2000000e+00
   4.6497908e+07   3.2000000e+00
   4.6499184e+07   3.2000000e+00
   4.6500460e+07   3.2000000e+00
   4.6501736e+07   3.2000000e+00
   4.6503008e+07   3.2000000e+00
   4.6504284e+07   3.2000000e+00
   4.6505560e+07   3.2100000e+00
   4.6506836e+07   3.2200000e+00
   4.6508108e+07   3.2300000e+00
   4.6509384e+07   3.2300000e+00
   4.6510660e+07   3.2300000e+00
   4.6511936e+07   3.2200000e+00
   4.6513208e+07   3.2000000e+00
   4.6514484e+07   3.2000000e+00
   4.6515760e+07   3.2000000e+00
   4.6517036e+07   3.2000000e+00
