44610884 3.26
44611732 3.25
44612620 3.25
44613504 3.25
44614392 3.25
44615276 3.25
44616172 3.25
44617060 3.25
44617956 3.26
44618844 3.26
44619728 3.26
44620608 3.26
44621492 3.26
44622384 3.27
44623660 3.28
44624936 3.28
44626208 3.28
44627484 3.26
44628760 3.25
44630040 3.25
44631308 3.25
44632584 3.25
44633860 3.25
44635136 3.25
44636408 3.25
44637684 3.25
44638960 3.27
44640236 3.28
44641508 3.28
44642784 3.27
44644060 3.26
44645336 3.25
44646608 3.25
44647884 3.25
44649160 3.25
44650436 3.25
44651708 3.25
44652984 3.26
44654260 3.25
44655536 3.26
44656808 3.28
44658084 3.28
44659360 3.27
44660636 3.26
44661908 3.25
44663184 3.24
44664460 3.24
44665736 3.24
44667008 3.24
44668284 3.25
44669560 3.25
44670836 3.25
44672108 3.26
44673384 3.27
44674660 3.27
44675936 3.27
44677208 3.26
44678484 3.25
44679760 3.25
44681036 3.24
44682308 3.24
44683584 3.24
44684860 3.25
44686136 3.25
44687408 3.25
44688684 3.26
44689960 3.27
44691236 3.27
44692508 3.27
44693784 3.26
44695060 3.24
44696336 3.24
44697616 3.24
44698884 3.24
44700160 3.24
44701436 3.24
44702708 3.24
44703984 3.24
44705260 3.25
44706536 3.26
44707808 3.27
44709084 3.27
44710360 3.26
44711636 3.24
44712908 3.24
44714184 3.24
44715460 3.24
44716736 3.23
44718008 3.24
44719284 3.24
44720560 3.24
44721836 3.25
44723108 3.26
44724384 3.26
44725660 3.27
44726936 3.26
44728208 3.24
44729484 3.24
44730760 3.24
44732036 3.24
44733308 3.23
44734584 3.24
44735860 3.24
44737136 3.24
44738408 3.24
44739684 3.26
44740960 3.26
44742236 3.26
44743508 3.26
44744784 3.25
44746060 3.23
44747336 3.23
44748608 3.24
44749884 3.24
44751160 3.24
44752436 3.25
44753708 3.25
44754984 3.25
44756260 3.26
44757536 3.27
44758808 3.27
44760088 3.27
44761360 3.26
44762636 3.25
44763908 3.25
44765192 3.25
44766460 3.25
44767736 3.25
44769008 3.25
44770284 3.25
44771560 3.26
44772836 3.27
44774108 3.28
44775384 3.28
44776660 3.27
44777936 3.26
44779208 3.25
44780484 3.25
44781760 3.25
44783036 3.24
44784308 3.24
44785584 3.25
44786860 3.25
44788136 3.26
44789408 3.26
44790684 3.27
44791960 3.27
44793236 3.27
44794508 3.26
44795784 3.24
44797060 3.24
44798336 3.24
44799608 3.24
44800884 3.24
44802160 3.24
44803436 3.24
44804708 3.24
44805984 3.26
44807260 3.27
44808536 3.27
44809808 3.26
44811084 3.26
44812360 3.24
44813636 3.24
44814908 3.23
44816184 3.24
44817460 3.23
44818736 3.23
44820008 3.24
44821284 3.24
44822560 3.25
44823836 3.26
44825108 3.26
44826384 3.26
44827664 3.25
44828936 3.23
44830208 3.23
44831484 3.23
44832760 3.23
44834036 3.23
44835308 3.24
44836584 3.24
44837860 3.24
44839136 3.25
44840408 3.26
44841684 3.26
44842960 3.26
44844236 3.25
44845508 3.23
44846784 3.23
44848060 3.23
44849336 3.24
44850608 3.25
44851884 3.24
44853160 3.24
44854436 3.24
44855708 3.25
44856984 3.26
44858260 3.26
44859536 3.26
44860808 3.25
44862084 3.24
44863360 3.23
44864636 3.23
44865908 3.23
44867184 3.23
44868460 3.24
44869736 3.24
44871008 3.24
44872284 3.25
44873560 3.26
44874836 3.26
44876108 3.26
44877384 3.26
44878660 3.23
44879936 3.23
44881208 3.22
44882484 3.22
44883760 3.22
44885036 3.22
44886308 3.22
44887584 3.22
44888860 3.23
44890136 3.25
44891408 3.25
44892684 3.25
44893960 3.24
44895240 3.22
44896508 3.21
44897784 3.22
44899060 3.21
44900336 3.21
44901608 3.22
44902884 3.22
44904160 3.22
44905436 3.23
44906708 3.24
44907984 3.25
44909260 3.25
44910536 3.24
44911808 3.22
44913084 3.21
44914360 3.21
44915636 3.21
44916908 3.21
44918184 3.21
44919460 3.22
44920736 3.22
44922008 3.22
44923284 3.24
44924560 3.24
44925836 3.24
44927108 3.23
44928384 3.22
44929660 3.21
44930936 3.21
44932208 3.21
44933484 3.21
44934760 3.21
44936036 3.21
44937308 3.22
44938584 3.22
44939860 3.24
44941136 3.25
44942408 3.25
44943684 3.24
44944960 3.22
44946236 3.21
44947508 3.21
44948784 3.21
44950060 3.21
44951336 3.22
44952608 3.22
44953884 3.22
44955160 3.23
44956436 3.24
44957716 3.25
44958984 3.25
44960260 3.24
44961536 3.23
44962808 3.22
44964084 3.22
44965360 3.22
44966636 3.21
44967908 3.21
44969184 3.22
44970460 3.22
44971736 3.23
44973008 3.24
44974284 3.25
44975560 3.25
44976836 3.24
44978108 3.23
44979384 3.21
44980660 3.21
44981936 3.21
44983208 3.21
44984484 3.21
44985760 3.22
44987036 3.22
44988308 3.22
44989584 3.24
44990860 3.25
44992136 3.25
44993408 3.24
44994684 3.23
44995960 3.21
44997236 3.21
44998508 3.21
44999784 3.21
45001060 3.21
45002336 3.21
45003608 3.21
45004884 3.22
45006160 3.23
45007436 3.24
45008708 3.24
45009984 3.24
45011260 3.23
45012536 3.21
45013808 3.21
45015084 3.21
45016360 3.21
45017636 3.21
45018908 3.22
45020184 3.22
45021460 3.22
45022736 3.23
45024008 3.25
45025292 3.24
45026560 3.24
45027836 3.23
45029108 3.21
45030384 3.21
45031660 3.21
45032936 3.20
45034208 3.20
45035484 3.21
45036760 3.21
45038036 3.21
45039308 3.22
45040584 3.24
45041860 3.24
45043136 3.24
45044408 3.22
45045684 3.21
45046960 3.20
45048236 3.20
45049508 3.20
45050784 3.20
45052060 3.21
45053336 3.21
45054608 3.21
45055884 3.23
45057160 3.24
45058436 3.24
45059708 3.24
45060984 3.22
45062260 3.21
45063536 3.20
45064808 3.21
45066084 3.20
45067360 3.20
45068636 3.21
45069908 3.21
45071184 3.21
45072460 3.22
45073736 3.24
45075008 3.24
45076284 3.24
45077560 3.22
45078836 3.21
45080108 3.20
45081384 3.20
45082660 3.20
45083936 3.20
45085208 3.21
45086484 3.21
45087764 3.21
45089036 3.22
45090308 3.23
45091584 3.24
45092860 3.24
45094136 3.22
45095408 3.21
45096684 3.20
45097960 3.20
45099236 3.20
45100508 3.20
45101784 3.20
45103060 3.21
45104336 3.21
45105608 3.22
45106884 3.23
45108160 3.24
45109436 3.24
45110708 3.23
45111984 3.21
45113260 3.20
45114536 3.20
45115808 3.20
45117084 3.20
45118360 3.21
45119636 3.21
45120908 3.21
45122184 3.22
45123460 3.24
45124736 3.24
45126008 3.24
45127284 3.23
45128560 3.21
45129836 3.21
45131108 3.21
45132384 3.21
45133660 3.20
45134936 3.21
45136208 3.21
45137484 3.21
45138760 3.22
45140036 3.23
45141308 3.24
45142584 3.24
45143860 3.23
45145136 3.21
45146408 3.20
45147684 3.20
45148960 3.20
45150236 3.20
45151508 3.20
45152784 3.20
45154060 3.21
45155340 3.21
45156608 3.23
45157884 3.24
45159160 3.24
45160436 3.23
45161708 3.21
45162984 3.20
45164260 3.20
45165536 3.21
45166808 3.20
45168084 3.21
45169360 3.21
45170636 3.21
45171908 3.21
45173184 3.23
45174460 3.24
45175736 3.24
45177008 3.24
45178284 3.22
45179560 3.21
45180836 3.21
45182108 3.21
45183384 3.21
45184660 3.21
45185936 3.21
45187208 3.21
45188484 3.22
45189760 3.23
45191036 3.24
45192308 3.24
45193584 3.24
45194860 3.22
45196136 3.21
45197408 3.21
45198684 3.21
45199960 3.20
45201236 3.20
45202508 3.21
45203784 3.21
45205060 3.21
45206336 3.23
45207608 3.24
45208884 3.24
45210160 3.23
45211436 3.22
45212708 3.20
45213984 3.20
45215260 3.21
45216536 3.20
45217816 3.20
45219084 3.21
45220360 3.21
45221636 3.21
45222908 3.23
45224184 3.24
45225460 3.24
45226736 3.24
45228008 3.22
45229284 3.21
45230560 3.21
45231836 3.21
45233108 3.20
45234384 3.21
45235660 3.21
45236936 3.21
45238208 3.22
45239484 3.23
45240760 3.24
45242036 3.25
45243308 3.24
45244584 3.23
45245860 3.21
45247136 3.21
45248408 3.21
45249684 3.21
45250960 3.21
45252236 3.21
45253508 3.21
45254784 3.21
45256060 3.23
45257336 3.24
45258608 3.24
45259884 3.24
45261160 3.23
45262436 3.21
45263708 3.21
45264984 3.21
45266260 3.20
45267536 3.20
45268808 3.21
45270084 3.21
45271360 3.21
45272636 3.22
45273908 3.24
45275184 3.24
45276460 3.24
45277736 3.23
45279008 3.21
45280284 3.21
45281560 3.21
45282836 3.21
45284108 3.20
45285392 3.21
45286660 3.21
45287936 3.21
45289208 3.22
45290484 3.24
45291760 3.24
45293036 3.24
45294308 3.23
45295584 3.21
45296860 3.21
45298136 3.21
45299408 3.21
45300684 3.21
45301960 3.21
45303236 3.21
45304508 3.21
45305784 3.22
45307060 3.24
45308336 3.24
45309608 3.24
45310884 3.23
45312160 3.22
45313436 3.21
45314708 3.21
45315984 3.21
45317260 3.21
45318536 3.21
45319808 3.21
45321084 3.21
45322360 3.22
45323636 3.24
45324908 3.24
45326184 3.24
45327460 3.23
45328736 3.22
45330008 3.21
45331284 3.21
45332560 3.21
45333836 3.21
45335108 3.21
45336384 3.21
45337660 3.22
45338936 3.22
45340208 3.24
45341484 3.24
45342760 3.24
45344036 3.23
45345308 3.22
45346584 3.21
45347864 3.21
45349136 3.21
45350408 3.21
45351684 3.21
45352964 3.21
45354236 3.22
45355508 3.22
45356784 3.24
45358060 3.24
45359336 3.24
45360608 3.24
45361884 3.22
45363160 3.21
45364436 3.21
45365708 3.21
45366984 3.20
45368260 3.21
45369536 3.21
45370808 3.21
45372084 3.22
45373360 3.23
45374636 3.24
45375908 3.24
45377184 3.23
45378460 3.22
45379736 3.21
45381008 3.20
45382284 3.21
45383560 3.20
45384836 3.20
45386108 3.21
45387384 3.21
45388660 3.21
45389936 3.23
45391208 3.24
45392484 3.24
45393760 3.23
45395036 3.22
45396308 3.21
45397584 3.21
45398860 3.21
45400136 3.20
45401408 3.21
45402684 3.21
45403960 3.21
45405236 3.21
45406508 3.23
45407784 3.24
45409060 3.24
45410336 3.23
45411608 3.22
45412884 3.21
45414160 3.20
45415440 3.21
45416708 3.20
45417984 3.20
45419260 3.21
45420536 3.21
45421808 3.21
45423084 3.23
45424360 3.24
45425636 3.24
45426908 3.23
45428184 3.22
45429460 3.20
45430736 3.20
45432008 3.20
45433284 3.20
45434560 3.20
45435836 3.21
45437108 3.21
45438384 3.21
45439660 3.22
45440936 3.23
45442208 3.24
45443484 3.23
45444760 3.22
45446036 3.20
45447308 3.20
45448584 3.20
45449860 3.20
45451136 3.20
45452408 3.20
45453684 3.20
45454960 3.21
45456236 3.22
45457508 3.23
45458784 3.23
45460060 3.23
45461336 3.22
45462608 3.20
45463884 3.20
45465160 3.20
45466436 3.20
45467708 3.20
45468984 3.21
45470260 3.21
45471536 3.21
45472808 3.22
45474084 3.23
45475360 3.24
45476636 3.23
45477912 3.22
45479184 3.20
45480460 3.20
45481736 3.20
45483016 3.20
45484284 3.20
45485560 3.20
45486836 3.20
45488108 3.20
45489384 3.22
45490660 3.23
45491936 3.23
45493208 3.23
45494484 3.22
45495760 3.20
45497036 3.20
45498308 3.20
45499584 3.20
45500860 3.20
45502136 3.20
45503408 3.20
45504684 3.20
45505960 3.21
45507236 3.23
45508508 3.23
45509784 3.23
45511060 3.22
45512336 3.21
45513608 3.20
45514884 3.20
45516160 3.20
45517436 3.20
45518708 3.20
45519984 3.20
45521260 3.20
45522536 3.21
45523808 3.23
45525084 3.23
45526360 3.23
45527636 3.22
45528908 3.21
45530184 3.20
45531460 3.20
45532736 3.20
45534008 3.20
45535284 3.20
45536560 3.20
45537836 3.20
45539108 3.21
45540384 3.23
45541660 3.23
45542936 3.23
45544208 3.22
45545492 3.21
45546760 3.20
45548036 3.20
45549308 3.20
45550584 3.20
45551860 3.20
45553136 3.20
45554408 3.20
45555684 3.21
45556960 3.23
45558236 3.23
45559508 3.23
45560784 3.22
45562060 3.21
45563336 3.20
45564608 3.20
45565884 3.20
45567160 3.20
45568436 3.20
45569708 3.20
45570984 3.20
45572260 3.21
45573536 3.22
45574808 3.23
45576084 3.23
45577360 3.22
45578636 3.21
45579908 3.20
45581184 3.20
45582460 3.20
45583736 3.20
45585008 3.20
45586284 3.20
45587560 3.20
45588836 3.21
45590108 3.22
45591384 3.23
45592660 3.23
45593936 3.23
45595208 3.21
45596484 3.20
45597760 3.20
45599036 3.20
45600308 3.20
45601584 3.20
45602860 3.20
45604136 3.21
45605408 3.21
45606684 3.22
45607960 3.23
45609236 3.24
45610508 3.23
45611784 3.21
45613064 3.20
45614336 3.20
45615608 3.20
45616884 3.20
45618160 3.20
45619436 3.20
45620708 3.20
45621984 3.21
45623260 3.22
45624536 3.23
45625808 3.23
45627084 3.23
45628360 3.21
45629636 3.20
45630908 3.20
45632184 3.20
45633460 3.20
45634736 3.20
45636008 3.20
45637284 3.20
45638560 3.20
45639836 3.22
45641108 3.23
45642384 3.23
45643660 3.23
45644936 3.22
45646208 3.20
45647484 3.20
45648760 3.20
45650036 3.20
45651308 3.20
45652584 3.20
45653860 3.20
45655136 3.20
45656408 3.22
45657684 3.23
45658960 3.23
45660236 3.23
45661508 3.22
45662784 3.20
45664060 3.20
45665336 3.20
45666608 3.20
45667884 3.20
45669160 3.20
45670436 3.21
45671708 3.21
45672984 3.22
45674260 3.23
45675540 3.24
45676808 3.23
45678084 3.22
45679360 3.20
45680636 3.20
45681908 3.20
45683184 3.20
45684460 3.20
45685736 3.20
45687008 3.21
45688284 3.21
45689560 3.22
45690836 3.23
45692108 3.24
45693384 3.24
45694660 3.22
45695936 3.21
45697208 3.20
45698484 3.20
45699760 3.20
45701036 3.20
45702308 3.21
45703584 3.21
45704860 3.21
45706136 3.22
45707408 3.23
45708684 3.24
45709960 3.24
45711236 3.22
45712508 3.21
45713784 3.20
45715060 3.20
45716336 3.20
45717608 3.20
45718884 3.21
45720160 3.21
45721436 3.21
45722708 3.22
45723984 3.23
45725260 3.24
45726536 3.24
45727808 3.23
45729084 3.22
45730360 3.21
45731636 3.21
45732908 3.21
45734184 3.21
45735460 3.21
45736736 3.21
45738008 3.21
45739284 3.22
45740560 3.23
45741836 3.24
45743116 3.24
45744384 3.23
45745660 3.22
45746936 3.21
45748208 3.21
45749484 3.20
45750760 3.20
45752036 3.21
45753308 3.21
45754584 3.21
45755860 3.22
45757136 3.23
45758408 3.24
45759684 3.24
45760960 3.23
45762236 3.22
45763508 3.21
45764784 3.21
45766060 3.21
45767336 3.21
45768608 3.21
45769884 3.21
45771160 3.22
45772436 3.22
45773708 3.23
45774984 3.24
45776260 3.24
45777536 3.23
45778808 3.22
45780084 3.21
45781360 3.21
45782636 3.21
45783908 3.20
45785184 3.21
45786460 3.21
45787736 3.21
45789008 3.22
45790284 3.23
45791560 3.24
45792836 3.24
45794108 3.23
45795384 3.22
45796660 3.21
45797936 3.21
45799208 3.21
45800484 3.20
45801760 3.20
45803036 3.21
45804308 3.21
45805592 3.22
45806860 3.23
45808136 3.24
45809408 3.24
45810684 3.24
45811960 3.22
45813236 3.21
45814508 3.21
45815784 3.21
45817060 3.20
45818336 3.20
45819608 3.21
45820884 3.21
45822160 3.21
45823436 3.23
45824708 3.24
45825984 3.24
45827260 3.24
45828536 3.22
45829808 3.21
45831084 3.21
45832360 3.21
45833636 3.21
45834908 3.20
45836184 3.21
45837460 3.21
45838736 3.21
45840008 3.23
45841284 3.24
45842560 3.24
45843836 3.24
45845108 3.23
45846384 3.21
45847660 3.21
45848936 3.21
45850208 3.20
45851484 3.21
45852760 3.21
45854036 3.21
45855308 3.21
45856584 3.23
45857860 3.24
45859136 3.24
45860408 3.24
45861684 3.22
45862960 3.21
45864236 3.21
45865508 3.21
45866784 3.20
45868060 3.20
45869336 3.21
45870608 3.21
45871884 3.21
45873164 3.22
45874436 3.24
45875708 3.24
45876984 3.24
45878260 3.23
45879536 3.21
45880808 3.21
45882084 3.21
45883360 3.20
45884636 3.20
45885908 3.21
45887184 3.21
45888460 3.21
45889736 3.23
45891008 3.24
45892284 3.24
45893560 3.24
45894836 3.23
45896108 3.21
45897384 3.21
45898660 3.21
45899936 3.21
45901208 3.21
45902484 3.21
45903760 3.21
45905036 3.21
45906308 3.22
45907584 3.24
45908860 3.24
45910136 3.24
45911408 3.23
45912684 3.21
45913960 3.21
45915236 3.21
45916508 3.21
45917784 3.21
45919060 3.21
45920336 3.21
45921608 3.21
45922884 3.23
45924160 3.24
45925436 0.00
45926708 0.00
45927984 5.00
45929260 1.34
45930536 5.00
45931808 1.93
45933084 5.00
45934360 2.60
45935640 1.87
45936908 2.42
45938184 5.00
45939460 0.71
45940736 2.43
45942008 4.23
45943284 1.28
45944560 2.07
45945836 5.00
45947108 0.16
45948384 0.79
45949660 3.02
45950936 1.55
45952208 2.51
45953484 2.80
45954760 2.72
45956036 2.74
45957308 3.77
45958584 1.96
45959860 4.23
45961136 1.52
45962408 2.82
45963684 2.83
45964960 2.37
45966236 1.79
45967508 4.06
45968784 2.26
45970060 3.29
45971336 3.25
45972608 3.43
45973884 2.52
45975160 3.97
45976436 1.95
45977708 3.72
45978984 1.90
45980260 3.59
45981536 2.36
45982808 3.41
45984084 2.45
45985360 3.99
45986636 2.53
45987908 3.44
45989184 3.08
45990460 3.12
45991736 2.68
45993008 3.43
45994284 2.27
45995560 3.32
45996836 2.55
45998108 3.46
45999384 2.51
46000660 3.64
46001936 2.57
46003216 3.68
46004484 2.65
46005760 3.20
46007036 3.00
46008308 2.95
46009584 2.91
46010860 3.16
46012136 2.83
46013408 3.03
46014684 3.25
46015960 3.05
46017236 2.95
46018508 3.54
46019784 2.67
46021060 3.44
46022336 2.88
46023608 3.02
46024884 3.04
46026160 3.09
46027436 2.97
46028708 3.13
46029984 3.18
46031260 2.82
46032536 3.58
46033808 2.72
46035084 3.21
46036360 3.21
46037636 2.87
46038908 3.11
46040184 3.14
46041460 2.91
46042736 3.09
46044008 3.21
46045284 2.89
46046560 3.14
46047836 3.26
46049108 2.75
46050384 3.48
46051660 2.72
46052936 3.26
46054208 2.88
46055484 3.18
46056760 2.79
46058036 3.33
46059308 2.89
46060584 3.09
46061860 3.22
46063136 2.92
46064408 3.07
46065688 3.23
46066960 2.84
46068236 3.20
46069508 2.96
46070792 3.14
46072060 2.81
46073336 3.43
46074608 2.66
46075884 3.42
46077160 2.99
46078436 3.08
46079708 3.17
46080984 3.13
46082260 3.01
46083536 3.22
46084808 3.07
46086084 2.99
46087360 3.27
46088636 3.05
46089908 2.98
46091184 3.48
46092460 2.83
46093736 3.41
46095008 3.08
46096284 3.18
46097560 3.07
46098836 3.31
46100108 2.97
46101384 3.21
46102660 3.24
46103936 2.95
46105208 3.36
46106484 3.07
46107760 3.16
46109036 3.29
46110308 3.13
46111584 3.22
46112860 3.17
46114136 3.26
46115408 2.99
46116684 3.40
46117960 3.00
46119236 3.22
46120508 3.26
46121784 3.05
46123060 3.28
46124336 3.18
46125608 3.24
46126884 3.13
46128160 3.34
46129436 3.03
46130708 3.24
46131984 3.22
46133264 3.01
46134536 3.33
46135808 3.04
46137084 3.20
46138360 3.17
46139636 3.18
46140908 3.14
46142184 3.25
46143460 3.21
46144736 3.07
46146008 3.37
46147284 2.98
46148560 3.27
46149836 3.15
46151108 3.13
46152384 3.18
46153660 3.19
46154936 3.17
46156208 3.13
46157484 3.31
46158760 3.07
46160036 3.28
46161308 3.22
46162584 3.06
46163860 3.30
46165136 3.07
46166408 3.23
46167684 3.10
46168960 3.28
46170236 3.03
46171508 3.32
46172784 3.12
46174060 3.17
46175336 3.31
46176608 3.12
46177884 3.25
46179160 3.22
46180436 3.14
46181708 3.20
46182984 3.20
46184260 3.19
46185536 3.11
46186808 3.34
46188084 3.01
46189360 3.36
46190636 3.13
46191908 3.25
46193184 3.22
46194460 3.25
46195736 3.17
46197008 3.22
46198284 3.22
46199560 3.14
46200840 3.26
46202108 3.20
46203384 3.14
46204660 3.32
46205936 3.10
46207208 3.31
46208484 3.17
46209760 3.32
46211036 3.12
46212308 3.34
46213584 3.11
46214860 3.23
46216136 3.25
46217408 3.14
46218684 3.24
46219960 3.21
46221236 3.19
46222508 3.24
46223784 3.23
46225060 3.24
46226336 3.21
46227608 3.30
46228884 3.10
46230160 3.33
46231436 3.10
46232708 3.25
46233984 3.19
46235260 3.20
46236536 3.19
46237808 3.21
46239084 3.20
46240360 3.19
46241636 3.26
46242908 3.19
46244184 3.21
46245460 3.25
46246736 3.12
46248008 3.25
46249284 3.13
46250560 3.24
46251836 3.12
46253108 3.27
46254384 3.13
46255660 3.24
46256936 3.22
46258208 3.20
46259484 3.26
46260760 3.22
46262036 3.20
46263316 3.22
46264584 3.20
46265860 3.20
46267136 3.19
46268408 3.24
46269684 3.13
46270960 3.28
46272236 3.13
46273508 3.26
46274784 3.22
46276060 3.24
46277336 3.22
46278608 3.24
46279884 3.19
46281160 3.19
46282436 3.23
46283708 3.18
46284984 3.21
46286260 3.23
46287536 3.17
46288808 3.26
46290084 3.19
46291360 3.26
46292636 3.21
46293908 3.27
46295184 3.19
46296460 3.24
46297736 3.20
46299008 3.20
46300284 3.22
46301560 3.19
46302836 3.21
46304108 3.20
46305384 3.21
46306660 3.22
46307936 3.23
46309208 3.25
46310484 3.21
46311760 3.26
46313036 3.17
46314308 3.23
46315584 3.18
46316860 3.22
46318136 3.19
46319408 3.21
46320684 3.20
46321960 3.20
46323236 3.23
46324508 3.22
46325784 3.24
46327060 3.24
46328336 3.21
46329608 3.22
46330892 3.19
46332160 3.21
46333436 3.18
46334708 3.21
46335984 3.18
46337260 3.22
46338536 3.19
46339808 3.22
46341084 3.23
46342360 3.23
46343636 3.24
46344908 3.22
46346184 3.21
46347460 3.20
46348736 3.20
46350008 3.20
46351284 3.20
46352560 3.21
46353836 3.20
46355108 3.22
46356384 3.21
46357660 3.24
46358936 3.23
46360208 3.25
46361484 3.23
46362760 3.22
46364036 3.21
46365308 3.20
46366584 3.21
46367860 3.20
46369136 3.21
46370408 3.21
46371684 3.21
46372960 3.22
46374236 3.23
46375508 3.24
46376784 3.23
46378060 3.24
46379336 3.21
46380608 3.21
46381884 3.20
46383160 3.20
46384436 3.20
46385708 3.20
46386984 3.21
46388260 3.20
46389536 3.21
46390808 3.23
46392084 3.24
46393364 3.24
46394636 3.23
46395908 3.22
46397184 3.20
46398460 3.21
46399736 3.20
46401008 3.20
46402284 3.20
46403560 3.21
46404836 3.21
46406108 3.21
46407384 3.23
46408660 3.23
46409936 3.24
46411208 3.23
46412484 3.22
46413760 3.20
46415036 3.20
46416308 3.20
46417584 3.20
46418860 3.21
46420136 3.20
46421408 3.21
46422684 3.21
46423960 3.23
46425236 3.24
46426508 3.24
46427784 3.23
46429060 3.22
46430336 3.21
46431608 3.20
46432884 3.21
46434160 3.20
46435436 3.21
46436708 3.21
46437984 3.21
46439260 3.21
46440536 3.22
46441808 3.24
46443084 3.24
46444360 3.23
46445636 3.22
46446908 3.20
46448184 3.20
46449460 3.20
46450736 3.20
46452008 3.20
46453284 3.21
46454560 3.20
46455836 3.21
46457108 3.22
46458384 3.23
46459660 3.24
46460940 3.23
46462208 3.22
46463484 3.20
46464760 3.20
46466036 3.20
46467308 3.20
46468584 3.20
46469860 3.20
46471136 3.21
46472408 3.20
46473684 3.23
46474960 3.23
46476236 3.24
46477508 3.23
46478784 3.22
46480060 3.20
46481336 3.20
46482608 3.20
46483884 3.20
46485160 3.20
46486436 3.20
46487708 3.20
46488984 3.21
46490260 3.22
46491536 3.24
46492808 3.23
46494084 3.24
46495360 3.22
46496636 3.20
46497908 3.20
46499184 3.20
46500460 3.20
46501736 3.20
46503008 3.20
46504284 3.20
46505560 3.21
46506836 3.22
46508108 3.23
46509384 3.23
46510660 3.23
46511936 3.22
46513208 3.20
46514484 3.20
46515760 3.20
46517036 3.20
46518308 3.20
46519584 3.20
46520860 3.20
46522136 3.20
46523416 3.21
46524684 3.23
46525960 3.23
46527236 3.23
46528508 3.22
46529784 3.20
46531060 3.20
46532336 3.20
46533608 3.20
46534884 3.20
46536160 3.20
46537436 3.20
46538708 3.20
46539984 3.22
46541260 3.23
46542536 3.23
46543808 3.24
46545084 3.22
46546360 3.21
46547636 3.20
46548908 3.20
46550184 3.20
46551460 3.20
46552736 3.20
46554008 3.21
46555284 3.21
46556560 3.22
46557836 3.23
46559108 3.24
46560384 3.24
46561660 3.23
46562936 3.21
46564208 3.20
46565484 3.20
46566760 3.20
46568036 3.20
46569308 3.20
46570584 3.21
46571860 3.21
46573136 3.21
46574408 3.23
46575684 3.24
46576960 3.24
46578236 3.23
46579508 3.21
46580784 3.20
46582060 3.20
46583336 3.20
46584608 3.20
46585884 3.20
46587160 3.21
46588436 3.21
46589708 3.21
46590992 3.23
46592260 3.24
46593536 3.24
46594808 3.23
46596084 3.21
46597360 3.20
46598636 3.20
46599908 3.20
46601184 3.20
46602460 3.20
46603736 3.20
46605008 3.20
46606284 3.21
46607560 3.23
46608836 3.23
46610108 3.24
46611384 3.23
46612660 3.21
46613936 3.20
46615208 3.20
46616484 3.20
46617760 3.20
46619036 3.20
46620308 3.20
46621584 3.21
46622860 3.21
46624136 3.22
46625408 3.23
46626684 3.23
46627960 3.23
46629236 3.21
46630508 3.20
46631784 3.20
46633060 3.20
46634336 3.20
46635608 3.20
46636884 3.20
46638160 3.20
46639436 3.21
46640708 3.22
46641984 3.24
46643260 3.24
46644536 3.23
46645808 3.22
46647084 3.20
46648360 3.20
46649636 3.20
46650908 3.20
46652184 3.20
46653464 3.20
46654736 3.20
46656008 3.21
46657284 3.22
46658564 3.23
46659836 3.24
46661108 3.23
46662384 3.22
46663660 3.20
46664936 3.20
46666208 3.20
46667484 3.20
46668760 3.20
46670036 3.20
46671308 3.21
46672584 3.21
46673860 3.22
46675136 3.23
46676408 3.24
46677684 3.23
46678960 3.22
46680236 3.20
46681508 3.20
46682784 3.20
46684060 3.20
46685336 3.20
46686608 3.20
46687884 3.21
46689160 3.21
46690436 3.22
46691708 3.24
46692984 3.24
46694260 3.24
46695536 3.22
46696808 3.21
46698084 3.21
46699360 3.21
46700636 3.20
46701908 3.20
46703184 3.21
46704460 3.21
46705736 3.21
46707008 3.22
46708284 3.24
46709560 3.24
46710836 3.24
46712108 3.23
46713384 3.21
46714660 3.21
46715936 3.20
46717208 3.20
46718484 3.20
46719760 3.21
46721040 3.21
46722308 3.22
46723584 3.22
46724860 3.24
46726136 3.24
46727408 3.24
46728684 3.23
46729960 3.21
46731236 3.21
46732508 3.21
46733784 3.20
46735060 3.21
46736336 3.21
46737608 3.21
46738884 3.21
46740160 3.22
46741436 3.24
46742708 3.24
46743984 3.24
46745260 3.23
46746536 3.21
46747808 3.21
46749084 3.21
46750360 3.21
46751636 3.20
46752908 3.21
46754184 3.21
46755460 3.21
46756736 3.22
46758008 3.24
46759284 3.24
46760560 3.24
46761836 3.23
46763108 3.22
46764384 3.21
46765660 3.21
46766936 3.21
46768208 3.20
46769484 3.21
46770760 3.21
46772036 3.21
46773308 3.22
46774584 3.24
46775860 3.24
46777136 3.24
46778408 3.23
46779684 3.22
46780960 3.21
46782236 3.21
46783512 3.21
46784784 3.21
46786060 3.21
46787336 3.21
46788616 3.21
46789884 3.22
46791160 3.23
46792436 3.24
46793708 3.24
46794984 3.23
46796260 3.22
46797536 3.21
46798808 3.21
46800084 3.21
46801360 3.21
46802636 3.21
46803908 3.21
46805184 3.21
46806460 3.22
46807736 3.24
46809008 3.25
46810284 3.25
46811560 3.24
46812836 3.22
46814108 3.21
46815384 3.21
46816660 3.22
46817936 3.21
46819208 3.21
46820484 3.22
46821760 3.22
46823036 3.22
46824308 3.24
46825584 3.25
46826860 3.25
46828136 3.24
46829408 3.23
46830684 3.21
46831960 3.22
46833236 3.22
46834508 3.21
46835784 3.21
46837060 3.22
46838336 3.22
46839608 3.22
46840884 3.24
46842160 3.25
46843436 3.25
46844708 3.25
46845984 3.23
46847260 3.22
46848536 3.22
46849808 3.22
46851092 3.22
46852360 3.22
46853636 3.22
46854908 3.22
46856184 3.22
46857460 3.24
46858736 3.25
46860008 3.25
46861284 3.25
46862560 3.24
46863836 3.22
46865108 3.22
46866384 3.22
46867660 3.22
46868936 3.22
46870208 3.22
46871484 3.22
46872760 3.22
46874036 3.24
46875308 3.25
46876584 3.25
46877860 3.25
46879136 3.24
46880408 3.22
46881684 3.22
46882960 3.22
46884236 3.22
46885508 3.22
46886784 3.22
46888060 3.22
46889336 3.22
46890608 3.24
46891884 3.25
46893160 3.25
46894436 3.25
46895708 3.24
46896984 3.22
46898260 3.22
46899536 3.22
46900808 3.22
46902084 3.22
46903360 3.22
46904636 3.22
46905908 3.22
46907184 3.24
46908460 3.25
46909736 3.25
46911008 3.25
46912284 3.24
46913560 3.22
46914836 3.22
46916108 3.22
46917384 3.22
46918664 3.22
46919936 3.22
46921208 3.22
46922484 3.22
46923760 3.23
46925036 3.25
46926308 3.25
46927584 3.25
46928860 3.24
46930136 3.22
46931408 3.22
46932684 3.22
46933960 3.21
46935236 3.22
46936508 3.22
46937784 3.22
46939060 3.22
46940336 3.23
46941608 3.25
46942884 3.25
46944160 3.25
46945436 3.24
46946708 3.23
46947984 3.22
46949260 3.22
46950536 3.22
46951808 3.22
46953084 3.22
46954360 3.22
46955636 3.22
46956908 3.23
46958184 3.25
46959460 3.25
46960736 3.25
46962008 3.24
46963284 3.22
46964560 3.21
46965836 3.21
46967108 3.21
46968384 3.21
46969660 3.21
46970936 3.21
46972208 3.22
46973484 3.23
46974760 3.24
46976036 3.25
46977308 3.25
46978584 3.24
46979860 3.22
46981140 3.21
46982408 3.21
46983684 3.21
46984960 3.21
46986236 3.21
46987508 3.21
46988784 3.22
46990060 3.22
46991336 3.24
46992608 3.25
46993884 3.25
46995160 3.24
46996436 3.22
46997708 3.21
46998984 3.21
47000260 3.21
47001536 3.21
47002808 3.21
47004084 3.21
47005360 3.22
47006636 3.22
47007908 3.24
47009184 3.25
47010460 3.25
47011736 3.24
47013008 3.22
47014284 3.21
47015560 3.21
47016836 3.21
47018108 3.21
47019384 3.21
47020660 3.21
47021936 3.22
47023208 3.22
47024484 3.24
47025760 3.25
47027036 3.25
47028308 3.24
47029584 3.23
47030860 3.21
47032136 3.21
47033408 3.21
47034684 3.21
47035960 3.21
47037236 3.21
47038508 3.21
47039784 3.22
47041060 3.24
47042336 3.25
47043608 3.25
47044884 3.24
47046160 3.23
47047436 3.21
47048716 3.21
47049984 3.21
47051260 3.21
47052536 3.21
47053808 3.21
47055084 3.21
47056360 3.21
47057636 3.23
47058908 3.25
47060184 3.25
47061460 3.24
47062736 3.23
47064008 3.21
47065284 3.21
47066560 3.21
47067836 3.21
47069108 3.21
47070384 3.21
47071660 3.21
47072936 3.21
47074208 3.23
47075484 3.24
47076760 3.25
47078036 3.24
47079308 3.23
47080584 3.21
47081860 3.21
47083136 3.21
47084408 3.21
47085684 3.21
47086960 3.21
47088236 3.21
47089508 3.22
47090784 3.23
47092060 3.24
47093336 3.25
47094608 3.24
47095884 3.23
47097160 3.21
47098436 3.21
47099708 3.21
47100984 3.21
47102260 3.21
47103536 3.21
47104808 3.21
47106084 3.21
47107360 3.23
47108636 3.24
47109908 3.25
47111192 3.25
47112460 3.23
47113736 3.21
47115008 3.21
47116284 3.21
47117560 3.21
47118836 3.21
47120108 3.21
47121384 3.21
47122660 3.21
47123936 3.22
47125208 3.24
47126484 3.24
47127760 3.24
47129036 3.23
47130308 3.21
47131584 3.21
47132860 3.21
47134136 3.21
47135408 3.21
47136684 3.21
47137960 3.21
47139236 3.21
47140508 3.22
47141784 3.24
47143060 3.24
47144336 3.24
47145608 3.23
47146884 3.22
47148160 3.21
47149436 3.21
47150708 3.21
47151984 3.21
47153260 3.21
47154536 3.21
47155808 3.21
47157084 3.22
47158360 3.24
47159636 3.24
47160908 3.24
47162184 3.23
47163460 3.22
47164736 3.21
47166008 3.21
47167284 3.21
47168560 3.21
47169836 3.21
47171108 3.21
47172384 3.21
47173660 3.22
47174936 3.24
47176208 3.24
47177484 3.24
47178764 3.24
47180036 3.22
47181308 3.21
47182584 3.21
47183860 3.21
47185136 3.21
47186408 3.20
47187684 3.21
47188960 3.21
47190236 3.21
47191508 3.23
47192784 3.24
47194060 3.24
47195336 3.23
47196608 3.21
47197884 3.20
47199160 3.20
47200436 3.20
47201708 3.20
47202984 3.20
47204260 3.21
47205536 3.21
47206808 3.22
47208084 3.23
47209360 3.24
47210636 3.24
47211908 3.23
47213184 3.22
47214460 3.20
47215736 3.20
47217008 3.20
47218284 3.20
47219560 3.20
47220836 3.20
47222108 3.20
47223384 3.21
47224660 3.22
47225936 3.23
47227208 3.24
47228484 3.23
47229760 3.21
47231036 3.20
47232308 3.20
47233584 3.20
47234860 3.20
47236136 3.20
47237408 3.21
47238684 3.21
47239960 3.21
47241240 3.22
47242508 3.23
47243784 3.24
47245060 3.23
47246336 3.21
47247608 3.20
47248884 3.20
47250160 3.20
47251436 3.20
47252708 3.20
47253984 3.20
47255260 3.20
47256536 3.21
47257808 3.22
47259084 3.23
47260360 3.23
47261636 3.23
47262908 3.22
47264184 3.20
47265460 3.20
47266736 3.20
47268008 3.20
47269284 3.20
47270560 3.21
47271836 3.21
47273108 3.21
47274384 3.22
47275660 3.23
47276936 3.24
47278208 3.23
47279484 3.22
47280760 3.20
47282036 3.20
47283308 3.20
47284584 3.20
47285860 3.20
47287136 3.20
47288408 3.20
47289684 3.21
47290960 3.22
47292236 3.23
47293508 3.23
47294784 3.23
47296060 3.22
47297336 3.20
47298608 3.20
47299884 3.20
47301160 3.20
47302436 3.20
47303708 3.20
47304984 3.20
47306260 3.21
47307536 3.22
47308816 3.23
47310084 3.23
47311360 3.23
47312636 3.22
47313908 3.21
47315184 3.20
47316460 3.20
47317736 3.20
47319008 3.20
47320284 3.20
47321560 3.20
47322836 3.21
47324108 3.22
47325384 3.23
47326660 3.24
47327936 3.24
47329208 3.22
47330484 3.21
47331760 3.20
47333036 3.20
47334308 3.20
47335584 3.20
47336860 3.21
47338136 3.21
47339408 3.21
47340684 3.22
47341960 3.23
47343236 3.24
47344508 3.24
47345784 3.23
47347060 3.21
47348336 3.21
47349608 3.20
47350884 3.20
47352160 3.20
47353436 3.20
47354708 3.21
47355984 3.21
47357260 3.22
47358536 3.23
47359808 3.24
47361084 3.24
47362360 3.23
47363636 3.21
47364908 3.20
47366184 3.20
47367460 3.20
47368736 3.20
47370008 3.20
47371288 3.21
47372560 3.21
47373836 3.22
47375108 3.23
47376392 3.24
47377660 3.24
47378936 3.23
47380208 3.21
47381484 3.20
47382760 3.20
47384036 3.20
47385308 3.20
47386584 3.20
47387860 3.21
47389136 3.21
47390408 3.21
47391684 3.23
47392960 3.24
47394236 3.24
47395508 3.23
47396784 3.22
47398060 3.20
47399336 3.20
47400608 3.20
47401884 3.20
47403160 3.20
47404436 3.21
47405708 3.21
47406984 3.21
47408260 3.23
47409536 3.24
47410808 3.24
47412084 3.23
47413360 3.22
47414636 3.21
47415908 3.21
47417184 3.21
47418460 3.21
47419736 3.20
47421008 3.21
47422284 3.21
47423560 3.22
47424836 3.23
47426108 3.24
47427384 3.24
47428660 3.24
47429936 3.22
47431208 3.21
47432484 3.21
47433760 3.21
47435036 3.21
47436308 3.21
47437584 3.21
47438864 3.21
47440136 3.21
47441408 3.23
47442684 3.24
47443960 3.24
47445236 3.24
47446508 3.22
47447784 3.21
47449060 3.21
47450336 3.21
47451608 3.21
47452884 3.21
47454160 3.21
47455436 3.21
47456708 3.22
47457984 3.23
47459260 3.24
47460536 3.25
47461808 3.24
47463084 3.23
47464360 3.21
47465636 3.21
47466908 3.21
47468184 3.21
47469460 3.21
47470736 3.21
47472008 3.21
47473284 3.22
47474560 3.23
47475836 3.24
47477108 3.24
47478384 3.24
47479660 3.22
47480936 3.21
47482208 3.21
47483484 3.21
47484760 3.21
47486036 3.21
47487308 3.21
47488584 3.21
47489860 3.21
47491136 3.22
47492408 3.24
47493684 3.24
47494960 3.24
47496236 3.22
47497508 3.21
47498784 3.20
47500060 3.21
47501336 3.20
47502608 3.20
47503884 3.21
47505160 3.21
47506440 3.21
47507708 3.22
47508984 3.23
47510260 3.24
47511536 3.23
47512808 3.22
47514084 3.21
47515360 3.20
47516636 3.20
47517908 3.20
47519184 3.20
47520460 3.21
47521736 3.21
47523008 3.21
47524284 3.22
47525560 3.23
47526836 3.23
47528108 3.23
47529384 3.22
47530660 3.20
47531936 3.20
47533208 3.20
47534484 3.20
47535760 3.20
47537036 3.20
47538308 3.20
47539584 3.20
47540860 3.21
47542136 3.23
47543408 3.23
47544684 3.23
47545960 3.22
47547236 3.21
47548508 3.20
47549784 3.20
47551060 3.20
47552336 3.20
47553608 3.20
47554884 3.21
47556160 3.21
47557436 3.22
47558708 3.23
47559984 3.23
47561260 3.23
47562536 3.22
47563808 3.21
47565084 3.20
47566360 3.20
47567636 3.20
47568916 3.20
47570184 3.20
47571460 3.21
47572736 3.21
47574008 3.21
47575284 3.23
47576560 3.23
47577836 3.23
47579108 3.22
47580384 3.21
47581660 3.20
47582936 3.20
47584208 3.20
47585484 3.20
47586760 3.20
47588036 3.21
47589308 3.21
47590584 3.21
47591860 3.23
47593136 3.23
47594408 3.23
47595684 3.23
47596960 3.21
47598236 3.20
47599508 3.20
47600784 3.20
47602060 3.20
47603336 3.20
47604608 3.20
47605884 3.20
47607160 3.21
47608436 3.22
47609708 3.23
47610984 3.23
47612260 3.22
47613536 3.21
47614808 3.20
47616084 3.20
47617360 3.20
47618636 3.20
47619908 3.20
