   2.3098296e+08   3.2100000e+00
   2.3098432e+08   3.2100000e+00
   2.3098568e+08   3.2100000e+00
   2.3098704e+08   3.2200000e+00
   2.3098840e+08   3.2300000e+00
   2.3098976e+08   3.2400000e+00
   2.3099112e+08   3.2400000e+00
   2.3099248e+08   3.2400000e+00
   2.3099384e+08   3.2300000e+00
   2.3099520e+08   3.2200000e+00
   2.3099656e+08   3.2200000e+00
   2.3099792e+08   3.2200000e+00
   2.3099928e+08   3.2200000e+00
   2.3100064e+08   3.2200000e+00
   2.3100200e+08   3.2300000e+00
   2.3100336e+08   3.2300000e+00
   2.3100472e+08   3.2400000e+00
   2.3100608e+08   3.2500000e+00
   2.3100744e+08   3.2500000e+00
   2.3100880e+08   3.2500000e+00
   2.3101016e+08   3.2400000e+00
   2.3101152e+08   3.2200000e+00
   2.3101288e+08   3.2300000e+00
   2.3101424e+08   3.2300000e+00
   2.3101560e+08   3.2300000e+00
   2.3101696e+08   3.2300000e+00
   2.3101832e+08   3.2300000e+00
   2.3101968e+08   3.2300000e+00
   2.3102104e+08   3.2300000e+00
   2.3102240e+08   3.2400000e+00
   2.3102376e+08   3.2500000e+00
   2.3102512e+08   3.2500000e+00
   2.3102648e+08   3.2500000e+00
   2.3102784e+08   3.2300000e+00
   2.3102920e+08   3.2200000e+00
   2.3103056e+08   3.2200000e+00
   2.3103192e+08   3.2100000e+00
   2.3103328e+08   3.2200000e+00
   2.3103464e+08   3.2200000e+00
   2.3103600e+08   5.0000000e+00
   2.3103736e+08   0.0000000e+00
   2.3103872e+08   1.6000000e+00
   2.3104008e+08   0.0000000e+00
   2.3104144e+08   1.5500000e+00
   2.3104280e+08   5.0000000e+00
   2.3104416e+08   0.0000000e+00
   2.3104552e+08   5.0000000e+00
   2.3104688e+08   0.0000000e+00
   2.3104824e+08   5.0000000e+00
   2.3104960e+08   3.1700000e+00
   2.3105096e+08   4.1700000e+00
   2.3105232e+08   5.0000000e-01
   2.3105368e+08   1.0000000e+00
   2.3105504e+08   2.9700000e+00
   2.3105641e+08   9.0000000e-01
   2.3105776e+08   5.0000000e+00
   2.3105912e+08   0.0000000e+00
   2.3106049e+08   2.1000000e+00
   2.3106184e+08   2.9500000e+00
   2.3106320e+08   3.0900000e+00
   2.3106456e+08   3.8200000e+00
   2.3106592e+08   7.2000000e-01
   2.3106728e+08   3.2800000e+00
   2.3106864e+08   1.9000000e-01
   2.3107000e+08   5.0000000e+00
   2.3107136e+08   1.1400000e+00
   2.3107272e+08   1.3600000e+00
   2.3107408e+08   3.0800000e+00
   2.3107544e+08   1.6400000e+00
   2.3107680e+08   3.5800000e+00
   2.3107816e+08   9.0000000e-01
   2.3107952e+08   3.8500000e+00
   2.3108088e+08   7.0000000e-02
   2.3108224e+08   4.4200000e+00
   2.3108360e+08   2.7500000e+00
   2.3108496e+08   1.3900000e+00
   2.3108632e+08   2.3100000e+00
   2.3108768e+08   2.9300000e+00
   2.3108904e+08   2.8300000e+00
   2.3109040e+08   2.8300000e+00
   2.3109176e+08   3.2900000e+00
   2.3109312e+08   1.7400000e+00
   2.3109448e+08   2.3600000e+00
   2.3109584e+08   4.1800000e+00
   2.3109720e+08   2.5000000e+00
   2.3109856e+08   2.0700000e+00
   2.3109992e+08   3.1300000e+00
   2.3110128e+08   2.5600000e+00
   2.3110264e+08   2.6900000e+00
   2.3110400e+08   3.5300000e+00
   2.3110536e+08   2.8500000e+00
   2.3110672e+08   1.6700000e+00
   2.3110808e+08   4.0500000e+00
   2.3110944e+08   2.7900000e+00
   2.3111080e+08   3.1500000e+00
   2.3111216e+08   2.0500000e+00
   2.3111352e+08   3.8900000e+00
   2.3111488e+08   1.8100000e+00
   2.3111624e+08   3.6800000e+00
   2.3111760e+08   3.3700000e+00
   2.3111896e+08   1.9600000e+00
   2.3112032e+08   3.4300000e+00
   2.3112168e+08   3.0900000e+00
   2.3112304e+08   3.4900000e+00
   2.3112440e+08   2.2300000e+00
   2.3112576e+08   3.5900000e+00
   2.3112712e+08   2.4400000e+00
   2.3112848e+08   3.0400000e+00
   2.3112984e+08   3.3800000e+00
   2.3113120e+08   2.9900000e+00
   2.3113256e+08   2.2400000e+00
   2.3113392e+08   3.7200000e+00
   2.3113528e+08   2.8800000e+00
   2.3113664e+08   3.0800000e+00
   2.3113800e+08   3.0900000e+00
   2.3113936e+08   2.8100000e+00
   2.3114072e+08   2.8600000e+00
   2.3114208e+08   3.2000000e+00
   2.3114345e+08   3.2700000e+00
   2.3114480e+08   2.5800000e+00
   2.3114616e+08   3.0700000e+00
   2.3114753e+08   3.3800000e+00
   2.3114888e+08   2.8200000e+00
   2.3115024e+08   3.2800000e+00
   2.3115160e+08   3.3000000e+00
   2.3115296e+08   2.4100000e+00
   2.3115432e+08   3.7000000e+00
   2.3115568e+08   2.8200000e+00
   2.3115704e+08   3.3700000e+00
   2.3115840e+08   2.6600000e+00
   2.3115976e+08   3.5200000e+00
   2.3116112e+08   2.9400000e+00
   2.3116248e+08   3.1600000e+00
   2.3116384e+08   3.4600000e+00
   2.3116520e+08   2.7900000e+00
   2.3116656e+08   3.0700000e+00
   2.3116792e+08   3.4900000e+00
   2.3116928e+08   2.8800000e+00
   2.3117064e+08   2.9900000e+00
   2.3117200e+08   3.4500000e+00
   2.3117336e+08   2.7800000e+00
   2.3117472e+08   3.4600000e+00
   2.3117608e+08   3.0900000e+00
   2.3117744e+08   3.4800000e+00
   2.3117880e+08   2.5500000e+00
   2.3118016e+08   3.7100000e+00
   2.3118152e+08   3.1200000e+00
   2.3118288e+08   2.8000000e+00
   2.3118424e+08   3.4700000e+00
   2.3118560e+08   3.1500000e+00
   2.3118696e+08   2.8400000e+00
   2.3118832e+08   3.5600000e+00
   2.3118968e+08   3.2000000e+00
   2.3119104e+08   3.0200000e+00
   2.3119240e+08   3.2400000e+00
   2.3119376e+08   3.4200000e+00
   2.3119512e+08   3.1100000e+00
   2.3119648e+08   2.8300000e+00
   2.3119784e+08   3.7800000e+00
   2.3119920e+08   2.5500000e+00
   2.3120056e+08   3.3500000e+00
   2.3120192e+08   3.4100000e+00
   2.3120328e+08   2.9600000e+00
   2.3120464e+08   3.0400000e+00
   2.3120600e+08   3.5300000e+00
   2.3120736e+08   3.0900000e+00
   2.3120872e+08   3.1000000e+00
   2.3121008e+08   3.2600000e+00
   2.3121144e+08   3.3200000e+00
   2.3121280e+08   2.7100000e+00
   2.3121416e+08   3.5000000e+00
   2.3121552e+08   3.3200000e+00
   2.3121688e+08   2.6200000e+00
   2.3121824e+08   3.6500000e+00
   2.3121960e+08   3.0700000e+00
   2.3122096e+08   3.1500000e+00
   2.3122232e+08   3.1600000e+00
   2.3122368e+08   3.3800000e+00
   2.3122504e+08   2.9500000e+00
   2.3122640e+08   3.1700000e+00
   2.3122776e+08   3.3900000e+00
   2.3122912e+08   3.0600000e+00
   2.3123049e+08   2.8700000e+00
   2.3123184e+08   3.6600000e+00
   2.3123320e+08   2.8200000e+00
   2.3123457e+08   3.2200000e+00
   2.3123592e+08   3.4100000e+00
   2.3123728e+08   2.9300000e+00
   2.3123864e+08   3.2400000e+00
   2.3124000e+08   3.1800000e+00
   2.3124136e+08   3.3500000e+00
   2.3124272e+08   2.8700000e+00
   2.3124408e+08   3.3700000e+00
   2.3124544e+08   3.2100000e+00
   2.3124680e+08   2.9500000e+00
   2.3124816e+08   3.3500000e+00
   2.3124952e+08   3.3000000e+00
   2.3125088e+08   2.7800000e+00
   2.3125224e+08   3.5200000e+00
   2.3125360e+08   3.0200000e+00
   2.3125496e+08   3.1700000e+00
   2.3125632e+08   3.1500000e+00
   2.3125768e+08   3.2600000e+00
   2.3125904e+08   3.1600000e+00
   2.3126040e+08   3.0500000e+00
   2.3126176e+08   3.4800000e+00
   2.3126312e+08   2.9300000e+00
   2.3126448e+08   3.1700000e+00
   2.3126584e+08   3.3900000e+00
   2.3126720e+08   2.9700000e+00
   2.3126856e+08   3.1700000e+00
   2.3126992e+08   3.3600000e+00
   2.3127128e+08   2.9500000e+00
   2.3127264e+08   3.3400000e+00
   2.3127400e+08   3.1500000e+00
   2.3127536e+08   3.3600000e+00
   2.3127672e+08   2.9700000e+00
   2.3127808e+08   3.3900000e+00
   2.3127944e+08   3.2400000e+00
   2.3128080e+08   2.9300000e+00
   2.3128216e+08   3.4700000e+00
   2.3128352e+08   3.1300000e+00
   2.3128488e+08   3.0300000e+00
   2.3128624e+08   3.4000000e+00
   2.3128760e+08   3.1600000e+00
   2.3128896e+08   3.1600000e+00
   2.3129032e+08   3.3100000e+00
   2.3129168e+08   3.2600000e+00
   2.3129304e+08   3.2500000e+00
   2.3129440e+08   3.0600000e+00
   2.3129576e+08   3.5400000e+00
   2.3129712e+08   2.9200000e+00
   2.3129848e+08   3.2700000e+00
   2.3129984e+08   3.3900000e+00
   2.3130120e+08   3.0000000e+00
   2.3130256e+08   3.2900000e+00
   2.3130392e+08   3.3200000e+00
   2.3130528e+08   3.1400000e+00
   2.3130664e+08   3.2500000e+00
   2.3130800e+08   3.2900000e+00
   2.3130936e+08   3.2900000e+00
   2.3131072e+08   3.0600000e+00
   2.3131208e+08   3.3500000e+00
   2.3131344e+08   3.3000000e+00
   2.3131480e+08   2.9100000e+00
   2.3131616e+08   3.5200000e+00
   2.3131753e+08   3.1200000e+00
   2.3131888e+08   3.1500000e+00
   2.3132024e+08   3.3300000e+00
   2.3132161e+08   3.2300000e+00
   2.3132296e+08   3.1900000e+00
   2.3132432e+08   3.2300000e+00
   2.3132568e+08   3.3300000e+00
   2.3132704e+08   3.1500000e+00
   2.3132840e+08   3.1100000e+00
   2.3132976e+08   3.4500000e+00
   2.3133112e+08   3.0100000e+00
   2.3133248e+08   3.2200000e+00
   2.3133384e+08   3.4000000e+00
   2.3133520e+08   3.0100000e+00
   2.3133656e+08   3.3200000e+00
   2.3133792e+08   3.2200000e+00
   2.3133928e+08   3.2500000e+00
   2.3134064e+08   3.1500000e+00
   2.3134200e+08   3.2900000e+00
   2.3134336e+08   3.2800000e+00
   2.3134472e+08   3.0500000e+00
   2.3134608e+08   3.3400000e+00
   2.3134744e+08   3.2600000e+00
   2.3134880e+08   3.0100000e+00
   2.3135016e+08   3.4300000e+00
   2.3135152e+08   3.1400000e+00
   2.3135288e+08   3.1500000e+00
   2.3135424e+08   3.2900000e+00
   2.3135560e+08   3.1900000e+00
   2.3135696e+08   3.2500000e+00
   2.3135832e+08   3.1400000e+00
   2.3135968e+08   3.3700000e+00
   2.3136104e+08   3.1000000e+00
   2.3136240e+08   3.1800000e+00
   2.3136376e+08   3.3700000e+00
   2.3136512e+08   3.0500000e+00
   2.3136648e+08   3.2200000e+00
   2.3136784e+08   3.3100000e+00
   2.3136920e+08   3.0500000e+00
   2.3137056e+08   3.2700000e+00
   2.3137192e+08   3.2000000e+00
   2.3137328e+08   3.2500000e+00
   2.3137464e+08   3.1600000e+00
   2.3137600e+08   3.2600000e+00
   2.3137736e+08   3.2800000e+00
   2.3137872e+08   3.0300000e+00
   2.3138008e+08   3.3500000e+00
   2.3138144e+08   3.1700000e+00
   2.3138280e+08   3.0800000e+00
   2.3138416e+08   3.3300000e+00
   2.3138552e+08   3.1400000e+00
   2.3138688e+08   3.1500000e+00
   2.3138824e+08   3.2600000e+00
   2.3138960e+08   3.2000000e+00
   2.3139096e+08   3.2400000e+00
   2.3139232e+08   3.1400000e+00
   2.3139368e+08   3.3500000e+00
   2.3139504e+08   3.0900000e+00
   2.3139640e+08   3.1800000e+00
   2.3139776e+08   3.3200000e+00
   2.3139912e+08   3.0400000e+00
   2.3140048e+08   3.2500000e+00
   2.3140184e+08   3.2400000e+00
   2.3140320e+08   3.1200000e+00
   2.3140457e+08   3.2400000e+00
   2.3140592e+08   3.2200000e+00
   2.3140728e+08   3.2400000e+00
   2.3140865e+08   3.1800000e+00
   2.3141000e+08   3.2500000e+00
   2.3141136e+08   3.2600000e+00
   2.3141272e+08   3.0400000e+00
   2.3141408e+08   3.3400000e+00
   2.3141544e+08   3.1500000e+00
   2.3141680e+08   3.1300000e+00
   2.3141816e+08   3.3000000e+00
   2.3141952e+08   3.1500000e+00
   2.3142088e+08   3.2100000e+00
   2.3142224e+08   3.2200000e+00
   2.3142360e+08   3.2400000e+00
   2.3142496e+08   3.2200000e+00
   2.3142632e+08   3.1600000e+00
   2.3142768e+08   3.3100000e+00
   2.3142904e+08   3.1100000e+00
   2.3143040e+08   3.1900000e+00
   2.3143176e+08   3.3000000e+00
   2.3143312e+08   3.0700000e+00
   2.3143448e+08   3.2600000e+00
   2.3143584e+08   3.2100000e+00
   2.3143720e+08   3.1800000e+00
   2.3143856e+08   3.2200000e+00
   2.3143992e+08   3.2100000e+00
   2.3144128e+08   3.2500000e+00
   2.3144264e+08   3.1600000e+00
   2.3144400e+08   3.2500000e+00
   2.3144536e+08   3.2300000e+00
   2.3144672e+08   3.0900000e+00
   2.3144808e+08   3.3000000e+00
   2.3144944e+08   3.1500000e+00
   2.3145080e+08   3.1600000e+00
   2.3145216e+08   3.2600000e+00
   2.3145352e+08   3.1500000e+00
   2.3145488e+08   3.2300000e+00
   2.3145624e+08   3.1900000e+00
   2.3145760e+08   3.2500000e+00
   2.3145896e+08   3.2100000e+00
   2.3146032e+08   3.1800000e+00
   2.3146168e+08   3.2800000e+00
   2.3146304e+08   3.1200000e+00
   2.3146440e+08   3.2100000e+00
   2.3146576e+08   3.2600000e+00
   2.3146712e+08   3.1100000e+00
   2.3146848e+08   3.2600000e+00
   2.3146984e+08   3.1800000e+00
   2.3147120e+08   3.2000000e+00
   2.3147256e+08   3.2300000e+00
   2.3147392e+08   3.2100000e+00
   2.3147528e+08   3.2600000e+00
   2.3147664e+08   3.1600000e+00
   2.3147800e+08   3.2600000e+00
   2.3147936e+08   3.2100000e+00
   2.3148072e+08   3.1400000e+00
   2.3148208e+08   3.2800000e+00
   2.3148344e+08   3.1500000e+00
   2.3148480e+08   3.2000000e+00
   2.3148616e+08   3.2400000e+00
   2.3148752e+08   3.1700000e+00
   2.3148888e+08   3.2600000e+00
   2.3149024e+08   3.2000000e+00
   2.3149161e+08   3.2600000e+00
   2.3149296e+08   3.2100000e+00
   2.3149432e+08   3.2000000e+00
   2.3149569e+08   3.2700000e+00
   2.3149704e+08   3.1400000e+00
   2.3149840e+08   3.2400000e+00
   2.3149976e+08   3.2200000e+00
   2.3150112e+08   3.1500000e+00
   2.3150248e+08   3.2600000e+00
   2.3150384e+08   3.1800000e+00
   2.3150520e+08   3.2300000e+00
   2.3150656e+08   3.2400000e+00
   2.3150792e+08   3.2300000e+00
   2.3150928e+08   3.2600000e+00
   2.3151064e+08   3.1700000e+00
   2.3151200e+08   3.2600000e+00
   2.3151336e+08   3.1900000e+00
   2.3151472e+08   3.1800000e+00
   2.3151608e+08   3.2700000e+00
   2.3151744e+08   3.1500000e+00
   2.3151880e+08   3.2300000e+00
   2.3152016e+08   3.2300000e+00
   2.3152152e+08   3.1900000e+00
   2.3152288e+08   3.2600000e+00
   2.3152424e+08   3.2100000e+00
   2.3152560e+08   3.2600000e+00
   2.3152696e+08   3.2000000e+00
   2.3152832e+08   3.2200000e+00
   2.3152968e+08   3.2500000e+00
   2.3153104e+08   3.1500000e+00
   2.3153240e+08   3.2600000e+00
   2.3153376e+08   3.2100000e+00
   2.3153512e+08   3.1800000e+00
   2.3153648e+08   3.2600000e+00
   2.3153784e+08   3.1900000e+00
   2.3153920e+08   3.2500000e+00
   2.3154056e+08   3.2400000e+00
   2.3154192e+08   3.2400000e+00
   2.3154328e+08   3.2500000e+00
   2.3154464e+08   3.1800000e+00
   2.3154600e+08   3.2600000e+00
   2.3154736e+08   3.1800000e+00
   2.3154872e+08   3.2000000e+00
   2.3155008e+08   3.2600000e+00
   2.3155144e+08   3.1600000e+00
   2.3155280e+08   3.2500000e+00
   2.3155416e+08   3.2200000e+00
   2.3155552e+08   3.2100000e+00
   2.3155688e+08   3.2600000e+00
   2.3155824e+08   3.2200000e+00
   2.3155960e+08   3.2600000e+00
   2.3156096e+08   3.2000000e+00
   2.3156232e+08   3.2300000e+00
   2.3156368e+08   3.2400000e+00
   2.3156504e+08   3.1600000e+00
   2.3156640e+08   3.2600000e+00
   2.3156776e+08   3.1900000e+00
   2.3156912e+08   3.2000000e+00
   2.3157048e+08   3.2500000e+00
   2.3157184e+08   3.1900000e+00
   2.3157320e+08   3.2500000e+00
   2.3157456e+08   3.2300000e+00
   2.3157592e+08   3.2400000e+00
   2.3157728e+08   3.2300000e+00
   2.3157865e+08   3.1900000e+00
   2.3158000e+08   3.2500000e+00
   2.3158136e+08   3.1700000e+00
   2.3158273e+08   3.2100000e+00
   2.3158408e+08   3.2400000e+00
   2.3158544e+08   3.1600000e+00
   2.3158680e+08   3.2500000e+00
   2.3158816e+08   3.2100000e+00
   2.3158952e+08   3.2200000e+00
   2.3159088e+08   3.2500000e+00
   2.3159224e+08   3.2200000e+00
   2.3159360e+08   3.2500000e+00
   2.3159496e+08   3.1900000e+00
   2.3159632e+08   3.2300000e+00
   2.3159768e+08   3.2200000e+00
   2.3159904e+08   3.1700000e+00
   2.3160040e+08   3.2600000e+00
   2.3160176e+08   3.1800000e+00
   2.3160312e+08   3.2100000e+00
   2.3160448e+08   3.2400000e+00
   2.3160584e+08   3.2000000e+00
   2.3160720e+08   3.2600000e+00
   2.3160856e+08   3.2300000e+00
   2.3160992e+08   3.2400000e+00
   2.3161128e+08   3.2200000e+00
   2.3161264e+08   3.2000000e+00
   2.3161400e+08   3.2400000e+00
   2.3161536e+08   3.1700000e+00
   2.3161672e+08   3.2200000e+00
   2.3161808e+08   3.2200000e+00
   2.3161944e+08   3.1800000e+00
   2.3162080e+08   3.2500000e+00
   2.3162216e+08   3.2100000e+00
   2.3162352e+08   3.2300000e+00
   2.3162488e+08   3.2400000e+00
   2.3162624e+08   3.2200000e+00
   2.3162760e+08   3.2400000e+00
   2.3162896e+08   3.1900000e+00
   2.3163032e+08   3.2300000e+00
   2.3163168e+08   3.2000000e+00
   2.3163304e+08   3.1900000e+00
   2.3163440e+08   3.2400000e+00
   2.3163576e+08   3.1800000e+00
   2.3163712e+08   3.2200000e+00
   2.3163848e+08   3.2300000e+00
   2.3163984e+08   3.2100000e+00
   2.3164120e+08   3.2600000e+00
   2.3164256e+08   3.2200000e+00
   2.3164392e+08   3.2300000e+00
   2.3164528e+08   3.2000000e+00
   2.3164664e+08   3.2000000e+00
   2.3164800e+08   3.2300000e+00
   2.3164936e+08   3.1700000e+00
   2.3165072e+08   3.2300000e+00
   2.3165208e+08   3.2100000e+00
   2.3165344e+08   3.1900000e+00
   2.3165480e+08   3.2500000e+00
   2.3165616e+08   3.2100000e+00
   2.3165752e+08   3.2400000e+00
   2.3165888e+08   3.2400000e+00
   2.3166024e+08   3.2100000e+00
   2.3166160e+08   3.2200000e+00
   2.3166296e+08   3.1900000e+00
