71577448 3.23
71578296 3.25
71579180 3.25
71580072 3.26
71580964 3.26
71581852 3.25
71582752 3.24
71583632 3.23
71584528 3.22
71585412 3.21
71586312 3.22
71587200 3.21
71588096 3.21
71588984 3.21
71590228 3.22
71591504 3.22
71592780 3.22
71594056 3.24
71595328 3.25
71596604 3.26
71597880 3.26
71599156 3.24
71600428 3.22
71601704 3.22
71602980 3.22
71604256 3.22
71605528 3.22
71606804 3.22
71608080 3.22
71609360 3.22
71610628 3.24
71611904 3.26
71613180 3.26
71614456 3.26
71615728 3.25
71617004 3.23
71618280 3.22
71619556 3.22
71620828 3.22
71622104 3.21
71623380 3.22
71624656 3.22
71625928 3.22
71627204 3.23
71628480 3.25
71629756 3.26
71631028 3.26
71632304 3.25
71633580 3.23
71634856 3.22
71636128 3.22
71637404 3.22
71638680 3.21
71639956 3.22
71641228 3.22
71642504 3.22
71643780 3.23
71645056 3.25
71646328 3.26
71647604 3.26
71648880 3.25
71650156 3.23
71651428 3.21
71652704 3.22
71653980 3.21
71655256 3.21
71656528 3.22
71657804 3.22
71659080 3.22
71660356 3.23
71661628 3.25
71662904 3.26
71664180 3.26
71665456 3.25
71666728 3.23
71668004 3.22
71669280 3.22
71670556 3.22
71671832 3.21
71673104 3.22
71674380 3.22
71675656 3.22
71676936 3.23
71678204 3.25
71679480 3.26
71680756 3.26
71682028 3.25
71683304 3.23
71684580 3.22
71685856 3.21
71687128 3.22
71688404 3.21
71689680 3.21
71690956 3.22
71692228 3.22
71693504 3.23
71694780 3.25
71696056 3.26
71697328 3.26
71698604 3.25
71699880 3.23
71701156 3.22
71702428 3.22
71703704 3.22
71704980 3.22
71706256 3.22
71707528 3.22
71708804 3.22
71710080 3.23
71711356 3.25
71712628 3.26
71713904 3.26
71715180 3.26
71716456 3.24
71717728 3.22
71719004 3.22
71720280 3.22
71721556 3.22
71722828 3.22
71724104 3.22
71725380 3.22
71726656 3.23
71727928 3.25
71729204 3.26
71730480 3.26
71731756 3.25
71733028 3.23
71734304 3.22
71735580 3.22
71736856 3.22
71738128 3.22
71739412 3.22
71740680 3.22
71741956 3.22
71743228 3.23
71744504 3.25
71745780 3.26
71747056 3.26
71748328 3.26
71749604 3.24
71750880 3.22
71752156 3.22
71753428 3.22
71754704 3.22
71755980 3.22
71757256 3.22
71758528 3.22
71759804 3.22
71761080 3.24
71762356 3.26
71763628 3.26
71764904 3.26
71766180 3.25
71767456 3.22
71768728 3.22
71770004 3.22
71771280 3.22
71772556 3.22
71773828 3.22
71775104 3.23
71776380 3.23
71777656 3.24
71778928 3.26
71780204 3.26
71781480 3.27
71782756 3.25
71784028 3.22
71785304 3.22
71786580 3.22
71787856 3.21
71789128 3.22
71790404 3.22
71791680 3.22
71792956 3.22
71794228 3.24
71795504 3.25
71796780 3.26
71798056 3.26
71799328 3.24
71800604 3.22
71801880 3.22
71803156 3.22
71804428 3.22
71805704 3.21
71806984 3.22
71808256 3.22
71809528 3.22
71810804 3.24
71812080 3.26
71813356 3.26
71814628 3.26
71815904 3.24
71817180 3.22
71818456 3.21
71819728 3.21
71821004 3.21
71822280 3.21
71823556 3.22
71824828 3.22
71826104 3.22
71827380 3.23
71828656 3.25
71829928 3.26
71831204 3.26
71832480 3.23
71833756 3.22
71835028 3.21
71836304 3.21
71837580 3.20
71838856 3.21
71840128 3.22
71841404 3.21
71842680 3.21
71843956 3.23
71845228 3.25
71846504 3.25
71847780 3.26
71849056 3.25
71850328 3.22
71851604 3.21
71852880 3.21
71854156 3.21
71855428 3.21
71856704 3.21
71857980 3.21
71859256 3.22
71860528 3.23
71861804 3.25
71863080 3.26
71864356 3.26
71865628 3.24
71866904 3.23
71868180 3.21
71869460 3.21
71870728 3.21
71872004 3.21
71873280 3.21
71874556 3.22
71875828 3.22
71877104 3.23
71878380 3.24
71879656 3.26
71880928 3.26
71882204 3.25
71883480 3.23
71884756 3.21
71886028 3.21
71887304 3.21
71888580 3.21
71889856 3.21
71891128 3.21
71892404 3.21
71893680 3.22
71894956 3.24
71896228 3.25
71897504 3.25
71898780 3.24
71900056 3.22
71901328 3.21
71902604 3.21
71903880 3.21
71905156 3.21
71906428 3.21
71907704 3.21
71908980 3.21
71910256 3.22
71911528 3.24
71912804 3.25
71914080 3.25
71915356 3.25
71916628 3.23
71917904 3.21
71919180 3.21
71920456 3.21
71921728 3.21
71923004 3.21
71924280 3.22
71925556 3.22
71926828 3.22
71928104 3.24
71929380 3.25
71930656 3.26
71931928 3.25
71933204 3.23
71934480 3.21
71935756 3.21
71937036 3.21
71938304 3.21
71939580 3.21
71940856 3.21
71942128 3.22
71943404 3.22
71944680 3.24
71945956 3.26
71947228 3.26
71948504 3.25
71949780 3.23
71951056 3.21
71952328 3.21
71953604 3.21
71954880 3.20
71956156 3.21
71957428 3.21
71958704 3.21
71959980 3.21
71961256 3.23
71962528 3.26
71963804 3.25
71965080 3.25
71966356 3.23
71967628 3.21
71968904 3.21
71970180 3.21
71971456 3.21
71972728 3.21
71974004 3.21
71975280 3.21
71976556 3.22
71977828 3.24
71979104 3.25
71980380 3.25
71981656 3.26
71982928 3.23
71984204 3.21
71985480 3.21
71986756 3.21
71988028 3.21
71989304 3.20
71990580 3.21
71991856 3.21
71993128 3.22
71994404 3.23
71995680 3.25
71996956 3.26
71998228 3.25
71999512 3.23
72000780 3.21
72002056 3.21
72003328 3.21
72004604 3.21
72005880 3.21
72007156 3.21
72008428 3.21
72009704 3.21
72010980 3.23
72012256 3.25
72013528 3.25
72014804 3.26
72016080 3.23
72017356 3.21
72018628 3.21
72019904 3.21
72021180 3.21
72022456 3.21
72023728 3.21
72025004 3.21
72026280 3.21
72027556 3.23
72028828 3.25
72030104 3.25
72031380 3.25
72032656 3.24
72033928 3.21
72035204 3.21
72036480 3.21
72037756 3.21
72039028 3.21
72040304 3.21
72041580 3.21
72042856 3.21
72044128 3.24
72045404 3.25
72046680 3.26
72047956 3.26
72049228 3.24
72050504 3.22
72051780 3.21
72053056 3.21
72054328 3.21
72055604 3.21
72056880 3.21
72058156 3.21
72059428 3.21
72060704 3.22
72061980 3.25
72063256 3.25
72064528 3.25
72065804 3.24
72067084 3.22
72068356 3.21
72069628 3.21
72070904 3.21
72072180 3.20
72073456 3.21
72074728 3.21
72076004 3.21
72077280 3.22
72078556 3.24
72079828 3.25
72081104 3.25
72082380 3.24
72083656 3.22
72084928 3.21
72086204 3.21
72087480 3.21
72088756 3.21
72090028 3.21
72091304 3.21
72092580 3.21
72093856 3.22
72095128 3.24
72096404 3.25
72097680 3.26
72098956 3.24
72100228 3.22
72101504 3.21
72102780 3.21
72104056 3.21
72105328 3.21
72106604 3.20
72107880 3.21
72109156 3.21
72110428 3.22
72111704 3.24
72112980 3.25
72114256 3.25
72115528 3.24
72116804 3.23
72118080 3.21
72119356 3.21
72120628 3.21
72121904 3.20
72123180 3.21
72124456 3.21
72125728 3.21
72127004 3.22
72128280 3.24
72129560 3.25
72130828 3.25
72132104 3.24
72133380 3.23
72134656 3.21
72135928 3.21
72137204 3.21
72138480 3.21
72139756 3.21
72141028 3.21
72142304 3.21
72143580 3.22
72144856 3.23
72146128 3.25
72147404 3.25
72148680 3.25
72149956 3.23
72151228 3.21
72152504 3.21
72153780 3.21
72155056 3.21
72156328 3.21
72157604 3.22
72158880 3.22
72160156 3.22
72161428 3.24
72162704 3.26
72163980 3.26
72165256 3.25
72166528 3.23
72167804 3.21
72169080 3.21
72170356 3.21
72171628 3.21
72172904 3.21
72174180 3.21
72175456 3.22
72176728 3.22
72178004 3.23
72179280 3.26
72180556 3.25
72181828 3.26
72183104 3.23
72184380 3.21
72185656 3.21
72186928 3.21
72188204 3.20
72189480 3.21
72190756 3.21
72192028 3.21
72193304 3.21
72194580 3.23
72195856 3.25
72197136 3.25
72198404 3.25
72199680 3.24
72200956 3.21
72202228 3.21
72203504 3.21
72204780 3.20
72206056 3.20
72207328 3.21
72208604 3.21
72209880 3.22
72211156 3.23
72212428 3.25
72213704 3.25
72214980 3.25
72216256 3.23
72217528 3.22
72218804 3.21
72220080 3.21
72221356 3.21
72222628 3.21
72223904 3.21
72225180 3.22
72226456 3.22
72227728 3.24
72229004 3.25
72230280 3.26
72231556 3.25
72232828 3.24
72234104 3.22
72235380 3.21
72236656 3.21
72237928 3.21
72239204 3.21
72240480 3.21
72241756 3.21
72243028 3.22
72244304 3.23
72245580 3.25
72246856 3.25
72248128 3.26
72249404 3.24
72250680 3.22
72251956 3.21
72253228 3.21
72254504 3.21
72255780 3.21
72257056 3.21
72258328 3.22
72259608 3.22
72260880 3.23
72262156 3.25
72263428 3.25
72264712 3.25
72265980 3.24
72267256 3.22
72268528 3.21
72269804 3.21
72271080 3.21
72272356 3.21
72273628 3.21
72274904 3.21
72276180 3.22
72277456 3.23
72278728 3.24
72280004 3.25
72281280 3.25
72282556 3.24
72283828 3.22
72285104 3.21
72286380 3.21
72287656 3.21
72288928 3.21
72290204 3.21
72291480 3.21
72292756 3.22
72294028 3.22
72295304 3.25
72296580 3.25
72297856 3.26
72299128 3.25
72300404 3.23
72301680 3.21
72302956 3.21
72304228 3.21
72305504 3.21
72306780 3.21
72308056 3.21
72309328 3.22
72310604 3.22
72311880 3.24
72313156 3.25
72314428 3.26
72315704 3.24
72316980 3.22
72318256 3.21
72319528 3.21
72320804 3.21
72322080 3.21
72323356 3.21
72324628 3.21
72325904 3.22
72327184 3.22
72328456 3.24
72329728 3.25
72331004 3.26
72332280 3.24
72333556 3.22
72334828 3.21
72336104 3.21
72337380 3.21
72338656 3.20
72339928 3.21
72341204 3.21
72342480 3.21
72343756 3.22
72345028 3.23
72346304 3.25
72347580 3.25
72348856 3.25
72350128 3.22
72351404 3.21
72352680 3.21
72353956 3.21
72355228 3.20
72356504 3.21
72357780 3.21
72359056 3.21
72360328 3.22
72361604 3.23
72362880 3.25
72364156 3.25
72365428 3.25
72366704 3.23
72367980 3.21
72369256 3.21
72370528 3.21
72371804 3.20
72373080 3.21
72374356 3.21
72375628 3.21
72376904 3.21
72378180 3.24
72379456 3.25
72380728 3.25
72382004 3.25
72383280 3.23
72384556 3.21
72385828 3.21
72387104 3.21
72388380 3.20
72389656 3.20
72390928 3.21
72392204 3.21
72393480 3.21
72394760 3.23
72396028 3.25
72397304 3.25
72398580 3.24
72399856 3.23
72401128 3.21
72402404 3.21
72403680 3.21
72404956 3.20
72406228 3.20
72407504 3.21
72408780 3.21
72410056 3.21
72411328 3.23
72412604 3.25
72413880 3.25
72415156 3.25
72416428 3.23
72417704 3.21
72418980 3.21
72420256 3.21
72421528 3.20
72422804 3.20
72424080 3.21
72425356 3.21
72426628 3.21
72427904 3.23
72429180 3.24
72430456 3.25
72431728 3.25
72433004 3.23
72434280 3.21
72435556 3.20
72436828 3.20
72438104 3.20
72439380 3.20
72440656 3.20
72441928 3.21
72443204 3.21
72444480 3.22
72445756 3.24
72447028 3.25
72448304 3.24
72449580 3.23
72450856 3.21
72452128 3.20
72453404 3.20
72454680 3.20
72455956 3.20
72457236 3.20
72458504 3.21
72459780 3.21
72461056 3.22
72462328 3.24
72463604 3.24
72464880 3.25
72466156 3.23
72467428 3.21
72468704 3.20
72469980 3.20
72471256 3.20
72472528 3.20
72473804 3.20
72475080 3.20
72476356 3.21
72477628 3.22
72478904 3.24
72480180 3.24
72481456 3.25
72482728 3.23
72484004 3.21
72485280 3.20
72486556 3.20
72487828 3.20
72489104 3.20
72490380 3.20
72491656 3.20
72492928 3.21
72494204 3.21
72495480 3.24
72496756 3.24
72498028 3.25
72499304 3.23
72500580 3.21
72501856 3.20
72503128 3.20
72504404 3.20
72505680 3.20
72506956 3.20
72508228 3.20
72509504 3.21
72510780 3.22
72512056 3.24
72513328 3.25
72514604 3.25
72515880 3.24
72517156 3.22
72518428 3.20
72519704 3.20
72520980 3.20
72522256 3.20
72523528 3.20
72524812 3.21
72526080 3.21
72527356 3.22
72528628 3.24
72529904 3.25
72531180 3.25
72532456 3.24
72533728 3.22
72535004 3.21
72536280 3.21
72537556 3.21
72538828 3.20
72540104 3.21
72541380 3.21
72542656 3.21
72543928 3.22
72545204 3.24
72546480 3.25
72547756 3.25
72549028 3.24
72550304 3.22
72551580 3.21
72552856 3.21
72554128 3.21
72555404 3.21
72556680 3.20
72557956 3.21
72559228 3.21
72560504 3.22
72561780 3.24
72563056 3.25
72564328 3.25
72565604 3.24
72566880 3.23
72568156 3.21
72569428 3.21
72570704 3.21
72571980 3.20
72573256 3.20
72574528 3.21
72575804 3.21
72577080 3.21
72578356 3.24
72579628 3.25
72580904 3.25
72582180 3.24
72583456 3.22
72584728 3.21
72586004 3.21
72587284 3.21
72588556 3.20
72589828 3.20
72591104 3.21
72592380 3.21
72593656 3.21
72594928 3.24
72596204 3.25
72597480 3.25
72598756 3.25
72600028 3.22
72601304 3.21
72602580 3.21
72603856 3.21
72605128 3.20
72606404 3.20
72607680 3.21
72608956 3.21
72610228 3.21
72611504 3.23
72612780 3.25
72614056 3.25
72615328 3.25
72616604 3.23
72617880 3.21
72619156 3.21
72620428 3.21
72621704 3.21
72622980 3.21
72624256 3.21
72625528 3.21
72626804 3.21
72628080 3.23
72629356 3.25
72630628 3.26
72631904 3.26
72633180 3.23
72634456 3.22
72635728 3.21
72637004 3.21
72638280 3.21
72639556 3.21
72640828 3.21
72642104 3.21
72643380 3.22
72644656 3.23
72645928 3.25
72647204 3.25
72648480 3.26
72649756 3.24
72651028 3.21
72652304 3.21
72653580 3.21
72654860 3.21
72656128 3.21
72657404 3.21
72658680 3.21
72659956 3.21
72661228 3.23
72662504 3.25
72663780 3.26
72665056 3.25
72666328 3.23
72667604 3.22
72668880 3.21
72670156 3.21
72671428 3.21
72672704 3.20
72673980 3.21
72675256 3.21
72676528 3.22
72677804 3.22
72679080 3.25
72680356 3.26
72681628 3.25
72682904 3.24
72684180 3.22
72685456 3.21
72686728 2.74
72688004 0.00
72689280 0.00
72690556 3.46
72691828 1.21
72693104 1.95
72694380 0.54
72695656 4.80
72696928 4.87
72698204 5.00
72699480 0.00
72700756 4.08
72702028 2.54
72703304 0.00
72704580 4.57
72705856 1.10
72707128 3.06
72708404 0.72
72709680 4.67
72710956 0.28
72712228 5.00
72713504 0.56
72714780 3.99
72716056 0.13
72717336 4.30
72718604 0.00
72719880 4.39
72721156 0.31
72722428 3.59
72723704 1.76
72724980 3.85
72726256 0.96
72727528 5.00
72728804 0.95
72730080 3.82
72731356 1.83
72732628 3.21
72733904 1.27
72735180 4.32
72736456 0.70
72737728 4.29
72739004 1.89
72740280 3.44
72741556 2.52
72742828 3.53
72744104 1.90
72745380 4.08
72746656 1.75
72747928 3.19
72749204 2.47
72750480 2.98
72751756 2.25
72753028 3.62
72754304 2.01
72755580 3.82
72756856 2.50
72758128 3.31
72759404 2.56
72760680 3.25
72761956 2.47
72763228 3.30
72764504 2.47
72765780 3.05
72767056 2.87
72768328 3.05
72769604 2.82
72770880 3.35
72772156 2.80
72773428 3.35
72774704 2.89
72775980 3.20
72777256 2.67
72778528 3.39
72779804 2.68
72781080 3.28
72782356 3.00
72783628 3.14
72784912 3.11
72786180 3.30
72787456 2.97
72788728 3.41
72790004 3.09
72791280 3.16
72792556 3.22
72793828 3.20
72795104 2.91
72796380 3.68
72797656 2.80
72798928 3.57
72800204 3.21
72801480 3.32
72802756 3.19
72804028 3.55
72805304 2.91
72806580 3.57
72807856 3.13
72809128 3.18
72810404 3.31
72811680 3.30
72812956 3.05
72814228 3.70
72815504 2.93
72816780 3.56
72818056 3.16
72819328 3.41
72820604 3.00
72821880 3.62
72823156 2.82
72824428 3.56
72825704 3.07
72826980 3.29
72828256 3.18
72829528 3.46
72830804 3.06
72832080 3.59
72833356 3.10
72834628 3.44
72835904 3.15
72837180 3.51
72838456 2.92
72839728 3.70
72841004 2.91
72842280 3.57
72843556 3.13
72844828 3.51
72846104 3.11
72847384 3.69
72848656 3.09
72849928 3.57
72851204 3.28
72852484 3.39
72853756 3.22
72855028 3.58
72856304 2.97
72857580 3.69
72858856 3.08
72860128 3.53
72861404 3.19
72862680 3.61
72863956 3.04
72865228 3.76
72866504 3.04
72867780 3.50
72869056 3.27
72870328 3.36
72871604 3.18
72872880 3.53
72874156 3.04
72875428 3.54
72876704 3.18
72877980 3.43
72879256 3.21
72880528 3.58
72881804 3.04
72883080 3.66
72884356 3.05
72885628 3.45
72886904 3.20
72888180 3.41
72889456 3.13
72890728 3.48
72892004 3.13
72893280 3.40
72894556 3.26
72895828 3.38
72897104 3.22
72898380 3.51
72899656 3.09
72900928 3.48
72902204 3.14
72903480 3.39
72904756 3.14
72906028 3.45
72907304 3.08
72908580 3.45
72909856 3.19
72911128 3.31
72912404 3.30
72913680 3.36
72914960 3.22
72916228 3.44
72917504 3.18
72918780 3.34
72920056 3.24
72921328 3.32
72922604 3.15
72923880 3.44
72925156 3.09
72926428 3.40
72927704 3.22
72928980 3.31
72930256 3.28
72931528 3.35
72932804 3.20
72934080 3.34
72935356 3.23
72936628 3.23
72937904 3.27
72939180 3.26
72940456 3.16
72941728 3.35
72943004 3.13
72944280 3.31
72945556 3.22
72946828 3.30
72948104 3.21
72949380 3.33
72950656 3.16
72951928 3.25
72953204 3.23
72954480 3.18
72955756 3.24
72957028 3.23
72958304 3.18
72959580 3.26
72960856 3.20
72962128 3.24
72963404 3.24
72964680 3.30
72965956 3.17
72967228 3.31
72968504 3.15
72969780 3.22
72971056 3.23
72972328 3.19
72973604 3.20
72974880 3.23
72976156 3.19
72977432 3.20
72978704 3.26
72979980 3.20
72981256 3.25
72982536 3.26
72983804 3.16
72985080 3.25
72986356 3.16
72987628 3.19
72988904 3.18
72990180 3.20
72991456 3.16
72992728 3.21
72994004 3.17
72995280 3.18
72996556 3.26
72997828 3.18
72999104 3.23
73000380 3.20
73001656 3.15
73002928 3.18
73004204 3.17
73005480 3.16
73006756 3.15
73008028 3.19
73009304 3.13
73010580 3.19
73011856 3.18
73013128 3.18
73014404 3.22
73015680 3.19
73016956 3.19
73018228 3.15
73019504 3.17
73020780 3.13
73022056 3.18
73023328 3.14
73024604 3.15
73025880 3.18
73027156 3.14
73028428 3.19
73029704 3.20
73030980 3.20
73032256 3.20
73033528 3.19
73034804 3.15
73036080 3.15
73037356 3.18
73038628 3.12
73039904 3.19
73041180 3.14
73042456 3.17
73043728 3.16
73045012 3.18
73046280 3.19
73047556 3.21
73048828 3.20
73050104 3.18
73051380 3.18
73052656 3.15
73053928 3.16
73055204 3.17
73056480 3.14
73057756 3.18
73059028 3.14
73060304 3.17
73061580 3.16
73062856 3.21
73064128 3.18
73065404 3.22
73066680 3.18
73067956 3.16
73069228 3.16
73070504 3.16
73071780 3.16
73073056 3.16
73074328 3.15
73075604 3.17
73076880 3.16
73078156 3.19
73079428 3.18
73080704 3.23
73081980 3.19
73083256 3.21
73084528 3.16
73085804 3.18
73087080 3.15
73088356 3.17
73089628 3.16
73090904 3.18
73092180 3.17
73093456 3.17
73094728 3.18
73096004 3.21
73097280 3.20
73098556 3.23
73099828 3.19
73101104 3.21
73102380 3.16
73103656 3.19
73104928 3.16
73106204 3.19
73107480 3.17
73108756 3.20
73110028 3.18
73111304 3.20
73112584 3.21
73113856 3.23
73115128 3.22
73116404 3.22
73125880 3.19
73126720 3.21
73127604 3.18
73128492 3.22
73129388 3.23
73130276 3.22
73131172 3.24
73132064 3.24
73132952 3.22
73133832 3.22
73134720 3.21
73135604 3.19
73136492 3.20
73137380 3.20
73138652 3.19
73139928 3.21
73141204 3.19
73142480 3.21
73143752 3.20
73145028 3.23
73146304 3.23
73147580 3.25
73148852 3.24
73150128 3.24
73151404 3.21
73152680 3.21
73153952 3.20
73155228 3.21
73156504 3.20
73157780 3.22
73159052 3.20
73160328 3.22
73161604 3.22
73162880 3.26
73164152 3.24
73165428 3.26
73166704 3.23
73167980 3.23
73169252 3.20
73170528 3.22
73171804 3.21
73173080 3.21
73174352 3.21
73175628 3.22
73176904 3.21
73178180 3.24
73179452 3.24
73180728 3.26
73182004 3.25
73183280 3.25
73184552 3.21
73185828 3.23
73187104 3.20
73188376 3.22
73189652 3.20
73190928 3.22
73192204 3.21
73193484 3.22
73194752 3.22
73196028 3.25
73197304 3.25
73198580 3.26
73199852 3.24
73201128 3.23
73202404 3.21
73203680 3.22
73204952 3.20
73206228 3.22
73207504 3.20
73208780 3.23
73210052 3.21
73211328 3.24
73212604 3.24
73213880 3.26
73215152 3.26
73216428 3.25
73217704 3.23
73218976 3.22
73220252 3.21
73221528 3.22
73222804 3.21
73224076 3.22
73225352 3.21
73226628 3.23
73227904 3.22
73229180 3.26
73230452 3.25
73231728 3.26
73233004 3.24
73234280 3.24
73235552 3.22
73236828 3.22
73238104 3.22
73239376 3.22
73240652 3.21
73241928 3.22
73243204 3.22
73244480 3.23
73245752 3.24
73247028 3.26
73248304 3.26
73249576 3.26
73250852 3.23
73252128 3.23
73253404 3.22
73254680 3.23
73255960 3.22
73257228 3.22
73258504 3.22
73259780 3.22
73261052 3.23
73262328 3.25
73263604 3.26
73264880 3.26
73266152 3.26
73267428 3.24
73285940 3.22
73286784 3.22
73287664 3.21
73288544 3.22
73289436 3.21
73290328 3.21
73291224 3.22
73292112 3.22
73293008 3.22
73293892 3.23
73294776 3.23
73295656 3.24
73296544 3.26
73297436 3.26
73298708 3.26
73299992 3.24
73301260 3.23
73302536 3.21
73303808 3.22
73305084 3.21
73306360 3.22
73307636 3.21
73308908 3.23
73310184 3.21
73311460 3.24
73312736 3.24
73314008 3.26
73315284 3.25
73316560 3.25
73317832 3.23
73319108 3.22
73320384 3.21
73321660 3.22
73322932 3.21
73324208 3.22
73325484 3.22
73326760 3.22
73328036 3.22
73329308 3.25
73330584 3.25
73331860 3.26
73333136 3.24
73334408 3.23
73335684 3.21
73336960 3.22
73338236 3.22
73339508 3.21
73340784 3.22
73342060 3.22
73343336 3.22
73344608 3.23
73345884 3.25
73347160 3.26
73348436 3.26
73349708 3.25
73350984 3.23
73352260 3.22
73353536 3.22
73354808 3.22
73356084 3.21
73357360 3.22
73358632 3.22
73359908 3.22
73361184 3.22
73362460 3.24
73363736 3.26
73365008 3.25
73366284 3.25
73367564 3.23
73368836 3.22
73370108 3.21
73371384 3.21
73372660 3.21
73373932 3.21
73375208 3.22
73376484 3.22
73377760 3.22
73379036 3.24
73380308 3.25
73381584 3.25
73382860 3.24
73384132 3.24
73385408 3.21
73386684 3.22
73387960 3.21
73389236 3.21
73390508 3.21
73391784 3.22
73393060 3.21
73394332 3.22
73395608 3.24
73396884 3.25
73398160 3.25
73399436 3.25
73400708 3.23
73401984 3.21
73403260 3.21
73404536 3.21
73405808 3.20
73407084 3.21
73408360 3.21
73409636 3.22
73410908 3.21
73412184 3.24
73413460 3.25
73414736 3.26
73416008 3.25
73417284 3.24
73418560 3.22
73419836 3.22
73421108 3.21
73422384 3.21
73433304 3.24
73434148 3.23
73435032 3.22
73435912 3.21
73436808 3.21
73437696 3.22
73438588 3.21
73439480 3.21
73440376 3.21
73441256 3.22
73442136 3.21
73443024 3.22
73443908 3.22
73444804 3.22
73446076 3.24
73447352 3.25
73448628 3.26
73449904 3.25
73451176 3.23
73452452 3.22
73453728 3.22
73455004 3.22
73456276 3.21
73457552 3.21
73458828 3.22
73460104 3.22
73461376 3.23
73462652 3.24
73463928 3.26
73465204 3.26
73466476 3.25
73467752 3.23
73469028 3.22
73470304 3.21
73471576 3.22
73472852 3.21
73474128 3.21
73475404 3.22
73476676 3.22
73477952 3.23
73479228 3.24
73480504 3.25
73481780 3.26
73483052 3.24
73484328 3.23
73485604 3.21
73486876 3.21
73488152 3.21
73489432 3.21
73490704 3.21
73491976 3.22
73493252 3.22
73494532 3.22
73495804 3.24
73497076 3.25
73498352 3.25
73499628 3.25
73500904 3.23
73502176 3.22
73503452 3.21
73504728 3.22
73506004 3.21
73507276 3.21
73508552 3.21
73509828 3.22
73511104 3.21
73512380 3.24
73513652 3.25
73514928 3.26
73516204 3.25
73517476 3.23
73518752 3.21
73520028 3.21
73521304 3.21
73522576 3.21
73523852 3.20
73525128 3.21
73526404 3.21
73527676 3.22
73528952 3.23
73530228 3.25
73531504 3.25
73532776 3.25
73534052 3.23
73535328 3.21
73536604 3.21
73537880 3.21
73539152 3.21
73540428 3.21
73541704 3.21
73542980 3.21
73544252 3.21
73545528 3.23
73546804 3.25
73548076 3.25
73549352 3.25
73550628 3.24
73551904 3.21
73553176 3.22
73554452 3.21
73555728 3.21
73557008 3.21
73558276 3.22
73559552 3.22
73560828 3.22
73562104 3.23
73563376 3.25
73564652 3.26
73565928 3.26
73567204 3.24
73568476 3.22
73569752 3.22
73571028 3.22
73572304 3.21
73573576 3.22
73574852 3.22
73576128 3.22
73577404 3.22
73578680 3.24
73579952 3.25
73581228 3.26
73582504 3.26
73583776 3.24
73585052 3.22
73586328 3.22
73587604 3.22
73588880 3.21
73590152 3.21
73591428 3.22
73592704 3.22
73593976 3.22
73595252 3.23
73596528 3.25
73597804 3.25
73599076 3.26
73600352 3.24
73601628 3.22
73602904 3.21
73604180 3.21
73605452 3.21
73606728 3.21
73608004 3.21
73609280 3.21
73610552 3.22
73611828 3.23
73613104 3.25
73614376 3.25
73615652 3.25
73616928 3.24
73618204 3.22
73619480 3.21
73620752 3.21
73622028 3.21
73623304 3.21
73624584 3.21
73625852 3.21
73627128 3.21
73628404 3.23
73629676 3.24
73630952 3.26
73632228 3.25
73633504 3.24
73634776 3.22
73636052 3.21
73637328 3.21
73638604 3.21
73639876 3.21
73641152 3.21
73642428 3.21
73643704 3.22
73644980 3.22
73646252 3.25
73647528 3.25
73648804 3.26
73650076 3.24
73651352 3.23
73652628 3.21
73653904 3.21
73655176 3.21
73656452 3.21
73657728 3.21
73659004 3.21
73660276 3.21
73661552 3.22
73662828 3.24
73664104 3.25
73665380 3.26
73666652 3.25
73667928 3.23
73669204 3.21
73670476 3.21
73671752 3.21
73673028 3.20
73674304 3.21
73675580 3.21
73676852 3.22
73678128 3.22
73679404 3.24
73680676 3.25
73681952 3.25
73683228 3.24
73684504 3.23
73685780 3.21
73687060 3.21
73688328 3.21
73689604 3.21
73690880 3.21
73692152 3.22
73693428 3.21
73694704 3.22
73695976 3.23
73697252 3.25
73698528 3.25
73699804 3.25
73701076 3.23
73702352 3.21
73703628 3.21
73704904 3.21
73706180 3.20
73707452 3.20
73708728 3.21
73710004 3.21
73711276 3.21
73712552 3.24
73713828 3.24
73715104 3.25
73716380 3.24
73717652 3.23
73718928 3.21
73720204 3.21
73721476 3.21
73722752 3.21
73724028 3.21
73725304 3.21
73726576 3.21
73727852 3.21
73729128 3.23
73730404 3.25
73731676 3.25
73732952 3.25
73734228 3.23
73735504 3.21
73736776 3.21
73738052 3.21
73739328 3.21
73740604 3.21
73741876 3.21
73743152 3.21
73744428 3.21
73745704 3.23
73746980 3.25
73748252 3.25
73749528 3.25
73750804 3.23
73752080 3.21
73753352 3.21
73754632 3.21
73755904 3.21
73757176 3.21
73758452 3.21
73759728 3.21
73761004 3.21
73762280 3.23
73763552 3.25
73764828 3.25
73766104 3.25
73767376 3.23
73768652 3.21
73769928 3.21
73771204 3.21
73772476 3.21
73773752 3.20
73775028 3.21
73776304 3.21
73777576 3.21
73778852 3.23
73780128 3.24
73781404 3.25
73782680 3.25
73783952 3.24
73785228 3.22
73786504 3.21
73787776 3.21
73789052 3.21
73790328 3.21
73791604 3.21
73792880 3.21
73794152 3.21
73795428 3.23
73796704 3.24
73797980 3.25
73799252 3.25
73800528 3.24
73801804 3.22
73803076 3.21
73804352 3.21
73805628 3.21
73806904 3.20
73808176 3.21
73809452 3.21
73810728 3.21
73812004 3.22
73813276 3.24
73814552 3.24
73815828 3.25
73817108 3.23
73818376 3.21
73819652 3.20
73820928 3.20
73822204 3.20
73823476 3.20
73824752 3.20
73826028 3.20
73827304 3.20
73828576 3.22
73829852 3.23
73831128 3.24
73832404 3.24
73833680 3.23
73834952 3.21
73836228 3.20
73837504 3.20
73838780 3.20
73840052 3.20
73841328 3.20
73842604 3.20
73843880 3.20
73845152 3.21
73846428 3.23
73847704 3.24
73848980 3.24
73850252 3.23
73851528 3.21
73852804 3.20
73854076 3.20
73855352 3.20
73856628 3.19
73857904 3.19
73859176 3.20
73860452 3.20
73861728 3.22
73863004 3.24
73864280 3.25
73865552 3.25
73866828 3.23
73868104 3.22
73869376 3.20
73870652 3.20
73871928 3.20
73873204 3.20
73874480 3.20
73875752 3.21
73877028 3.21
73878304 3.22
73879576 3.24
73880852 3.25
73882128 3.25
73883404 3.25
73884684 3.23
73885952 3.21
73887228 3.21
73888504 3.21
73889776 3.20
73891052 3.20
73892328 3.21
73893604 3.21
73894880 3.22
73896152 3.24
73897428 3.25
73898704 3.25
73899976 3.24
73901252 3.22
73902528 3.21
73903804 3.21
73905076 3.21
73906352 3.21
73907628 3.21
73908904 3.21
73910176 3.21
73911452 3.22
73912728 3.24
73914004 3.25
73915280 3.25
73916552 3.25
73917828 3.23
73919104 3.21
73920380 3.21
73921652 3.21
73922928 3.21
73924204 3.21
73925476 3.21
73926752 3.21
73928028 3.22
73929304 3.23
73930576 3.25
73931852 3.25
73933128 3.25
73934404 3.23
73935676 3.21
73936952 3.21
73938228 3.21
73939504 3.20
73940776 3.20
73942052 3.21
73943328 3.21
73944604 3.21
73945876 3.23
73947160 3.24
73948428 3.25
73949704 3.25
73950976 3.23
73952252 3.21
73953528 3.21
73954804 3.21
73956076 3.20
73957352 3.20
73958628 3.21
73959904 3.21
73961180 3.21
73962452 3.23
73963728 3.24
73965004 3.25
73966276 3.24
73967552 3.23
73968828 3.21
73970104 3.21
73971380 3.20
73972652 3.20
73973928 3.20
73975204 3.21
73976480 3.21
73977752 3.21
73979028 3.22
73980304 3.24
73981576 3.24
73982852 3.25
73984128 3.23
73985404 3.21
73986676 3.21
73987952 3.20
73989228 3.20
73990504 3.20
73991780 3.20
73993052 3.21
73994328 3.21
73995604 3.22
73996880 3.24
73998152 3.24
73999428 3.24
74000704 3.23
74001976 3.21
74003252 3.21
74004528 3.20
74005804 3.20
74007080 3.20
74008352 3.20
74009628 3.21
74010904 3.21
74012180 3.22
74013452 3.24
74014736 3.24
74016004 3.24
74017276 3.23
74018552 3.21
74019828 3.20
74021104 3.20
74027288 3.21
74028184 3.21
74029072 3.22
74029952 3.24
74032416 3.24
74033300 3.23
74034192 3.22
74035072 3.21
74035960 3.20
74036968 3.20
74039008 3.19
74040280 3.19
74041160 3.20
74042044 3.20
74042940 3.20
74043828 3.20
74044724 3.20
74045612 3.22
74046508 3.22
74047392 3.23
74048272 3.23
74049156 3.23
