   0.0000000e+00  -5.0000000e-03
   1.2680000e+03  -5.0000000e-03
   2.5440000e+03  -5.0000000e-03
   3.8200000e+03   6.0500000e-01
   5.0960000e+03   1.9500000e-01
   6.3680000e+03   3.1500000e-01
   7.6440000e+03   5.4500000e-01
   8.9200000e+03   3.5500000e-01
   1.0196000e+04   3.9500000e-01
   1.1468000e+04   5.2500000e-01
   1.2744000e+04   6.0500000e-01
   1.4020000e+04   5.2500000e-01
   1.5296000e+04   3.8500000e-01
   1.6568000e+04   3.9500000e-01
   1.7844000e+04   2.6500000e-01
   1.9120000e+04   1.0500000e-01
   2.0396000e+04  -1.1500000e-01
   2.1668000e+04  -7.5000000e-02
   2.2944000e+04  -1.9500000e-01
   2.4220000e+04  -1.5500000e-01
   2.5496000e+04  -1.5500000e-01
   2.6768000e+04  -8.5000000e-02
   2.8044000e+04  -7.5000000e-02
   2.9320000e+04  -3.5000000e-02
   3.0596000e+04   1.5000000e-02
   3.1868000e+04   3.5000000e-02
   3.3144000e+04   9.5000000e-02
   3.4420000e+04   1.1500000e-01
   3.5696000e+04   1.0500000e-01
   3.6968000e+04   1.1500000e-01
   3.8244000e+04   6.5000000e-02
   3.9520000e+04   1.5000000e-02
   4.0796000e+04  -1.5000000e-02
   4.2068000e+04  -7.5000000e-02
   4.3344000e+04  -1.1500000e-01
   4.4620000e+04  -1.4500000e-01
   4.5896000e+04  -1.7500000e-01
   4.7168000e+04  -1.7500000e-01
   4.8444000e+04  -1.8500000e-01
   4.9720000e+04  -1.4500000e-01
   5.0996000e+04  -1.0500000e-01
   5.2268000e+04  -6.5000000e-02
   5.3544000e+04  -2.5000000e-02
   5.4820000e+04   1.5000000e-02
   5.6096000e+04   6.5000000e-02
   5.7368000e+04   8.5000000e-02
   5.8644000e+04   8.5000000e-02
   5.9920000e+04   7.5000000e-02
   6.1196000e+04   6.5000000e-02
   6.2468000e+04   3.5000000e-02
   6.3744000e+04   5.0000000e-03
   6.5020000e+04  -2.5000000e-02
   6.6296000e+04  -5.5000000e-02
   6.7576000e+04  -6.5000000e-02
   6.8844000e+04  -7.5000000e-02
   7.0120000e+04  -7.5000000e-02
   7.1396000e+04  -5.5000000e-02
   7.2668000e+04  -3.5000000e-02
   7.3944000e+04  -5.0000000e-03
   7.5220000e+04   5.0000000e-03
   7.6496000e+04   3.5000000e-02
   7.7768000e+04   5.5000000e-02
   7.9044000e+04   6.5000000e-02
   8.0320000e+04   7.5000000e-02
   8.1596000e+04   6.5000000e-02
   8.2868000e+04   5.5000000e-02
   8.4144000e+04   4.5000000e-02
   8.5420000e+04   2.5000000e-02
   8.6696000e+04   5.0000000e-03
   8.7968000e+04  -1.5000000e-02
   8.9244000e+04  -3.5000000e-02
   9.0520000e+04  -3.5000000e-02
   9.1796000e+04  -4.5000000e-02
   9.3068000e+04  -4.5000000e-02
   9.4344000e+04  -3.5000000e-02
   9.5620000e+04  -3.5000000e-02
   9.6896000e+04  -2.5000000e-02
   9.8168000e+04  -1.5000000e-02
   9.9444000e+04   5.0000000e-03
   1.0072000e+05   1.5000000e-02
   1.0199600e+05   1.5000000e-02
   1.0326800e+05   2.5000000e-02
   1.0454400e+05   2.5000000e-02
   1.0582000e+05   2.5000000e-02
   1.0709600e+05   1.5000000e-02
   1.0836800e+05   5.0000000e-03
   1.0964400e+05  -5.0000000e-03
   1.1092000e+05  -2.5000000e-02
   1.1219600e+05  -2.5000000e-02
   1.1346800e+05  -3.5000000e-02
   1.1474400e+05  -4.5000000e-02
   1.1602000e+05  -4.5000000e-02
   1.1729600e+05  -3.5000000e-02
   1.1856800e+05  -2.5000000e-02
   1.1984400e+05  -1.5000000e-02
   1.2112000e+05  -5.0000000e-03
   1.2239600e+05   5.0000000e-03
   1.2375600e+05   2.5000000e-02
   1.2511600e+05   1.5000000e-02
   1.2647600e+05  -2.5000000e-02
   1.2783600e+05  -2.5000000e-02
   1.2919600e+05   5.0000000e-03
   1.3055600e+05   1.5000000e-02
   1.3191600e+05  -5.0000000e-03
   1.3327600e+05  -2.5000000e-02
   1.3463600e+05  -2.5000000e-02
   1.3599600e+05  -1.5000000e-02
   1.3735600e+05   5.0000000e-03
   1.3871600e+05   5.0000000e-03
   1.4007600e+05  -5.0000000e-03
   1.4143600e+05  -1.5000000e-02
   1.4279600e+05   5.0000000e-03
   1.4415600e+05   1.5000000e-02
   1.4551600e+05   5.0000000e-03
   1.4687600e+05  -1.5000000e-02
   1.4823600e+05  -2.5000000e-02
   1.4959600e+05  -1.5000000e-02
   1.5095600e+05  -5.0000000e-03
   1.5231600e+05   5.0000000e-03
   1.5367600e+05  -5.0000000e-03
   1.5503600e+05  -2.5000000e-02
   1.5639600e+05  -1.5000000e-02
   1.5775600e+05   5.0000000e-03
   1.5911600e+05   5.0000000e-03
   1.6047600e+05  -5.0000000e-03
   1.6183600e+05  -1.5000000e-02
   1.6319600e+05  -1.5000000e-02
   1.6455600e+05  -5.0000000e-03
   1.6591600e+05  -5.0000000e-03
   1.6727600e+05  -5.0000000e-03
   1.6863600e+05  -1.5000000e-02
   1.6999600e+05  -1.5000000e-02
   1.7135600e+05  -5.0000000e-03
   1.7271600e+05   5.0000000e-03
   1.7408000e+05   5.0000000e-03
   1.7543600e+05  -5.0000000e-03
   1.7679600e+05  -5.0000000e-03
   1.7815600e+05   5.0000000e-03
   1.7951600e+05   5.0000000e-03
   1.8087600e+05  -5.0000000e-03
   1.8223600e+05  -5.0000000e-03
   1.8359600e+05  -1.5000000e-02
   1.8495600e+05  -5.0000000e-03
   1.8631600e+05  -5.0000000e-03
   1.8767600e+05   5.0000000e-03
   1.8903600e+05   5.0000000e-03
   1.9039600e+05  -5.0000000e-03
   1.9175600e+05   5.0000000e-03
   1.9311600e+05   5.0000000e-03
   1.9447600e+05   1.5000000e-02
   1.9583600e+05   5.0000000e-03
   1.9719600e+05  -1.5000000e-02
   1.9855600e+05  -1.5000000e-02
   1.9991600e+05  -5.0000000e-03
   2.0127600e+05  -5.0000000e-03
   2.0263600e+05  -5.0000000e-03
   2.0399600e+05  -5.0000000e-03
   2.0535600e+05  -5.0000000e-03
   2.0671600e+05   5.0000000e-03
   2.0807600e+05   5.0000000e-03
   2.0943600e+05   5.0000000e-03
   2.1079600e+05  -5.0000000e-03
   2.1215600e+05  -5.0000000e-03
   2.1351600e+05  -5.0000000e-03
   2.1487600e+05  -5.0000000e-03
   2.1623600e+05  -5.0000000e-03
   2.1759600e+05  -1.5000000e-02
   2.1895600e+05  -5.0000000e-03
   2.2031600e+05  -5.0000000e-03
   2.2167600e+05  -5.0000000e-03
   2.2303600e+05   5.0000000e-03
   2.2439600e+05  -5.0000000e-03
   2.2575600e+05   5.0000000e-03
   2.2711600e+05   5.0000000e-03
   2.2847600e+05  -5.0000000e-03
   2.2983600e+05  -5.0000000e-03
   2.3119600e+05  -5.0000000e-03
   2.3255600e+05  -5.0000000e-03
   2.3391600e+05  -5.0000000e-03
   2.3527600e+05  -5.0000000e-03
   2.3663600e+05  -5.0000000e-03
   2.3799600e+05  -5.0000000e-03
   2.3935600e+05  -5.0000000e-03
   2.4071600e+05  -5.0000000e-03
   2.4207600e+05   5.0000000e-03
   2.4343600e+05  -5.0000000e-03
   2.4479600e+05  -5.0000000e-03
   2.4615600e+05  -5.0000000e-03
   2.4751600e+05  -1.5000000e-02
   2.4887600e+05  -1.5000000e-02
   2.5023600e+05  -1.5000000e-02
   2.5159600e+05  -5.0000000e-03
   2.5295600e+05  -5.0000000e-03
   2.5431600e+05  -1.5000000e-02
   2.5567600e+05  -5.0000000e-03
   2.5703600e+05   5.0000000e-03
   2.5839600e+05  -5.0000000e-03
   2.5975600e+05  -5.0000000e-03
   2.6112000e+05  -5.0000000e-03
   2.6247600e+05  -5.0000000e-03
   2.6383600e+05  -5.0000000e-03
   2.6519600e+05  -5.0000000e-03
   2.6655600e+05  -1.5000000e-02
   2.6791600e+05  -5.0000000e-03
   2.6927600e+05  -5.0000000e-03
   2.7063600e+05  -5.0000000e-03
   2.7199600e+05  -5.0000000e-03
   2.7335600e+05   5.0000000e-03
   2.7471600e+05  -5.0000000e-03
   2.7607600e+05  -5.0000000e-03
   2.7743600e+05  -5.0000000e-03
   2.7879600e+05  -5.0000000e-03
   2.8015600e+05  -5.0000000e-03
   2.8151600e+05  -1.5000000e-02
   2.8287600e+05  -1.5000000e-02
   2.8423600e+05  -1.5000000e-02
   2.8559600e+05  -5.0000000e-03
   2.8695600e+05  -5.0000000e-03
   2.8831600e+05  -5.0000000e-03
   2.8967600e+05  -5.0000000e-03
   2.9103600e+05  -5.0000000e-03
   2.9239600e+05   5.0000000e-03
   2.9375600e+05  -5.0000000e-03
   2.9511600e+05  -5.0000000e-03
   2.9647600e+05  -5.0000000e-03
   2.9783600e+05  -5.0000000e-03
   2.9919600e+05  -1.5000000e-02
   3.0055600e+05  -1.5000000e-02
   3.0191600e+05  -5.0000000e-03
   3.0327600e+05  -5.0000000e-03
   3.0463600e+05  -5.0000000e-03
   3.0599600e+05   5.0000000e-03
   3.0735600e+05   5.0000000e-03
   3.0871600e+05   5.0000000e-03
   3.1007600e+05   5.0000000e-03
   3.1143600e+05   5.0000000e-03
   3.1279600e+05   5.0000000e-03
   3.1415600e+05  -5.0000000e-03
   3.1551600e+05  -5.0000000e-03
   3.1687600e+05  -5.0000000e-03
   3.1823600e+05  -5.0000000e-03
   3.1959600e+05  -5.0000000e-03
   3.2095600e+05  -5.0000000e-03
   3.2231600e+05   5.0000000e-03
   3.2367600e+05   5.0000000e-03
   3.2503600e+05   5.0000000e-03
   3.2639600e+05   5.0000000e-03
   3.2775600e+05   5.0000000e-03
   3.2911600e+05   5.0000000e-03
   3.3047600e+05  -5.0000000e-03
   3.3183600e+05  -5.0000000e-03
   3.3319600e+05  -5.0000000e-03
   3.3455600e+05  -5.0000000e-03
   3.3591600e+05  -5.0000000e-03
   3.3727600e+05  -5.0000000e-03
   3.3863600e+05  -5.0000000e-03
   3.3999600e+05   5.0000000e-03
   3.4135600e+05   5.0000000e-03
   3.4271600e+05   5.0000000e-03
   3.4407600e+05  -5.0000000e-03
   3.4543600e+05  -5.0000000e-03
   3.4679600e+05  -5.0000000e-03
   3.4816000e+05  -5.0000000e-03
   3.4951600e+05  -1.5000000e-02
   3.5087600e+05  -5.0000000e-03
   3.5223600e+05  -1.5000000e-02
   3.5359600e+05  -5.0000000e-03
   3.5495600e+05  -5.0000000e-03
   3.5631600e+05  -5.0000000e-03
   3.5767600e+05  -5.0000000e-03
   3.5903600e+05  -5.0000000e-03
   3.6039600e+05  -5.0000000e-03
   3.6175600e+05  -5.0000000e-03
   3.6311600e+05  -5.0000000e-03
   3.6447600e+05  -5.0000000e-03
   3.6583600e+05  -1.5000000e-02
   3.6719600e+05  -1.5000000e-02
   3.6855600e+05  -5.0000000e-03
   3.6991600e+05  -5.0000000e-03
   3.7127600e+05  -5.0000000e-03
   3.7263600e+05  -5.0000000e-03
   3.7399600e+05  -5.0000000e-03
   3.7535600e+05   5.0000000e-03
   3.7671600e+05  -5.0000000e-03
   3.7807600e+05  -5.0000000e-03
   3.7943600e+05  -5.0000000e-03
   3.8079600e+05  -5.0000000e-03
   3.8215600e+05  -1.5000000e-02
   3.8351600e+05  -5.0000000e-03
   3.8487600e+05  -5.0000000e-03
   3.8623600e+05  -5.0000000e-03
   3.8759600e+05  -5.0000000e-03
   3.8895600e+05  -5.0000000e-03
   3.9031600e+05  -5.0000000e-03
   3.9167600e+05   5.0000000e-03
   3.9303600e+05   5.0000000e-03
   3.9439600e+05  -5.0000000e-03
   3.9575600e+05  -5.0000000e-03
   3.9711600e+05  -5.0000000e-03
   3.9847600e+05  -1.5000000e-02
   3.9983600e+05  -5.0000000e-03
   4.0119600e+05  -5.0000000e-03
   4.0255600e+05  -5.0000000e-03
   4.0391600e+05  -5.0000000e-03
   4.0527600e+05  -5.0000000e-03
   4.0663600e+05   5.0000000e-03
   4.0799600e+05   5.0000000e-03
   4.0935600e+05   5.0000000e-03
   4.1071600e+05  -5.0000000e-03
   4.1207600e+05  -5.0000000e-03
   4.1343600e+05  -5.0000000e-03
   4.1479600e+05  -5.0000000e-03
   4.1615600e+05  -1.5000000e-02
   4.1751600e+05  -5.0000000e-03
   4.1887600e+05  -5.0000000e-03
   4.2023600e+05  -5.0000000e-03
   4.2159600e+05  -5.0000000e-03
   4.2295600e+05  -5.0000000e-03
   4.2431600e+05   5.0000000e-03
   4.2567600e+05   5.0000000e-03
   4.2703600e+05  -5.0000000e-03
   4.2839600e+05   5.0000000e-03
   4.2975600e+05  -5.0000000e-03
   4.3111600e+05  -5.0000000e-03
   4.3247600e+05  -5.0000000e-03
   4.3383600e+05  -5.0000000e-03
   4.3520000e+05  -5.0000000e-03
   4.3655600e+05  -5.0000000e-03
   4.3791600e+05  -5.0000000e-03
   4.3927600e+05   5.0000000e-03
   4.4063600e+05   5.0000000e-03
   4.4199600e+05   5.0000000e-03
   4.4335600e+05   5.0000000e-03
   4.4471600e+05   5.0000000e-03
   4.4607600e+05  -5.0000000e-03
   4.4743600e+05  -5.0000000e-03
   4.4879600e+05  -5.0000000e-03
   4.5015600e+05  -5.0000000e-03
   4.5151600e+05  -5.0000000e-03
   4.5287600e+05  -5.0000000e-03
   4.5423600e+05  -1.5000000e-02
   4.5559600e+05  -5.0000000e-03
   4.5695600e+05  -5.0000000e-03
   4.5831600e+05  -5.0000000e-03
   4.5967600e+05  -5.0000000e-03
   4.6103600e+05   5.0000000e-03
   4.6239600e+05  -5.0000000e-03
   4.6375600e+05  -5.0000000e-03
   4.6511600e+05  -5.0000000e-03
   4.6647600e+05  -5.0000000e-03
   4.6783600e+05  -5.0000000e-03
   4.6919600e+05  -5.0000000e-03
   4.7055600e+05  -5.0000000e-03
   4.7191600e+05   5.0000000e-03
   4.7327600e+05   5.0000000e-03
   4.7463600e+05   5.0000000e-03
   4.7599600e+05   5.0000000e-03
   4.7735600e+05   5.0000000e-03
   4.7871600e+05   5.0000000e-03
   4.8007600e+05  -5.0000000e-03
   4.8143600e+05  -5.0000000e-03
   4.8279600e+05  -1.5000000e-02
   4.8415600e+05  -1.5000000e-02
   4.8551600e+05  -5.0000000e-03
   4.8687600e+05  -5.0000000e-03
   4.8823600e+05  -5.0000000e-03
   4.8959600e+05  -5.0000000e-03
   4.9095600e+05  -5.0000000e-03
   4.9231600e+05   5.0000000e-03
   4.9367600e+05  -5.0000000e-03
   4.9503600e+05  -5.0000000e-03
   4.9639600e+05  -5.0000000e-03
   4.9775600e+05  -5.0000000e-03
   4.9911600e+05  -5.0000000e-03
   5.0047600e+05  -5.0000000e-03
   5.0183600e+05  -5.0000000e-03
   5.0319600e+05  -5.0000000e-03
   5.0455600e+05  -5.0000000e-03
   5.0591600e+05  -5.0000000e-03
   5.0727600e+05  -5.0000000e-03
   5.0863600e+05  -5.0000000e-03
   5.0999600e+05  -5.0000000e-03
   5.1135600e+05  -5.0000000e-03
   5.1271600e+05  -5.0000000e-03
   5.1407600e+05  -5.0000000e-03
   5.1543600e+05  -1.5000000e-02
   5.1679600e+05  -1.5000000e-02
   5.1815600e+05  -5.0000000e-03
   5.1951600e+05  -5.0000000e-03
   5.2087600e+05  -5.0000000e-03
   5.2224000e+05  -5.0000000e-03
   5.2359600e+05  -5.0000000e-03
   5.2495600e+05   5.0000000e-03
   5.2631600e+05  -5.0000000e-03
   5.2767600e+05  -5.0000000e-03
   5.2903600e+05   5.0000000e-03
   5.3039600e+05  -5.0000000e-03
   5.3175600e+05  -5.0000000e-03
   5.3311600e+05  -5.0000000e-03
   5.3447600e+05  -5.0000000e-03
   5.3583600e+05  -5.0000000e-03
   5.3719600e+05  -5.0000000e-03
   5.3855600e+05  -5.0000000e-03
   5.3991600e+05   5.0000000e-03
   5.4127600e+05   5.0000000e-03
   5.4263600e+05   5.0000000e-03
   5.4399600e+05   5.0000000e-03
   5.4535600e+05   5.0000000e-03
   5.4671600e+05  -5.0000000e-03
   5.4807600e+05  -5.0000000e-03
   5.4943600e+05  -1.5000000e-02
   5.5079600e+05  -5.0000000e-03
   5.5215600e+05  -5.0000000e-03
   5.5351600e+05  -5.0000000e-03
   5.5487600e+05  -5.0000000e-03
   5.5623600e+05   5.0000000e-03
   5.5759600e+05   5.0000000e-03
   5.5895600e+05   5.0000000e-03
   5.6031600e+05   5.0000000e-03
   5.6167600e+05   5.0000000e-03
   5.6303600e+05   5.0000000e-03
   5.6439600e+05  -5.0000000e-03
   5.6575600e+05  -5.0000000e-03
   5.6711600e+05  -5.0000000e-03
   5.6847600e+05  -5.0000000e-03
   5.6983600e+05  -5.0000000e-03
   5.7119600e+05  -5.0000000e-03
   5.7255600e+05  -5.0000000e-03
   5.7391600e+05  -5.0000000e-03
   5.7527600e+05  -5.0000000e-03
   5.7663600e+05  -5.0000000e-03
   5.7799600e+05  -5.0000000e-03
   5.7935600e+05  -5.0000000e-03
   5.8071600e+05  -5.0000000e-03
   5.8207600e+05  -1.5000000e-02
   5.8343600e+05  -1.5000000e-02
   5.8479600e+05  -1.5000000e-02
   5.8615600e+05  -5.0000000e-03
   5.8751600e+05  -5.0000000e-03
   5.8887600e+05  -5.0000000e-03
   5.9023600e+05   5.0000000e-03
   5.9159600e+05   5.0000000e-03
   5.9295600e+05   5.0000000e-03
   5.9431600e+05   5.0000000e-03
   5.9567600e+05   5.0000000e-03
   5.9703600e+05  -5.0000000e-03
   5.9839600e+05  -5.0000000e-03
   5.9975600e+05  -5.0000000e-03
   6.0111600e+05  -5.0000000e-03
   6.0247600e+05  -5.0000000e-03
   6.0383600e+05  -5.0000000e-03
   6.0519600e+05  -5.0000000e-03
   6.0655600e+05   5.0000000e-03
   6.0791600e+05   5.0000000e-03
   6.0928000e+05   5.0000000e-03
   6.1063600e+05   5.0000000e-03
   6.1199600e+05   5.0000000e-03
   6.1335600e+05  -5.0000000e-03
   6.1471600e+05  -5.0000000e-03
   6.1607600e+05  -5.0000000e-03
   6.1743600e+05  -5.0000000e-03
   6.1879600e+05  -5.0000000e-03
   6.2015600e+05  -5.0000000e-03
   6.2151600e+05  -5.0000000e-03
   6.2287600e+05   5.0000000e-03
   6.2423600e+05   5.0000000e-03
   6.2559600e+05   5.0000000e-03
   6.2695600e+05  -5.0000000e-03
   6.2831600e+05   5.0000000e-03
   6.2967600e+05  -5.0000000e-03
   6.3103600e+05  -5.0000000e-03
   6.3239600e+05  -5.0000000e-03
   6.3375600e+05  -5.0000000e-03
   6.3511600e+05  -5.0000000e-03
   6.3647600e+05  -5.0000000e-03
   6.3783600e+05  -5.0000000e-03
   6.3919600e+05  -5.0000000e-03
   6.4055600e+05   5.0000000e-03
   6.4191600e+05   5.0000000e-03
   6.4327600e+05   5.0000000e-03
   6.4463600e+05  -5.0000000e-03
   6.4599600e+05  -5.0000000e-03
   6.4735600e+05  -5.0000000e-03
   6.4871600e+05  -1.5000000e-02
   6.5007600e+05  -1.5000000e-02
   6.5143600e+05  -1.5000000e-02
   6.5279600e+05  -5.0000000e-03
   6.5415600e+05  -5.0000000e-03
   6.5551600e+05  -5.0000000e-03
   6.5687600e+05  -5.0000000e-03
   6.5823600e+05   5.0000000e-03
   6.5959600e+05  -5.0000000e-03
   6.6095600e+05  -5.0000000e-03
   6.6231600e+05  -5.0000000e-03
   6.6367600e+05  -5.0000000e-03
   6.6503600e+05  -5.0000000e-03
   6.6639600e+05  -1.5000000e-02
   6.6775600e+05  -1.5000000e-02
   6.6911600e+05  -5.0000000e-03
   6.7047600e+05  -5.0000000e-03
   6.7183600e+05  -5.0000000e-03
   6.7319600e+05  -5.0000000e-03
   6.7455600e+05   5.0000000e-03
   6.7591600e+05  -5.0000000e-03
   6.7727600e+05  -5.0000000e-03
   6.7863600e+05  -5.0000000e-03
   6.7999600e+05  -5.0000000e-03
   6.8135600e+05  -5.0000000e-03
   6.8271600e+05  -1.5000000e-02
   6.8407600e+05  -1.5000000e-02
   6.8543600e+05  -1.5000000e-02
   6.8679600e+05  -5.0000000e-03
   6.8815600e+05  -5.0000000e-03
   6.8951600e+05  -5.0000000e-03
   6.9087600e+05  -5.0000000e-03
   6.9223600e+05  -5.0000000e-03
   6.9359600e+05  -5.0000000e-03
   6.9495600e+05  -5.0000000e-03
   6.9632000e+05  -5.0000000e-03
   6.9767600e+05  -5.0000000e-03
   6.9903600e+05  -1.5000000e-02
   7.0039600e+05  -5.0000000e-03
   7.0175600e+05  -5.0000000e-03
   7.0311600e+05  -5.0000000e-03
   7.0447600e+05  -5.0000000e-03
   7.0583600e+05  -5.0000000e-03
   7.0719600e+05   5.0000000e-03
   7.0855600e+05   5.0000000e-03
   7.0991600e+05   5.0000000e-03
   7.1127600e+05   5.0000000e-03
   7.1263600e+05  -5.0000000e-03
   7.1399600e+05  -5.0000000e-03
   7.1535600e+05  -5.0000000e-03
   7.1671600e+05  -5.0000000e-03
   7.1807600e+05  -1.5000000e-02
   7.1943600e+05  -5.0000000e-03
   7.2079600e+05  -5.0000000e-03
   7.2215600e+05  -5.0000000e-03
   7.2351600e+05   5.0000000e-03
   7.2487600e+05   5.0000000e-03
   7.2623600e+05   5.0000000e-03
   7.2759600e+05  -5.0000000e-03
   7.2895600e+05  -5.0000000e-03
   7.3031600e+05  -5.0000000e-03
   7.3167600e+05  -5.0000000e-03
   7.3303600e+05  -5.0000000e-03
   7.3439600e+05  -5.0000000e-03
   7.3575600e+05  -5.0000000e-03
   7.3711600e+05  -5.0000000e-03
   7.3847600e+05  -5.0000000e-03
   7.3983600e+05  -5.0000000e-03
   7.4119600e+05   5.0000000e-03
   7.4255600e+05   5.0000000e-03
   7.4391600e+05   5.0000000e-03
   7.4527600e+05  -5.0000000e-03
   7.4663600e+05  -5.0000000e-03
   7.4799600e+05  -1.5000000e-02
   7.4935600e+05  -1.5000000e-02
   7.5071600e+05  -5.0000000e-03
   7.5207600e+05  -5.0000000e-03
   7.5343600e+05  -5.0000000e-03
   7.5479600e+05  -5.0000000e-03
   7.5615600e+05  -5.0000000e-03
   7.5751600e+05   5.0000000e-03
   7.5887600e+05  -5.0000000e-03
   7.6023600e+05  -5.0000000e-03
   7.6159600e+05   5.0000000e-03
   7.6295600e+05  -5.0000000e-03
   7.6431600e+05  -5.0000000e-03
   7.6567600e+05  -5.0000000e-03
   7.6703600e+05  -1.5000000e-02
   7.6839600e+05  -5.0000000e-03
   7.6975600e+05  -5.0000000e-03
   7.7111600e+05  -5.0000000e-03
   7.7247600e+05  -5.0000000e-03
   7.7383600e+05   5.0000000e-03
   7.7519600e+05  -5.0000000e-03
   7.7655600e+05  -5.0000000e-03
   7.7791600e+05  -5.0000000e-03
   7.7927600e+05  -5.0000000e-03
   7.8063600e+05  -5.0000000e-03
   7.8199600e+05  -1.5000000e-02
   7.8336000e+05  -1.5000000e-02
   7.8471600e+05  -1.5000000e-02
   7.8607600e+05  -5.0000000e-03
   7.8743600e+05  -5.0000000e-03
   7.8879600e+05  -5.0000000e-03
   7.9015600e+05  -5.0000000e-03
   7.9151600e+05   5.0000000e-03
   7.9287600e+05  -5.0000000e-03
   7.9423600e+05  -5.0000000e-03
   7.9559600e+05  -5.0000000e-03
   7.9695600e+05  -5.0000000e-03
   7.9831600e+05  -1.5000000e-02
   7.9967600e+05  -1.5000000e-02
   8.0103600e+05  -5.0000000e-03
   8.0239600e+05  -1.5000000e-02
   8.0375600e+05  -5.0000000e-03
   8.0511600e+05  -5.0000000e-03
   8.0647600e+05   5.0000000e-03
   8.0783600e+05   5.0000000e-03
   8.0919600e+05   5.0000000e-03
   8.1055600e+05   5.0000000e-03
   8.1191600e+05   5.0000000e-03
   8.1327600e+05  -5.0000000e-03
   8.1463600e+05  -5.0000000e-03
   8.1599600e+05  -5.0000000e-03
   8.1735600e+05  -5.0000000e-03
   8.1871600e+05  -5.0000000e-03
   8.2007600e+05  -5.0000000e-03
   8.2143600e+05  -5.0000000e-03
   8.2279600e+05   5.0000000e-03
   8.2415600e+05   5.0000000e-03
   8.2551600e+05   5.0000000e-03
   8.2687600e+05   5.0000000e-03
   8.2823600e+05   5.0000000e-03
   8.2959600e+05   5.0000000e-03
   8.3095600e+05  -5.0000000e-03
   8.3231600e+05  -5.0000000e-03
   8.3367600e+05  -5.0000000e-03
   8.3503600e+05  -5.0000000e-03
   8.3639600e+05  -5.0000000e-03
   8.3775600e+05  -5.0000000e-03
   8.3911600e+05  -5.0000000e-03
   8.4047600e+05   5.0000000e-03
   8.4183600e+05   5.0000000e-03
   8.4319600e+05   5.0000000e-03
   8.4455600e+05   5.0000000e-03
   8.4591600e+05   5.0000000e-03
   8.4727600e+05  -5.0000000e-03
   8.4863600e+05  -5.0000000e-03
   8.4999600e+05  -5.0000000e-03
   8.5135600e+05  -5.0000000e-03
   8.5271600e+05  -5.0000000e-03
   8.5407600e+05  -5.0000000e-03
   8.5543600e+05  -5.0000000e-03
   8.5679600e+05   5.0000000e-03
   8.5815600e+05   5.0000000e-03
   8.5951600e+05  -5.0000000e-03
   8.6087600e+05   5.0000000e-03
   8.6223600e+05  -5.0000000e-03
   8.6359600e+05  -5.0000000e-03
   8.6495600e+05  -5.0000000e-03
   8.6631600e+05  -1.5000000e-02
   8.6767600e+05  -1.5000000e-02
   8.6903600e+05  -5.0000000e-03
   8.7040000e+05  -5.0000000e-03
   8.7175600e+05  -5.0000000e-03
   8.7311600e+05   5.0000000e-03
   8.7447600e+05   5.0000000e-03
   8.7583600e+05   5.0000000e-03
   8.7719600e+05  -5.0000000e-03
   8.7855600e+05  -5.0000000e-03
   8.7991600e+05  -5.0000000e-03
   8.8127600e+05  -5.0000000e-03
   8.8263600e+05  -1.5000000e-02
   8.8399600e+05  -5.0000000e-03
   8.8535600e+05  -5.0000000e-03
   8.8671600e+05  -5.0000000e-03
   8.8807600e+05  -5.0000000e-03
   8.8943600e+05  -5.0000000e-03
   8.9079600e+05   5.0000000e-03
   8.9215600e+05   5.0000000e-03
   8.9351600e+05  -5.0000000e-03
   8.9487600e+05  -5.0000000e-03
   8.9623600e+05  -5.0000000e-03
   8.9759600e+05  -5.0000000e-03
   8.9895600e+05  -1.5000000e-02
   9.0031600e+05  -1.5000000e-02
   9.0167600e+05  -1.5000000e-02
   9.0303600e+05  -5.0000000e-03
   9.0439600e+05  -5.0000000e-03
   9.0575600e+05  -5.0000000e-03
   9.0711600e+05   5.0000000e-03
   9.0847600e+05  -5.0000000e-03
   9.0983600e+05   5.0000000e-03
   9.1119600e+05  -5.0000000e-03
   9.1255600e+05   5.0000000e-03
   9.1391600e+05  -5.0000000e-03
   9.1527600e+05  -1.5000000e-02
   9.1663600e+05  -1.5000000e-02
   9.1799600e+05  -1.5000000e-02
   9.1935600e+05  -1.5000000e-02
   9.2071600e+05  -1.5000000e-02
   9.2207600e+05  -5.0000000e-03
   9.2343600e+05  -5.0000000e-03
   9.2479600e+05  -5.0000000e-03
   9.2615600e+05  -5.0000000e-03
   9.2751600e+05   5.0000000e-03
   9.2887600e+05  -5.0000000e-03
   9.3023600e+05  -5.0000000e-03
   9.3159600e+05  -5.0000000e-03
   9.3295600e+05  -1.5000000e-02
   9.3431600e+05  -1.5000000e-02
   9.3567600e+05  -5.0000000e-03
   9.3703600e+05  -5.0000000e-03
   9.3839600e+05  -5.0000000e-03
   9.3975600e+05  -5.0000000e-03
   9.4111600e+05  -5.0000000e-03
   9.4247600e+05  -5.0000000e-03
   9.4383600e+05  -5.0000000e-03
   9.4519600e+05  -5.0000000e-03
   9.4655600e+05  -5.0000000e-03
   9.4791600e+05  -5.0000000e-03
   9.4927600e+05  -1.5000000e-02
   9.5063600e+05  -1.5000000e-02
   9.5199600e+05  -5.0000000e-03
   9.5335600e+05  -5.0000000e-03
   9.5471600e+05  -5.0000000e-03
   9.5607600e+05  -5.0000000e-03
   9.5744000e+05  -5.0000000e-03
   9.5879600e+05  -5.0000000e-03
   9.6015600e+05  -5.0000000e-03
   9.6151600e+05  -5.0000000e-03
   9.6287600e+05  -5.0000000e-03
   9.6423600e+05  -5.0000000e-03
   9.6559600e+05  -1.5000000e-02
   9.6695600e+05  -1.5000000e-02
   9.6831600e+05  -1.5000000e-02
   9.6967600e+05  -5.0000000e-03
   9.7103600e+05  -5.0000000e-03
   9.7239600e+05  -5.0000000e-03
   9.7375600e+05  -5.0000000e-03
   9.7511600e+05   5.0000000e-03
   9.7647600e+05   5.0000000e-03
   9.7783600e+05  -5.0000000e-03
   9.7919600e+05  -5.0000000e-03
   9.8055600e+05  -5.0000000e-03
   9.8191600e+05  -5.0000000e-03
   9.8327600e+05  -1.5000000e-02
   9.8463600e+05  -1.5000000e-02
   9.8599600e+05  -5.0000000e-03
   9.8735600e+05  -5.0000000e-03
   9.8871600e+05  -5.0000000e-03
   9.9007600e+05  -5.0000000e-03
   9.9143600e+05   5.0000000e-03
   9.9279600e+05   5.0000000e-03
   9.9415600e+05  -5.0000000e-03
   9.9551600e+05  -5.0000000e-03
   9.9687600e+05  -5.0000000e-03
   9.9823600e+05  -5.0000000e-03
   9.9959600e+05  -5.0000000e-03
   1.0009560e+06  -5.0000000e-03
   1.0023160e+06  -5.0000000e-03
   1.0036760e+06  -5.0000000e-03
   1.0050360e+06  -5.0000000e-03
   1.0063960e+06   5.0000000e-03
   1.0077560e+06   5.0000000e-03
   1.0091160e+06   5.0000000e-03
   1.0104760e+06   5.0000000e-03
   1.0118360e+06   5.0000000e-03
   1.0131960e+06  -5.0000000e-03
   1.0145560e+06  -5.0000000e-03
   1.0159160e+06  -5.0000000e-03
   1.0172760e+06  -5.0000000e-03
   1.0186360e+06  -5.0000000e-03
   1.0199960e+06  -5.0000000e-03
   1.0213560e+06  -5.0000000e-03
   1.0227160e+06  -5.0000000e-03
   1.0240760e+06   5.0000000e-03
   1.0254360e+06   5.0000000e-03
   1.0267960e+06   5.0000000e-03
   1.0281560e+06   5.0000000e-03
   1.0295160e+06   5.0000000e-03
   1.0308760e+06  -5.0000000e-03
   1.0322360e+06  -5.0000000e-03
   1.0335960e+06  -5.0000000e-03
   1.0349560e+06  -5.0000000e-03
   1.0363160e+06  -5.0000000e-03
   1.0376760e+06  -5.0000000e-03
   1.0390360e+06   5.0000000e-03
   1.0403960e+06   5.0000000e-03
   1.0417560e+06   5.0000000e-03
   1.0431160e+06   5.0000000e-03
   1.0444800e+06   5.0000000e-03
   1.0458360e+06   5.0000000e-03
   1.0471960e+06  -5.0000000e-03
   1.0485560e+06  -5.0000000e-03
   1.0499160e+06  -5.0000000e-03
   1.0512760e+06  -5.0000000e-03
   1.0526360e+06  -5.0000000e-03
   1.0539960e+06  -5.0000000e-03
   1.0553560e+06  -5.0000000e-03
   1.0567160e+06   5.0000000e-03
   1.0580760e+06   5.0000000e-03
   1.0594360e+06   5.0000000e-03
   1.0607960e+06   5.0000000e-03
   1.0621560e+06   5.0000000e-03
   1.0635160e+06  -5.0000000e-03
   1.0648760e+06  -5.0000000e-03
   1.0662360e+06  -5.0000000e-03
   1.0675960e+06  -5.0000000e-03
   1.0689560e+06  -5.0000000e-03
   1.0703160e+06  -5.0000000e-03
   1.0716760e+06  -5.0000000e-03
   1.0730360e+06   5.0000000e-03
   1.0743960e+06   5.0000000e-03
   1.0757560e+06   5.0000000e-03
   1.0771160e+06   5.0000000e-03
   1.0784760e+06  -5.0000000e-03
   1.0798360e+06  -5.0000000e-03
   1.0811960e+06  -5.0000000e-03
   1.0825560e+06  -1.5000000e-02
   1.0839160e+06  -5.0000000e-03
   1.0852760e+06  -5.0000000e-03
   1.0866360e+06  -5.0000000e-03
   1.0879960e+06  -5.0000000e-03
   1.0893560e+06  -5.0000000e-03
   1.0907160e+06   5.0000000e-03
   1.0920760e+06   5.0000000e-03
   1.0934360e+06  -5.0000000e-03
   1.0947960e+06  -5.0000000e-03
   1.0961560e+06  -5.0000000e-03
   1.0975160e+06  -5.0000000e-03
   1.0988760e+06  -1.5000000e-02
   1.1002360e+06  -1.5000000e-02
   1.1015960e+06  -1.5000000e-02
   1.1029560e+06  -5.0000000e-03
   1.1043160e+06  -5.0000000e-03
   1.1056760e+06  -5.0000000e-03
   1.1070360e+06   5.0000000e-03
   1.1083960e+06   5.0000000e-03
   1.1097560e+06   5.0000000e-03
   1.1111160e+06   5.0000000e-03
   1.1124760e+06  -5.0000000e-03
   1.1138360e+06  -5.0000000e-03
   1.1151960e+06  -1.5000000e-02
   1.1165560e+06  -5.0000000e-03
   1.1179160e+06  -5.0000000e-03
   1.1192760e+06  -5.0000000e-03
   1.1206360e+06  -5.0000000e-03
   1.1219960e+06  -5.0000000e-03
   1.1233560e+06   5.0000000e-03
   1.1247160e+06   5.0000000e-03
   1.1260760e+06   5.0000000e-03
   1.1274360e+06  -5.0000000e-03
   1.1287960e+06  -5.0000000e-03
   1.1301560e+06  -5.0000000e-03
   1.1315200e+06  -5.0000000e-03
   1.1328760e+06  -1.5000000e-02
   1.1342360e+06  -5.0000000e-03
   1.1355960e+06  -5.0000000e-03
   1.1369560e+06  -5.0000000e-03
   1.1383160e+06  -5.0000000e-03
   1.1396760e+06  -5.0000000e-03
   1.1410360e+06  -5.0000000e-03
   1.1423960e+06   5.0000000e-03
   1.1437560e+06   5.0000000e-03
   1.1451160e+06  -5.0000000e-03
   1.1464760e+06  -5.0000000e-03
   1.1478360e+06  -5.0000000e-03
   1.1491960e+06  -1.5000000e-02
   1.1505560e+06  -5.0000000e-03
   1.1519160e+06  -5.0000000e-03
   1.1532760e+06  -5.0000000e-03
   1.1546360e+06  -5.0000000e-03
   1.1559960e+06  -5.0000000e-03
   1.1573560e+06  -5.0000000e-03
   1.1587160e+06   5.0000000e-03
   1.1600760e+06   5.0000000e-03
   1.1614360e+06   5.0000000e-03
   1.1627960e+06  -5.0000000e-03
   1.1641560e+06  -5.0000000e-03
   1.1655160e+06  -1.5000000e-02
   1.1668760e+06  -5.0000000e-03
   1.1682360e+06  -5.0000000e-03
   1.1695960e+06  -5.0000000e-03
   1.1709560e+06  -5.0000000e-03
   1.1723160e+06  -5.0000000e-03
   1.1736760e+06   5.0000000e-03
   1.1750360e+06   5.0000000e-03
   1.1763960e+06  -5.0000000e-03
   1.1777560e+06   5.0000000e-03
   1.1791160e+06  -5.0000000e-03
   1.1804760e+06  -5.0000000e-03
   1.1818360e+06  -5.0000000e-03
   1.1831960e+06  -1.5000000e-02
   1.1845560e+06  -5.0000000e-03
   1.1859160e+06  -5.0000000e-03
   1.1872760e+06  -5.0000000e-03
   1.1886360e+06  -5.0000000e-03
   1.1899960e+06  -5.0000000e-03
   1.1913560e+06   5.0000000e-03
   1.1927160e+06   5.0000000e-03
   1.1940760e+06   5.0000000e-03
   1.1954360e+06  -5.0000000e-03
   1.1967960e+06  -5.0000000e-03
   1.1981560e+06  -5.0000000e-03
   1.1995160e+06  -5.0000000e-03
   1.2008760e+06  -5.0000000e-03
   1.2022360e+06  -1.5000000e-02
   1.2035960e+06  -5.0000000e-03
   1.2049560e+06  -5.0000000e-03
   1.2063160e+06   5.0000000e-03
   1.2076760e+06   5.0000000e-03
   1.2090360e+06   5.0000000e-03
   1.2103960e+06   5.0000000e-03
   1.2117560e+06   5.0000000e-03
   1.2131160e+06  -5.0000000e-03
   1.2144760e+06  -5.0000000e-03
   1.2158360e+06  -5.0000000e-03
   1.2171960e+06  -5.0000000e-03
   1.2185600e+06  -5.0000000e-03
   1.2199160e+06  -5.0000000e-03
   1.2212760e+06  -5.0000000e-03
   1.2226360e+06   5.0000000e-03
   1.2239960e+06   5.0000000e-03
   1.2253560e+06   5.0000000e-03
   1.2267160e+06   5.0000000e-03
   1.2280760e+06  -5.0000000e-03
   1.2294360e+06  -5.0000000e-03
   1.2307960e+06  -5.0000000e-03
   1.2321560e+06  -5.0000000e-03
   1.2335160e+06  -5.0000000e-03
   1.2348760e+06  -5.0000000e-03
   1.2362360e+06  -5.0000000e-03
   1.2375960e+06  -5.0000000e-03
   1.2389560e+06  -5.0000000e-03
   1.2403160e+06   5.0000000e-03
   1.2416760e+06   5.0000000e-03
   1.2430360e+06   5.0000000e-03
   1.2443960e+06   5.0000000e-03
   1.2457560e+06   5.0000000e-03
   1.2471160e+06  -5.0000000e-03
   1.2484760e+06  -5.0000000e-03
   1.2498360e+06  -5.0000000e-03
   1.2511960e+06  -5.0000000e-03
   1.2525560e+06  -5.0000000e-03
   1.2539160e+06  -5.0000000e-03
   1.2552760e+06  -5.0000000e-03
   1.2566360e+06   5.0000000e-03
   1.2579960e+06   5.0000000e-03
   1.2593560e+06   5.0000000e-03
   1.2607160e+06   5.0000000e-03
   1.2620760e+06   5.0000000e-03
   1.2634360e+06  -5.0000000e-03
   1.2647960e+06  -5.0000000e-03
   1.2661560e+06  -5.0000000e-03
   1.2675160e+06  -5.0000000e-03
   1.2688760e+06  -5.0000000e-03
   1.2702360e+06  -5.0000000e-03
   1.2715960e+06  -5.0000000e-03
   1.2729560e+06  -5.0000000e-03
   1.2743160e+06   5.0000000e-03
   1.2756760e+06   5.0000000e-03
   1.2770360e+06   5.0000000e-03
   1.2783960e+06  -5.0000000e-03
   1.2797560e+06  -5.0000000e-03
   1.2811160e+06  -5.0000000e-03
   1.2824760e+06  -5.0000000e-03
   1.2838360e+06  -5.0000000e-03
   1.2851960e+06  -5.0000000e-03
   1.2865560e+06  -5.0000000e-03
   1.2879160e+06  -5.0000000e-03
   1.2892760e+06   5.0000000e-03
   1.2906360e+06   5.0000000e-03
   1.2919960e+06   5.0000000e-03
   1.2933560e+06  -5.0000000e-03
   1.2947160e+06   5.0000000e-03
   1.2960760e+06  -5.0000000e-03
   1.2974360e+06  -5.0000000e-03
   1.2987960e+06  -1.5000000e-02
   1.3001560e+06  -5.0000000e-03
   1.3015160e+06  -5.0000000e-03
   1.3028760e+06  -5.0000000e-03
   1.3042360e+06  -5.0000000e-03
   1.3056000e+06  -5.0000000e-03
   1.3069560e+06  -5.0000000e-03
   1.3083160e+06   5.0000000e-03
   1.3096760e+06  -5.0000000e-03
   1.3110360e+06  -5.0000000e-03
   1.3123960e+06  -5.0000000e-03
   1.3137560e+06  -5.0000000e-03
   1.3151160e+06  -1.5000000e-02
   1.3164760e+06  -5.0000000e-03
   1.3178360e+06  -5.0000000e-03
   1.3191960e+06  -5.0000000e-03
   1.3205560e+06  -5.0000000e-03
   1.3219160e+06  -5.0000000e-03
   1.3232760e+06   5.0000000e-03
   1.3246360e+06   5.0000000e-03
   1.3259960e+06  -5.0000000e-03
   1.3273560e+06   5.0000000e-03
   1.3287160e+06   5.0000000e-03
   1.3300760e+06  -5.0000000e-03
   1.3314360e+06  -5.0000000e-03
   1.3327960e+06  -5.0000000e-03
   1.3341560e+06  -5.0000000e-03
   1.3355160e+06  -5.0000000e-03
   1.3368760e+06  -5.0000000e-03
   1.3382360e+06  -5.0000000e-03
   1.3395960e+06   5.0000000e-03
   1.3409560e+06   5.0000000e-03
   1.3423160e+06   5.0000000e-03
   1.3436760e+06   5.0000000e-03
   1.3450360e+06   5.0000000e-03
   1.3463960e+06   5.0000000e-03
   1.3477560e+06  -5.0000000e-03
   1.3491160e+06  -5.0000000e-03
   1.3504760e+06  -5.0000000e-03
