0 0.00 3.44
1 0.00 3.44
2 0.00 3.44
3 0.00 3.44
4 0.00 3.44
5 0.00 3.44
6 0.00 3.44
7 0.00 3.44
8 0.00 3.44
9 0.00 3.44
10 0.00 3.44
12 0.00 3.44
13 0.00 3.44
14 0.00 3.44
15 0.00 3.44
16 0.00 3.44
17 0.00 3.44
18 0.00 3.44
19 0.00 3.44
20 0.00 3.44
22 0.00 3.44
23 0.00 3.44
24 0.00 3.44
25 0.00 3.44
26 0.00 3.44
27 0.00 3.44
28 0.00 3.44
29 0.00 3.44
30 0.00 3.44
32 0.00 3.44
33 0.00 3.44
34 0.00 3.44
35 0.00 3.44
36 0.00 3.44
37 0.00 3.44
38 0.00 3.44
39 0.00 3.44
42 0.00 3.44
43 0.00 3.44
44 0.00 3.44
45 0.00 3.44
46 0.00 3.44
47 0.00 3.44
48 0.00 3.44
49 0.00 3.44
50 0.00 3.44
52 0.00 3.44
53 0.00 3.44
54 0.00 3.44
55 0.00 3.44
56 0.00 3.44
57 0.00 3.44
58 0.00 3.44
59 0.00 3.44
61 0.00 3.44
62 0.00 3.44
63 0.00 3.44
64 0.00 3.44
65 0.00 3.44
66 0.00 3.44
67 0.00 3.44
68 0.00 3.44
69 0.00 3.44
71 0.00 3.44
72 0.00 3.44
73 0.00 3.44
74 0.00 3.44
75 0.00 3.45
76 0.00 3.44
77 0.00 3.44
78 0.00 3.44
79 0.00 3.44
81 0.00 3.44
82 0.00 3.44
83 0.00 3.44
85 0.00 3.44
86 0.00 3.44
87 0.00 3.44
88 0.00 3.44
89 0.00 3.44
90 0.00 3.45
92 0.00 3.44
93 0.00 3.44
94 0.00 3.44
95 0.00 3.44
96 0.00 3.44
97 0.00 3.44
98 0.00 3.44
99 0.00 3.44
100 0.00 3.44
102 0.00 3.44
103 0.00 3.44
104 0.00 3.44
105 0.00 3.44
106 0.00 3.45
107 0.00 3.44
109 0.00 3.44
110 0.00 3.44
111 0.00 3.44
112 0.00 3.44
113 0.00 3.44
114 0.00 3.44
116 0.00 3.44
117 0.00 3.44
118 0.00 3.44
119 0.00 3.44
120 0.00 3.44
122 0.00 3.44
123 0.00 3.44
124 0.00 3.44
125 0.00 3.44
128 0.00 3.44
129 0.00 3.44
130 0.00 3.44
131 0.00 3.44
133 0.00 3.44
134 0.00 3.44
135 0.00 3.44
136 0.00 3.44
138 0.00 3.44
139 0.00 3.44
140 0.00 3.44
141 0.00 3.44
143 0.00 3.44
144 0.00 3.44
145 0.00 3.44
146 0.00 3.44
148 0.00 3.44
149 0.00 3.44
150 0.00 3.44
151 0.00 3.44
153 0.00 3.44
154 0.00 3.44
155 0.00 3.44
156 0.00 3.44
158 0.00 3.44
159 0.00 3.44
160 0.00 3.44
161 0.00 3.44
163 0.00 3.44
164 0.00 3.44
165 0.00 3.44
166 0.00 3.44
168 0.00 3.44
170 0.00 3.44
171 0.00 3.44
172 0.00 3.44
174 0.00 3.44
175 0.00 3.44
176 0.00 3.44
177 0.00 3.44
179 0.00 3.44
180 0.00 3.44
181 0.00 3.44
182 0.00 3.44
183 0.00 3.44
185 0.00 3.43
186 0.00 3.43
187 0.00 3.43
188 0.00 3.43
190 0.00 3.43
191 0.00 3.42
192 0.00 3.43
193 0.00 3.42
195 0.00 3.42
196 0.00 3.42
197 0.00 3.42
198 0.00 3.42
200 0.00 3.42
201 0.00 3.42
202 0.00 3.43
203 0.00 3.42
205 0.00 3.42
206 0.00 3.42
207 0.00 3.42
208 0.00 3.42
210 0.00 3.42
211 0.00 3.42
213 0.00 3.42
214 0.00 3.42
216 0.00 3.42
217 0.00 3.42
218 0.00 3.42
219 0.00 3.42
221 0.00 3.42
222 0.00 3.42
223 0.00 3.42
224 0.00 3.42
226 0.00 3.42
227 0.00 3.42
228 0.00 3.41
229 0.00 3.41
231 0.00 3.41
232 0.00 3.41
233 0.00 3.41
234 0.00 3.41
236 0.00 3.41
237 0.00 3.41
238 0.00 3.41
239 0.00 3.41
241 0.00 3.41
242 0.00 3.41
243 0.00 3.41
244 0.00 3.41
245 0.00 3.41
247 0.00 3.41
248 0.00 3.41
249 0.00 3.41
250 0.00 3.41
252 0.00 3.41
253 0.00 3.41
254 0.00 3.41
256 0.00 3.41
258 0.00 3.41
259 0.00 3.41
260 0.00 3.41
261 0.00 3.41
263 0.00 3.41
264 0.00 3.41
265 0.00 3.41
266 0.00 3.41
268 0.00 3.41
269 0.00 3.41
270 0.00 3.41
271 0.00 3.41
273 0.00 3.41
274 0.00 3.41
275 0.00 3.41
276 0.00 3.41
278 0.00 3.41
279 0.00 3.41
280 0.00 3.41
281 0.00 3.41
283 0.00 3.41
284 0.00 3.41
285 0.00 3.41
286 0.00 3.41
288 0.00 3.41
289 0.00 3.41
290 0.00 3.41
291 0.00 3.40
293 0.00 3.41
294 0.00 3.41
295 0.00 3.41
296 0.00 3.41
299 0.00 3.41
300 0.00 3.41
301 0.00 3.41
302 0.00 3.40
304 0.00 3.41
305 0.00 3.41
306 0.00 3.40
307 0.00 3.41
309 0.00 3.41
310 0.00 3.40
311 0.00 3.40
312 0.00 3.40
313 0.00 3.40
315 0.00 3.41
316 0.00 3.40
317 0.00 3.41
318 0.00 3.41
320 0.00 3.40
321 0.00 3.40
322 0.00 3.40
323 0.00 3.40
325 0.00 3.40
326 0.00 3.40
327 0.00 3.41
328 0.00 3.40
330 0.00 3.40
331 0.00 3.40
332 0.00 3.40
333 0.00 3.40
335 0.00 3.40
336 0.00 3.40
337 0.00 3.40
338 0.00 3.40
341 0.00 3.40
342 0.00 3.40
343 0.00 3.40
344 0.00 3.40
346 0.00 3.40
347 0.00 3.40
348 0.00 3.40
349 0.00 3.40
351 0.00 3.40
352 0.00 3.40
353 0.00 3.40
354 0.00 3.40
356 0.00 3.40
357 0.00 3.40
358 0.00 3.40
359 0.00 3.40
361 0.00 3.40
362 0.00 3.40
363 0.00 3.40
364 0.00 3.40
366 0.00 3.40
367 0.00 3.40
368 0.00 3.40
369 0.00 3.40
371 0.00 3.40
372 0.00 3.40
373 0.00 3.40
374 0.00 3.40
375 0.00 3.40
377 0.00 3.40
378 0.00 3.40
379 0.00 3.40
380 0.00 3.40
382 0.00 3.40
384 0.00 3.40
385 0.00 3.40
386 0.00 3.40
388 0.00 3.40
389 0.00 3.40
390 0.00 3.40
391 0.00 3.40
393 0.00 3.40
394 0.00 3.40
395 0.00 3.40
396 0.00 3.40
398 0.00 3.40
399 0.00 3.40
400 0.00 3.40
401 0.00 3.40
403 0.00 3.40
404 0.00 3.40
405 0.00 3.40
406 0.00 3.41
408 0.00 3.40
409 0.00 3.40
410 0.00 3.40
411 0.00 3.40
413 0.00 3.40
414 0.00 3.40
415 0.00 3.40
416 0.00 3.40
418 0.00 3.40
419 0.00 3.41
420 0.00 3.40
421 0.00 3.40
423 0.00 3.40
424 0.00 3.40
426 0.00 3.40
427 0.00 3.40
429 0.00 3.40
430 0.00 3.40
431 0.00 3.40
432 0.00 3.40
434 0.00 3.40
435 0.00 3.40
436 0.00 3.40
437 0.00 3.40
439 0.00 3.40
440 0.00 3.40
441 0.00 3.40
442 0.00 3.39
443 0.00 3.40
445 0.00 3.39
446 0.00 3.40
447 0.00 3.39
448 0.00 3.39
450 0.00 3.40
451 0.00 3.40
452 0.00 3.40
453 0.00 3.40
455 0.00 3.40
456 0.00 3.40
457 0.00 3.39
458 0.00 3.39
460 0.00 3.39
461 0.00 3.40
462 0.00 3.39
463 0.00 3.40
465 0.00 3.39
466 0.00 3.40
467 0.00 3.39
469 0.00 3.40
471 0.00 3.39
472 0.00 3.40
473 0.00 3.39
474 0.00 3.40
476 0.00 3.40
477 0.00 3.40
478 0.00 3.40
479 0.00 3.40
481 0.00 3.40
482 0.00 3.40
483 0.00 3.40
484 0.00 3.40
486 0.00 3.40
487 0.00 3.39
488 0.00 3.39
489 0.00 3.39
491 0.00 3.39
492 0.00 3.39
493 0.00 3.39
494 0.00 3.40
496 0.00 3.39
497 0.00 3.40
498 0.00 3.39
499 0.00 3.40
501 0.00 3.39
502 0.00 3.39
503 0.00 3.39
504 0.00 3.40
505 0.00 3.39
507 0.00 3.39
508 0.00 3.39
509 0.00 3.40
510 0.00 3.40
513 0.00 3.40
514 0.00 3.40
515 0.00 3.40
516 0.00 3.40
518 0.00 3.40
519 0.00 3.40
520 0.00 3.40
521 0.00 3.40
523 0.00 3.40
524 0.00 3.39
525 0.00 3.39
526 0.00 3.40
528 0.00 3.40
529 0.00 3.40
530 0.00 3.39
531 0.00 3.39
533 0.00 3.39
534 0.00 3.40
535 0.00 3.39
536 0.00 3.39
538 0.00 3.39
539 0.00 3.39
540 0.00 3.39
541 0.00 3.39
543 0.00 3.39
544 0.00 3.39
545 0.00 3.39
546 0.00 3.39
548 0.00 3.39
549 0.00 3.39
550 0.00 3.39
551 0.00 3.39
554 0.00 3.39
555 0.00 3.39
556 0.00 3.39
557 0.00 3.39
559 0.00 3.39
560 0.00 3.39
561 0.00 3.39
562 0.00 3.39
564 0.00 3.39
565 0.00 3.39
566 0.00 3.39
567 0.00 3.39
569 0.00 3.39
570 0.00 3.39
571 0.00 3.39
572 0.00 3.39
573 0.00 3.39
575 0.00 3.39
576 0.00 3.39
577 0.00 3.39
578 0.00 3.39
580 0.00 3.39
581 0.00 3.39
582 0.00 3.39
583 0.00 3.39
585 0.00 3.39
586 0.00 3.39
587 0.00 3.39
588 0.00 3.39
590 0.00 3.39
591 0.00 3.39
592 0.00 3.39
593 0.00 3.39
595 0.00 3.39
597 0.00 3.39
598 0.00 3.39
599 0.00 3.39
601 0.00 3.39
602 0.00 3.40
603 0.00 3.40
604 0.00 3.39
606 0.00 3.39
607 0.00 3.39
608 0.00 3.39
609 0.00 3.39
611 0.00 3.39
612 0.00 3.39
613 0.00 3.39
614 0.00 3.39
616 0.00 3.39
617 0.00 3.39
618 0.00 3.39
619 0.00 3.39
621 0.00 3.40
622 0.00 3.42
623 0.00 3.39
624 0.00 3.41
626 0.00 3.41
627 0.00 3.39
628 0.00 3.39
629 0.00 3.40
631 0.00 3.39
632 0.00 3.39
633 0.00 3.39
634 0.00 3.39
636 0.00 3.39
637 0.00 3.39
638 0.00 3.39
640 0.00 3.39
641 0.00 3.39
643 0.00 3.39
644 0.00 3.39
645 0.00 3.39
646 0.00 3.41
648 0.00 3.39
649 0.00 3.39
650 0.00 3.39
651 0.00 3.39
653 0.00 3.39
654 0.00 3.39
655 0.00 3.39
656 0.00 3.39
658 0.00 3.39
659 0.00 3.39
660 0.00 3.39
661 0.00 3.39
663 0.00 3.39
664 0.00 3.39
665 0.00 3.39
666 0.00 3.39
668 0.00 3.39
669 0.00 3.39
670 0.00 3.39
671 0.00 3.39
673 0.00 3.39
674 0.00 3.39
675 0.00 3.39
676 0.00 3.39
678 0.00 3.39
679 0.00 3.39
680 0.00 3.39
682 0.00 3.39
684 0.00 3.39
685 0.00 3.39
686 0.00 3.39
687 0.00 3.39
689 0.00 3.39
690 0.00 3.39
691 0.00 3.39
692 0.00 3.39
694 0.00 3.39
695 0.00 3.39
696 0.00 3.39
697 0.00 3.39
699 0.00 3.39
700 0.00 3.39
701 0.00 3.39
702 0.00 3.39
703 0.00 3.39
705 0.00 3.39
706 0.00 3.39
707 0.00 3.39
708 0.00 3.39
710 0.00 3.39
711 0.00 3.39
712 0.00 3.39
713 0.00 3.39
715 0.00 3.38
716 0.00 3.39
717 0.00 3.39
718 0.00 3.39
720 0.00 3.38
721 0.00 3.38
722 0.00 3.39
723 0.00 3.38
726 0.00 3.39
727 0.00 3.39
728 0.00 3.39
729 0.00 3.39
731 0.00 3.39
732 0.00 3.39
733 0.00 3.39
734 0.00 3.39
736 0.00 3.39
737 0.00 3.39
738 0.00 3.39
739 0.00 3.39
741 0.00 3.39
742 0.00 3.39
743 0.00 3.38
744 0.00 3.38
746 0.00 3.39
747 0.00 3.39
748 0.00 3.39
749 0.00 3.39
751 0.00 3.39
752 0.00 3.39
753 0.00 3.38
754 0.00 3.39
756 0.00 3.39
757 0.00 3.38
758 0.00 3.39
759 0.00 3.38
761 0.00 3.38
762 0.00 3.39
763 0.00 3.39
764 0.00 3.39
766 0.00 3.39
768 0.00 3.39
769 0.00 3.38
770 0.00 3.38
771 0.00 3.38
773 0.00 3.38
774 0.00 3.39
775 0.00 3.38
776 0.00 3.38
778 0.00 3.38
779 0.00 3.38
780 0.00 3.38
781 0.00 3.38
783 0.00 3.38
784 0.00 3.38
785 0.00 3.38
786 0.00 3.38
788 0.00 3.38
789 0.00 3.38
790 0.00 3.38
791 0.00 3.38
793 0.00 3.38
794 0.00 3.38
795 0.00 3.38
796 0.00 3.38
798 0.00 3.38
799 0.00 3.38
800 0.00 3.38
801 0.00 3.38
803 0.00 3.38
804 0.00 3.38
805 0.00 3.38
806 0.00 3.38
808 0.00 3.38
810 0.00 3.38
811 0.00 3.38
812 0.00 3.38
814 0.00 3.38
815 0.00 3.38
816 0.00 3.38
817 0.00 3.38
819 0.00 3.38
820 0.00 3.38
821 0.00 3.38
822 0.00 3.38
824 0.00 3.38
825 0.00 3.38
826 0.00 3.38
827 0.00 3.38
829 0.00 3.38
830 0.00 3.38
831 0.00 3.38
832 0.00 3.38
833 0.00 3.38
835 0.00 3.38
836 0.00 3.38
837 0.00 3.38
838 0.00 3.38
840 0.00 3.38
841 0.00 3.38
842 0.00 3.38
843 0.00 3.38
845 0.00 3.39
846 0.00 3.39
847 0.00 3.38
848 0.00 3.38
850 0.00 3.38
851 0.00 3.38
853 0.00 3.38
854 0.00 3.38
856 0.00 3.38
857 0.00 3.38
858 0.00 3.38
859 0.00 3.39
861 0.00 3.38
862 0.00 3.38
863 0.00 3.38
864 0.00 3.38
866 0.00 3.38
867 0.00 3.38
868 0.00 3.38
869 0.00 3.38
871 0.00 3.38
872 0.00 3.38
873 0.00 3.38
874 0.00 3.38
876 0.00 3.38
877 0.00 3.38
878 0.00 3.38
879 0.00 3.38
881 0.00 3.38
882 0.00 3.38
883 0.00 3.38
884 0.00 3.38
886 0.00 3.38
887 0.00 3.38
888 0.00 3.38
889 0.00 3.38
891 0.00 3.38
892 0.00 3.38
893 0.00 3.38
894 0.00 3.38
897 0.00 3.38
898 0.00 3.38
899 0.00 3.38
900 0.00 3.38
901 0.00 3.38
903 0.00 3.38
904 0.00 3.38
905 0.00 3.38
906 0.00 3.38
908 0.00 3.38
909 0.00 3.38
910 0.00 3.38
911 0.00 3.38
913 0.00 3.38
914 0.00 3.38
915 0.00 3.38
916 0.00 3.38
918 0.00 3.38
919 0.00 3.38
920 0.00 3.38
921 0.00 3.38
923 0.00 3.38
924 0.00 3.38
925 0.00 3.38
926 0.00 3.38
928 0.00 3.38
929 0.00 3.37
930 0.00 3.38
931 0.00 3.38
933 0.00 3.38
934 0.00 3.38
935 0.00 3.38
936 0.00 3.38
939 0.00 3.38
940 0.00 3.38
941 0.00 3.38
942 0.00 3.37
944 0.00 3.37
945 0.00 3.37
946 0.00 3.38
947 0.00 3.37
949 0.00 3.38
950 0.00 1.96
951 2.33 4.13
952 0.00 4.99
954 2.97 2.11
955 0.00 5.00
956 0.00 2.58
957 2.73 3.81
959 0.00 3.39
960 2.57 2.66
961 0.00 3.89
962 0.72 2.74
963 1.54 3.45
965 0.01 2.95
966 1.63 3.36
967 0.00 3.95
968 1.07 3.05
970 0.00 4.06
971 0.00 3.22
972 0.77 3.48
973 0.00 3.91
975 0.47 3.01
976 0.87 3.48
977 0.00 3.51
978 1.44 3.07
981 0.00 3.68
982 0.37 3.08
983 0.93 3.31
984 0.00 3.58
986 0.00 3.48
987 0.01 3.54
988 0.00 3.52
989 0.00 3.48
991 0.00 3.50
992 0.00 3.56
993 0.11 3.38
994 0.36 3.36
996 0.00 3.39
997 0.25 3.31
998 0.60 3.38
999 0.00 3.53
1001 0.14 3.31
1002 0.00 3.52
1003 0.00 3.53
1005 0.00 3.47
1006 0.00 3.43
1007 0.00 3.46
1009 0.39 3.30
1010 0.03 3.46
1011 0.00 3.48
1013 0.00 3.47
1014 0.01 3.31
1015 0.00 3.47
1017 0.14 3.41
1018 0.03 3.48
1019 0.04 3.45
1021 0.00 3.51
1022 0.06 3.31
1024 0.00 3.40
1026 0.10 3.42
1027 0.00 3.51
1028 0.04 3.41
1029 0.00 3.48
1031 0.00 3.39
1032 0.07 3.40
1033 0.19 3.43
1035 0.00 3.52
1036 0.00 3.43
1037 0.00 3.40
1039 0.00 3.41
1040 0.00 3.44
1041 0.16 3.43
1043 0.00 3.49
1044 0.00 3.48
1045 0.00 3.40
1047 0.04 3.38
1048 0.03 3.46
1049 0.02 3.47
1051 0.02 3.45
1052 0.00 3.46
1053 0.00 3.43
1055 0.04 3.40
1056 0.14 3.44
1057 0.00 3.50
1059 0.00 3.46
1060 0.00 3.43
1061 0.00 3.42
1063 0.00 3.44
1064 0.14 3.43
1066 0.00 3.49
1068 0.00 3.48
1069 0.00 3.44
1070 0.03 3.40
1072 0.00 3.46
1073 0.05 3.47
1074 0.00 3.47
1076 0.00 3.46
1077 0.00 3.45
1078 0.02 3.41
1080 0.06 3.44
1081 0.00 3.48
1082 0.00 3.48
1084 0.00 3.44
1085 0.00 3.44
1086 0.00 3.44
1088 0.05 3.45
1089 0.03 3.47
1090 0.00 3.49
1092 0.00 3.44
1093 0.00 3.42
1094 0.00 3.44
1096 0.00 3.47
1097 0.00 3.46
1098 0.00 3.46
1100 0.00 3.45
1101 0.00 3.43
1102 0.04 3.43
1104 0.00 3.47
1105 0.00 3.48
1106 0.00 3.45
1109 0.00 3.43
1110 0.00 3.44
1111 0.01 3.44
1113 0.02 3.46
1114 0.00 3.48
1115 0.00 3.46
1116 0.00 3.43
1118 0.00 3.43
1119 0.00 3.46
1120 0.00 3.47
1122 0.00 3.46
1123 0.00 3.45
1124 0.00 3.44
1126 0.00 3.43
1127 0.00 3.46
1128 0.00 3.47
1130 0.00 3.46
1131 0.00 3.44
1132 0.00 3.44
1134 0.00 3.44
1135 0.01 3.45
1136 0.00 3.47
1138 0.00 3.46
1139 0.00 3.43
1140 0.00 3.43
1142 0.00 3.45
1143 0.00 3.46
1144 0.00 3.45
1146 0.00 3.45
1147 0.00 3.44
1148 0.00 3.43
1150 0.01 3.44
1152 0.00 3.47
1153 0.00 3.46
1155 0.00 3.44
1156 0.00 3.43
1157 0.00 3.44
1159 0.01 3.44
1160 0.00 3.46
1161 0.00 3.46
1163 0.00 3.44
1164 0.00 3.43
1165 0.00 3.44
1167 0.00 3.46
1168 0.00 3.46
1169 0.00 3.45
1171 0.00 3.44
1172 0.00 3.43
1173 0.00 3.44
1175 0.00 3.46
1176 0.00 3.46
1177 0.00 3.46
1179 0.00 3.44
1180 0.00 3.44
1181 0.00 3.45
1183 0.00 3.46
1184 0.00 3.46
1185 0.00 3.45
1187 0.00 3.44
1188 0.00 3.44
1189 0.00 3.46
1191 0.00 3.46
1192 0.00 3.45
1194 0.00 3.45
1196 0.00 3.44
1197 0.00 3.44
1198 0.00 3.45
1200 0.00 3.46
1201 0.00 3.45
1202 0.00 3.44
1203 0.00 3.44
1205 0.00 3.44
1206 0.00 3.45
1207 0.00 3.46
1209 0.00 3.45
1210 0.00 3.44
1211 0.00 3.44
1213 0.00 3.45
1214 0.00 3.45
1215 0.00 3.45
1217 0.00 3.45
1218 0.00 3.44
1219 0.00 3.44
1221 0.00 3.45
1222 0.00 3.46
1223 0.00 3.46
1225 0.00 3.44
1226 0.00 3.44
1227 0.00 3.44
1229 0.00 3.45
1230 0.00 3.45
1231 0.00 3.45
1233 0.00 3.44
1234 0.00 3.44
1235 0.00 3.44
1238 0.00 3.45
1239 0.00 3.45
1240 0.00 3.45
1242 0.00 3.45
1243 0.00 3.44
1244 0.00 3.44
1246 0.00 3.45
1247 0.00 3.46
1248 0.00 3.45
1250 0.00 3.44
1251 0.00 3.44
1252 0.00 3.45
1254 0.00 3.45
1255 0.00 3.45
1256 0.00 3.45
1258 0.00 3.44
1259 0.00 3.44
1260 0.00 3.45
1262 0.00 3.45
1263 0.00 3.45
1264 0.00 3.44
1266 0.00 3.44
1267 0.00 3.44
1268 0.00 3.45
1270 0.00 3.45
1271 0.00 3.45
1272 0.00 3.44
1274 0.00 3.44
1275 0.00 3.45
1276 0.00 3.45
1278 0.00 3.45
1280 0.00 3.45
1281 0.00 3.44
1283 0.00 3.44
1284 0.00 3.45
1285 0.00 3.45
1287 0.00 3.46
1288 0.00 3.45
1289 0.00 3.44
1290 0.00 3.44
1292 0.00 3.45
1293 0.00 3.45
1294 0.00 3.45
1296 0.00 3.44
1297 0.00 3.44
1298 0.00 3.45
1300 0.00 3.45
1301 0.00 3.45
1302 0.00 3.45
1304 0.00 3.44
1305 0.00 3.44
1306 0.00 3.45
1308 0.00 3.45
1309 0.00 3.45
1310 0.00 3.45
1312 0.00 3.44
1313 0.00 3.44
1314 0.00 3.44
1316 0.00 3.45
1317 0.00 3.45
1318 0.00 3.45
1320 0.00 3.44
1322 0.00 3.44
1323 0.00 3.45
1325 0.00 3.45
1326 0.00 3.45
1327 0.00 3.44
1329 0.00 3.44
1330 0.00 3.44
1331 0.00 3.45
1333 0.00 3.45
1334 0.00 3.45
1335 0.00 3.44
1337 0.00 3.44
1338 0.00 3.44
1339 0.00 3.45
1341 0.00 3.45
1342 0.00 3.45
1343 0.00 3.44
1345 0.00 3.44
1346 0.00 3.45
1347 0.00 3.45
1349 0.00 3.45
1350 0.00 3.45
1351 0.00 3.45
1353 0.00 3.44
1354 0.00 3.45
1355 0.00 3.45
1357 0.00 3.45
1358 0.00 3.45
1359 0.00 3.45
1361 0.00 3.44
1362 0.00 3.45
1363 0.00 3.45
1366 0.00 3.45
1367 0.00 3.45
1368 0.00 3.44
1370 0.00 3.45
1371 0.00 3.45
1372 0.00 3.45
1374 0.00 3.45
1375 0.00 3.45
1376 0.00 3.44
1377 0.00 3.45
1379 0.00 3.45
1380 0.00 3.45
1381 0.00 3.45
1383 0.00 3.45
1384 0.00 3.45
1385 0.00 3.45
1387 0.00 3.45
1388 0.00 3.45
1389 0.00 3.45
1391 0.00 3.45
1392 0.00 3.45
1393 0.00 3.45
1395 0.00 3.45
1396 0.00 3.45
1397 0.00 3.45
1399 0.00 3.45
1400 0.00 3.45
1401 0.00 3.45
1403 0.00 3.45
1404 0.00 3.45
1405 0.00 3.45
1408 0.00 3.45
1409 0.00 3.45
1410 0.00 3.45
1412 0.00 3.45
1413 0.00 3.45
1414 0.00 3.45
1416 0.00 3.44
1417 0.00 3.45
1418 0.00 3.45
1420 0.00 3.45
1421 0.00 3.45
1422 0.00 3.45
1424 0.00 3.45
1425 0.00 3.45
1426 0.00 3.45
1428 0.00 3.45
1429 0.00 3.45
1430 0.00 3.44
1432 0.00 3.44
1433 0.00 3.45
1434 0.00 3.45
1436 0.00 3.45
1437 0.00 3.45
1438 0.00 3.45
1440 0.00 3.45
1441 0.00 3.45
1442 0.00 3.45
1444 0.00 3.45
1445 0.00 3.45
1446 0.00 3.45
1448 0.00 3.45
1450 0.00 3.45
1451 0.00 3.45
1453 0.00 3.45
1454 0.00 3.45
1455 0.00 3.45
1457 0.00 3.45
1458 0.00 3.45
1459 0.00 3.45
1461 0.00 3.45
1462 0.00 3.44
1463 0.00 3.44
1464 0.00 3.45
1466 0.00 3.45
1467 0.00 3.45
1468 0.00 3.45
1470 0.00 3.45
1471 0.00 3.45
1472 0.00 3.45
1474 0.00 3.45
1475 0.00 3.45
1476 0.00 3.45
1478 0.00 3.45
1479 0.00 3.44
1480 0.00 3.45
1482 0.00 3.45
1483 0.00 3.45
1484 0.00 3.45
1486 0.00 3.45
1487 0.00 3.45
1488 0.00 3.45
1490 0.00 3.45
1491 0.00 3.45
1493 0.00 3.45
1495 0.00 3.45
1496 0.00 3.45
1497 0.00 3.45
1499 0.00 3.45
1500 0.00 3.45
1501 0.00 3.45
1503 0.00 3.45
1504 0.00 3.45
1505 0.00 3.46
1507 0.00 3.46
1508 0.00 3.45
1509 0.00 3.45
1511 0.00 3.45
1512 0.00 3.45
1513 0.00 3.45
1515 0.00 3.45
1516 0.00 3.45
1517 0.00 3.45
1519 0.00 3.45
1520 0.00 3.45
1521 0.00 3.45
1523 0.00 3.45
1524 0.00 3.45
1525 0.00 3.45
1527 0.00 3.45
1528 0.00 3.45
1529 0.00 3.45
1531 0.00 3.45
1532 0.00 3.45
1533 0.00 3.45
1536 0.00 3.45
1537 0.00 3.45
1538 0.00 3.45
1540 0.00 3.45
1541 0.00 3.45
1542 0.00 3.45
1544 0.00 3.45
1545 0.00 3.45
1546 0.00 3.45
1548 0.00 3.45
1549 0.00 3.45
1550 0.00 3.45
1551 0.00 3.45
1553 0.00 3.45
1554 0.00 3.45
1555 0.00 3.45
1557 0.00 3.45
1558 0.00 3.45
1559 0.00 3.45
1561 0.00 3.45
1562 0.00 3.45
1563 0.00 3.45
1565 0.00 3.45
1566 0.00 3.45
1567 0.00 3.45
1569 0.00 3.45
1570 0.00 3.45
1571 0.00 3.45
1573 0.00 3.45
1574 0.00 3.45
1575 0.00 3.45
1578 0.00 3.45
1579 0.00 3.45
1580 0.00 3.45
1582 0.00 3.45
1583 0.00 3.45
1584 0.00 3.45
1586 0.00 3.45
1587 0.00 3.45
1588 0.00 3.45
1590 0.00 3.45
1591 0.00 3.45
1592 0.00 3.45
1594 0.00 3.45
1595 0.00 3.45
1596 0.00 3.45
1598 0.00 3.45
1599 0.00 3.45
1600 0.00 3.45
1602 0.00 3.45
1603 0.00 3.45
1604 0.00 3.45
1606 0.00 3.45
1607 0.00 3.45
1608 0.00 3.45
1610 0.00 3.45
1611 0.00 3.45
1612 0.00 3.45
1614 0.00 3.45
1615 0.00 3.45
1616 0.00 3.45
1618 0.00 3.45
1619 0.00 3.45
1621 0.00 3.45
1623 0.00 3.45
1624 0.00 3.45
1625 0.00 3.45
1627 0.00 3.45
1628 0.00 3.45
1629 0.00 3.45
1631 0.00 3.45
1632 0.00 3.45
1633 0.00 3.45
1635 0.00 3.45
1636 0.00 3.45
1637 0.00 3.45
1638 0.00 3.45
1640 0.00 3.45
1641 0.00 3.45
1642 0.00 3.45
1644 0.00 3.45
1645 0.00 3.45
1646 0.00 3.46
1648 0.00 3.45
1649 0.00 3.45
1650 0.00 3.45
1652 0.00 3.45
1653 0.00 3.45
1654 0.00 3.45
1656 0.00 3.45
1657 0.00 3.45
1658 0.00 3.45
1660 0.00 3.45
1661 0.00 3.45
1662 0.00 3.45
1665 0.00 3.45
1666 0.00 3.45
1667 0.00 3.45
1669 0.00 3.45
1670 0.00 3.45
1671 0.00 3.45
1673 0.00 3.45
1674 0.00 3.45
1675 0.00 3.45
1677 0.00 3.45
1678 0.00 3.45
1679 0.00 3.45
1681 0.00 3.45
1682 0.00 3.45
1683 0.00 3.45
1685 0.00 3.45
1686 0.00 3.45
1687 0.00 3.45
1689 0.00 3.45
1690 0.00 3.45
1691 0.00 3.45
1693 0.00 3.45
1694 0.00 3.45
1695 0.00 3.45
1697 0.00 3.45
1698 0.00 3.45
1699 0.00 3.45
1701 0.00 3.45
1702 0.00 3.45
1703 0.00 3.45
1706 0.00 3.45
1707 0.00 3.45
1708 0.00 3.45
1710 0.00 3.45
1711 0.00 3.45
1712 0.00 3.45
1714 0.00 3.45
1715 0.00 3.45
1716 0.00 3.46
1718 0.00 3.45
1719 0.00 3.45
1720 0.00 3.46
1722 0.00 3.45
1723 0.00 3.45
1724 0.00 3.45
1725 0.00 3.45
1727 0.00 3.46
1728 0.00 3.45
1729 0.00 3.45
1731 0.00 3.45
1732 0.00 3.45
1733 0.00 3.45
1735 0.00 3.45
1736 0.00 3.45
1737 0.00 3.45
1739 0.00 3.45
1740 0.00 3.45
1741 0.00 3.45
1743 0.00 3.45
1744 0.00 3.45
1745 0.00 3.45
1747 0.00 3.45
1749 0.00 3.45
1750 0.00 3.45
1752 0.00 3.45
1753 0.00 3.45
1754 0.00 3.45
1756 0.00 3.45
1757 0.00 3.45
1758 0.00 3.45
1760 0.00 3.45
1761 0.00 3.45
1762 0.00 3.45
1764 0.00 3.45
1765 0.00 3.45
1766 0.00 3.45
1768 0.00 3.46
1769 0.00 3.45
1770 0.00 3.45
1772 0.00 3.45
1773 0.00 3.45
1774 0.00 3.45
1776 0.00 3.45
1777 0.00 3.45
1778 0.00 3.45
1780 0.00 3.45
1781 0.00 3.45
1782 0.00 3.45
1784 0.00 3.45
1785 0.00 3.45
1786 0.00 3.45
1788 0.00 3.45
1789 0.00 3.45
1790 0.00 3.45
1793 0.00 3.45
1794 0.00 3.45
1795 0.00 3.45
1797 0.00 3.45
1798 0.00 3.45
1799 0.00 3.45
1801 0.00 3.45
1802 0.00 3.45
1803 0.00 3.45
1805 0.00 3.45
1806 0.00 3.45
1807 0.00 3.45
1809 0.00 3.45
1810 0.00 3.45
1811 0.00 3.45
1812 0.00 3.45
1814 0.00 3.45
1815 0.00 3.45
1816 0.00 3.45
1818 0.00 3.45
1819 0.00 3.45
1820 0.00 3.45
1822 0.00 3.45
1823 0.00 3.45
1824 0.00 3.45
1826 0.00 3.46
1827 0.00 3.45
1828 0.00 3.45
1830 0.00 3.45
1831 0.00 3.45
1832 0.00 3.45
1835 0.00 3.45
1836 0.00 3.45
1837 0.00 3.45
1839 0.00 3.45
1840 0.00 3.45
1841 0.00 3.45
1843 0.00 3.45
1844 0.00 3.45
1845 0.00 3.45
1847 0.00 3.46
1848 0.00 3.45
1849 0.00 3.45
1851 0.00 3.45
1852 0.00 3.45
1853 0.00 3.45
1855 0.00 3.45
1856 0.00 3.45
1857 0.00 3.45
1859 0.00 3.45
1860 0.00 3.45
1861 0.00 3.45
1863 0.00 3.45
1864 0.00 3.45
1865 0.00 3.45
1867 0.00 3.45
1868 0.00 3.45
1869 0.00 3.45
1871 0.00 3.45
1872 0.00 3.45
1873 0.00 3.45
1875 0.00 3.46
1877 0.00 3.46
1878 0.00 3.45
1880 0.00 3.45
1881 0.00 3.45
1882 0.00 3.46
1884 4.68 2.94
1885 2.87 2.37
1886 1.26 2.54
1888 0.00 2.84
1889 0.00 3.54
1890 0.00 3.87
1892 0.00 4.06
1893 0.00 4.22
1894 1.23 3.67
1896 1.00 3.48
1897 1.87 2.94
1898 0.41 3.18
1899 0.57 3.11
1901 0.00 3.61
1902 0.00 3.61
1903 0.00 3.79
1905 0.19 3.51
1906 0.37 3.71
1907 0.88 3.46
1909 0.50 3.50
1910 0.40 3.27
1911 0.00 3.41
1913 0.00 3.30
1914 0.00 3.56
1915 0.00 3.62
1917 0.00 3.70
1918 0.00 3.50
1920 0.12 3.48
1922 0.26 3.42
1923 0.43 3.45
1924 0.12 3.48
1926 0.00 3.53
1927 0.00 3.48
1928 0.00 3.44
1930 0.00 3.52
1931 0.14 3.55
1932 0.00 3.56
1934 0.00 3.48
1935 0.00 3.47
1936 0.08 3.38
1938 0.02 3.47
1939 0.08 3.51
1940 0.00 3.58
1942 0.00 3.46
1943 0.00 3.48
1944 0.03 3.43
1946 0.01 3.50
1947 0.14 3.48
1948 0.00 3.54
1950 0.00 3.43
1951 0.00 3.43
1952 0.03 3.41
1954 0.00 3.52
1955 0.00 3.48
1956 0.00 3.51
1958 0.00 3.43
1959 0.00 3.43
1960 0.10 3.40
1963 0.00 3.49
1964 0.00 3.48
1965 0.00 3.47
1967 0.00 3.42
1968 0.00 3.43
1969 0.04 3.43
1971 0.02 3.48
1972 0.00 3.48
1973 0.00 3.46
1975 0.00 3.40
1976 0.00 3.41
1977 0.01 3.45
1979 0.00 3.48
1980 0.00 3.46
1981 0.00 3.44
1983 0.00 3.41
1984 0.06 3.41
1985 0.05 3.45
1986 0.00 3.48
1988 0.00 3.46
1989 0.00 3.41
1990 0.00 3.42
1992 0.06 3.42
1993 0.05 3.46
1994 0.00 3.47
1996 0.00 3.46
1997 0.00 3.41
1998 0.00 3.41
2000 0.08 3.44
2001 0.02 3.47
2002 0.00 3.46
2005 0.00 3.45
2006 0.00 3.42
2007 0.03 3.42
2009 0.11 3.44
2010 0.00 3.48
2011 0.00 3.46
2013 0.00 3.44
2014 0.00 3.42
2015 0.04 3.44
2017 0.11 3.45
2018 0.01 3.48
2019 0.00 3.47
2021 0.00 3.44
2022 0.03 3.42
2023 0.06 3.45
2025 0.06 3.47
2026 0.00 3.48
2027 0.00 3.46
2029 0.00 3.44
2030 0.03 3.43
2031 0.08 3.45
2033 0.04 3.48
2034 0.00 3.48
2035 0.00 3.45
2037 0.00 3.44
2038 0.02 3.45
2039 0.06 3.47
2041 0.02 3.48
2042 0.00 3.48
2043 0.00 3.46
2045 0.00 3.44
2046 0.03 3.46
2048 0.03 3.48
2050 0.00 3.48
2051 0.00 3.47
2052 0.00 3.46
2054 0.00 3.45
2055 0.03 3.46
2056 0.02 3.48
2058 0.00 3.48
2059 0.00 3.47
2060 0.00 3.45
2062 0.00 3.45
2063 0.01 3.47
2064 0.00 3.48
2066 0.00 3.48
2067 0.00 3.47
2068 0.00 3.45
2070 0.00 3.45
2071 0.00 3.47
2072 0.00 3.48
2073 0.00 3.47
2075 0.00 3.46
2076 0.00 3.45
2077 0.00 3.45
2079 0.00 3.47
2080 0.00 3.48
2081 0.00 3.47
2083 0.00 3.45
2084 0.00 3.45
2085 0.00 3.45
2087 0.00 3.47
2088 0.00 3.47
2090 0.00 3.46
2092 0.00 3.44
2093 0.00 3.44
2094 0.00 3.45
2096 0.00 3.47
2097 0.00 3.46
2098 0.00 3.45
2100 0.00 3.44
2101 0.00 3.44
2102 0.00 3.45
2104 0.00 3.47
2105 0.00 3.46
2106 0.00 3.45
2108 0.00 3.44
2109 0.00 3.45
2110 0.00 3.46
2112 0.00 3.46
2113 0.00 3.46
2114 0.00 3.44
2116 0.00 3.44
2117 0.00 3.45
2118 0.00 3.46
2120 0.00 3.46
2121 0.00 3.45
2122 0.00 3.44
2124 0.00 3.44
2125 0.00 3.45
2126 0.00 3.46
2128 0.00 3.46
2129 0.00 3.45
2130 0.00 3.44
2133 0.00 3.44
2134 0.00 3.45
2135 0.00 3.46
2137 0.00 3.46
2138 0.00 3.45
2139 0.00 3.44
2141 0.00 3.44
2142 0.00 3.46
2143 0.00 3.46
2145 0.00 3.45
2146 0.00 3.45
2147 0.00 3.44
2149 0.00 3.45
2150 0.00 3.46
2151 0.00 3.46
2153 0.00 3.45
2154 0.00 3.45
2155 0.00 3.44
2157 0.00 3.45
2158 0.00 3.46
2159 0.00 3.46
2160 0.00 3.45
2162 0.00 3.45
2163 0.00 3.45
2164 0.00 3.45
2166 0.00 3.47
2167 0.00 3.47
2168 0.00 3.45
2170 0.00 3.45
2171 0.00 3.45
2172 0.00 3.46
2174 0.00 3.46
2176 0.00 3.46
2177 0.00 3.45
2179 0.00 3.45
2180 0.00 3.45
2181 0.00 3.46
2183 0.00 3.46
2184 0.00 3.46
2185 0.00 3.45
2187 0.00 3.46
2188 0.00 3.46
2189 0.00 3.46
2191 0.00 3.46
2192 0.00 3.46
2193 0.00 3.45
2195 0.00 3.45
2196 0.00 3.46
2197 0.00 3.46
2199 0.00 3.46
2200 0.00 3.46
2201 0.00 3.45
2203 0.00 3.45
2204 0.00 3.46
2205 0.00 3.46
2207 0.00 3.46
2208 0.00 3.45
2209 0.00 3.45
2211 0.00 3.45
2212 0.00 3.46
2213 0.00 3.46
2215 0.00 3.46
2216 0.00 3.45
2218 0.00 3.45
2220 0.00 3.46
2221 0.00 3.46
2222 0.00 3.46
2224 0.00 3.46
2225 0.00 3.45
2226 0.00 3.45
2228 0.00 3.45
2229 0.00 3.46
2230 0.00 3.46
2232 0.00 3.45
2233 0.00 3.45
2234 0.00 3.45
2236 0.00 3.46
2237 0.00 3.46
2238 0.00 3.46
2240 0.00 3.45
2241 0.00 3.45
2242 0.00 3.45
2244 0.00 3.45
2245 0.00 3.46
2246 0.00 3.46
2247 0.00 3.45
2249 0.00 3.45
2250 0.00 3.45
2251 0.00 3.46
2253 0.00 3.46
2254 0.00 3.46
2255 0.00 3.45
2257 0.00 3.45
2258 0.00 3.45
2259 0.00 3.46
2262 0.00 3.45
2263 0.00 3.45
2264 0.00 3.45
2266 0.00 3.45
2267 0.00 3.46
2268 0.00 3.46
2270 0.00 3.46
2271 0.00 3.45
2272 0.00 3.45
2274 0.00 3.45
2275 0.00 3.46
2276 0.00 3.46
2278 0.00 3.45
2279 0.00 3.46
2280 0.00 3.45
2282 0.00 3.46
2283 0.00 3.45
2284 0.00 3.46
2286 0.00 3.45
2287 0.00 3.45
2288 0.00 3.45
2290 0.00 3.45
2291 0.00 3.46
2292 0.00 3.45
2294 0.00 3.45
2295 0.00 3.45
2296 0.00 3.45
2298 0.00 3.45
2299 0.00 3.45
2300 0.00 3.45
2302 0.00 3.45
2304 0.00 3.45
2305 0.00 3.45
2307 0.00 3.46
2308 0.00 3.46
2309 0.00 3.46
2311 0.00 3.45
2312 0.00 3.45
2313 0.00 3.45
2315 0.00 3.45
2316 0.00 3.46
2317 0.00 3.46
2319 0.00 3.45
2320 0.00 3.45
2321 0.00 3.46
2323 0.00 3.46
2324 0.00 3.46
2325 0.00 3.46
2327 0.00 3.45
2328 0.00 3.45
2329 0.00 3.46
2331 0.00 3.46
2332 0.00 3.46
2333 0.00 3.46
2334 0.00 3.45
2336 0.00 3.45
2337 0.00 3.46
2338 0.00 3.46
2340 0.00 3.46
2341 0.00 3.45
2342 0.00 3.45
2344 0.00 3.45
2346 0.00 3.45
2347 0.00 3.46
2349 0.00 3.45
2350 0.00 3.45
2351 0.00 3.45
2353 0.00 3.45
2354 0.00 3.46
2355 0.00 3.46
2357 0.00 3.45
2358 0.00 3.45
2359 0.00 3.45
2361 0.00 3.45
2362 0.00 3.45
2363 0.00 3.45
2365 0.00 3.45
2366 0.00 3.45
2367 0.00 3.45
2369 0.00 3.46
2370 0.00 3.46
2371 0.00 3.46
2373 0.00 3.45
2374 0.00 3.45
2375 0.00 3.46
2377 0.00 3.46
2378 0.00 3.46
2379 0.00 3.45
2381 0.00 3.45
2382 0.00 3.45
2383 0.00 3.45
2385 0.00 3.46
2386 0.00 3.46
2387 0.00 3.45
2390 0.00 3.45
2391 0.00 3.45
2392 0.00 3.46
2394 0.00 3.45
2395 0.00 3.45
2396 0.00 3.45
2398 0.00 3.45
2399 0.00 3.45
2400 0.00 3.45
2402 0.00 3.45
2403 0.00 3.45
2404 0.00 3.45
2406 0.00 3.45
2407 0.00 3.46
2408 0.00 3.45
2410 0.00 3.45
2411 0.00 3.45
2412 0.00 3.45
2414 0.00 3.45
2415 0.00 3.45
2416 0.00 3.45
2418 0.00 3.45
2419 0.00 3.45
2420 0.00 3.45
2421 0.00 3.45
2423 0.00 3.45
2424 0.00 3.45
2425 0.00 3.45
2427 0.00 3.46
2428 0.00 3.45
2429 0.00 3.45
2432 0.00 3.45
2433 0.00 3.45
2434 0.00 3.45
2436 0.00 3.45
2437 0.00 3.45
2438 0.00 3.45
2440 0.00 3.45
2441 0.00 3.45
2442 0.00 3.45
2444 0.00 3.45
2445 0.00 3.45
2446 0.00 3.45
2448 0.00 3.45
2449 0.00 3.45
2450 0.00 3.45
2452 0.00 3.45
2453 0.00 3.45
2454 0.00 3.45
2456 0.00 3.45
2457 0.00 3.45
2458 0.00 3.45
2460 0.00 3.45
2461 0.00 3.45
2462 0.00 3.45
2464 0.00 3.45
2465 0.00 3.46
2466 0.00 3.45
2468 0.00 3.45
2469 0.00 3.45
2470 0.00 3.45
2472 0.00 3.45
2474 0.00 3.45
2475 0.00 3.45
2477 0.00 3.45
2478 0.00 3.45
2479 0.00 3.45
2481 0.00 3.45
2482 0.00 3.45
2483 0.00 3.45
2485 0.00 3.46
2486 0.00 3.46
2487 0.00 3.45
2489 0.00 3.45
2490 0.00 3.46
2491 0.00 3.45
2493 0.00 3.45
2494 0.00 3.45
2495 0.00 3.46
2497 0.00 3.45
2498 0.00 3.45
2499 0.00 3.46
2501 0.00 3.46
2502 0.00 3.46
2503 0.00 3.46
2505 0.00 3.45
2506 0.00 3.46
2507 0.00 3.46
2508 0.00 3.45
2510 0.00 3.45
2511 0.00 3.46
2512 0.00 3.45
2514 0.00 3.45
2515 0.00 3.45
2517 0.00 3.45
2519 0.00 3.45
2520 0.00 3.45
2521 0.00 3.45
2523 0.00 3.45
2524 0.00 3.45
2525 0.00 3.45
2527 0.00 3.45
2528 0.00 3.45
2529 0.00 3.45
2531 0.00 3.45
2532 0.00 3.45
2533 0.00 3.45
2535 0.00 3.45
2536 0.00 3.45
2537 0.00 3.45
2539 0.00 3.45
2540 0.00 3.45
2541 0.00 3.45
2543 0.00 3.45
2544 0.00 3.45
2545 0.00 3.45
2547 0.00 3.45
2548 0.00 3.45
2549 0.00 3.45
2551 0.00 3.45
2552 0.00 3.45
2553 0.00 3.45
2555 0.00 3.45
2556 0.00 3.46
2557 0.00 3.45
2560 0.00 3.45
2561 0.00 3.45
2562 0.00 3.45
2564 0.00 3.45
2565 0.00 3.45
2566 0.00 3.45
2568 0.00 3.45
2569 0.00 3.45
2570 0.00 3.45
2572 0.00 3.46
2573 0.00 3.45
2574 0.00 3.45
2576 0.00 3.45
2577 0.00 3.45
2578 0.00 3.45
2580 0.00 3.45
2581 0.00 3.45
2582 0.00 3.45
2584 0.00 3.45
2585 0.00 3.45
2586 0.00 3.45
2588 0.00 3.45
2589 0.00 3.45
2590 0.00 3.45
2592 0.00 3.45
2593 0.00 3.45
2594 0.00 3.46
2595 0.00 3.45
2597 0.00 3.45
2598 0.00 3.46
2599 0.00 3.45
2602 0.00 3.45
2603 0.00 3.46
2604 0.00 3.46
2606 0.00 3.46
2607 0.00 3.46
2608 0.00 3.46
2610 0.00 3.46
2611 0.00 3.46
2612 0.00 3.45
2614 0.00 3.45
2615 0.00 3.46
2616 0.00 3.45
2618 0.00 3.45
2619 0.00 3.45
2620 0.00 3.45
2622 0.00 3.45
2623 0.00 3.45
2624 0.00 3.45
2626 0.00 3.45
2627 0.00 3.46
2628 0.00 3.45
2630 0.00 3.45
2631 0.00 3.45
2632 0.00 3.45
2634 0.00 3.45
2635 0.00 3.46
2636 0.00 3.45
2638 0.00 3.45
2639 0.00 3.45
2640 0.00 3.45
2642 0.00 3.45
2643 0.00 3.45
2645 0.00 3.45
2647 0.00 3.45
2648 0.00 3.45
2649 0.00 3.45
2651 0.00 3.45
2652 0.00 3.46
2653 0.00 3.46
2655 0.00 3.45
2656 0.00 3.45
2657 0.00 3.45
2659 0.00 3.45
2660 0.00 3.45
2661 0.00 3.45
2663 0.00 3.45
2664 0.00 3.45
2665 0.00 3.45
2667 0.00 3.45
2668 0.00 3.45
2669 0.00 3.45
2671 0.00 3.45
2672 0.00 3.45
2673 0.00 3.45
2675 0.00 3.45
2676 0.00 3.45
2677 0.00 3.45
2679 0.00 3.45
2680 0.00 3.45
2681 0.00 3.45
2682 0.00 3.45
2684 0.00 3.45
2685 0.00 3.45
2686 0.00 3.45
2689 0.00 3.45
2690 0.00 3.45
2691 0.00 3.45
2693 0.00 3.45
2694 0.00 3.45
2695 0.00 3.45
2697 0.00 3.45
2698 0.00 3.45
2699 0.00 3.45
2701 0.00 3.45
2702 0.00 3.45
2703 0.00 3.46
2705 0.00 3.45
2706 0.00 3.46
2707 0.00 3.46
2709 0.00 3.45
2710 0.00 3.45
2711 0.00 3.46
2713 0.00 3.45
2714 0.00 3.46
2715 0.00 3.46
2717 0.00 3.46
2718 0.00 3.46
2719 0.00 3.46
2721 0.00 3.46
2722 0.00 3.46
2723 0.00 3.46
2725 0.00 3.46
2726 0.00 3.46
2727 0.00 3.46
2730 0.00 3.46
2731 0.00 3.45
2732 0.00 3.46
2734 0.00 3.46
2735 0.00 3.46
2736 0.00 3.46
2738 0.00 3.45
2739 0.00 3.45
2740 0.00 3.46
2742 0.00 3.46
2743 0.00 3.45
2744 0.00 3.45
2746 0.00 3.45
2747 0.00 3.45
2748 0.00 3.45
2750 0.00 3.45
2751 0.00 3.45
2752 0.00 3.45
2754 0.00 3.45
2755 0.00 3.46
2756 0.00 3.46
2758 0.00 3.45
2759 0.00 3.46
2760 0.00 3.45
2762 0.00 3.45
2763 0.00 3.45
2764 0.00 3.45
2766 0.00 3.45
2767 0.00 3.45
2768 0.00 3.46
2769 0.00 3.45
2771 0.00 3.46
2773 0.00 3.45
2774 0.00 3.45
2776 0.00 3.45
2777 0.00 3.45
2778 0.00 3.45
2780 0.00 3.45
2781 0.00 3.45
2782 0.00 3.45
2784 0.00 3.45
2785 0.00 3.45
2786 0.00 3.45
2788 0.00 3.45
2789 0.00 3.45
2790 0.00 3.45
2792 0.00 3.45
2793 0.00 3.45
2794 0.00 3.45
2796 0.00 3.45
2797 0.00 3.45
2798 0.00 3.45
2800 0.00 3.45
2801 0.00 3.45
2802 0.00 3.45
2804 0.00 3.45
2805 0.00 3.46
2806 0.00 3.45
2808 0.00 3.45
2809 0.00 3.45
2810 0.00 3.45
2812 0.00 3.45
2813 0.00 5.00
2814 5.00 4.17
2817 5.00 3.70
2818 5.00 1.52
2819 1.99 1.71
2821 0.00 1.66
2822 0.00 2.88
2823 0.00 3.83
2825 0.00 4.84
2826 0.00 4.40
2827 0.93 3.71
2829 2.10 3.31
2830 3.51 2.84
2831 1.90 2.99
2833 1.05 2.96
2834 0.00 3.47
2835 0.00 3.08
2837 0.00 3.78
2838 1.02 3.69
2839 0.00 4.17
2841 0.13 3.48
2842 0.00 3.81
2843 0.77 3.25
2845 0.92 3.48
2846 1.59 3.36
2847 0.00 3.74
2849 0.00 3.31
2850 0.00 3.40
2851 0.00 3.38
2853 0.23 3.61
2854 0.54 3.66
2855 0.08 3.75
2856 0.00 3.57
2859 0.39 3.25
2860 0.30 3.41
2861 0.78 3.52
2863 0.00 3.73
2864 0.04 3.53
2865 0.00 3.63
2867 0.15 3.32
2868 0.20 3.52
2869 0.76 3.54
2871 0.00 3.81
2872 0.00 3.44
2873 0.00 3.49
2875 0.12 3.33
2876 0.08 3.56
2877 0.50 3.54
2879 0.00 3.76
2880 0.00 3.49
2881 0.00 3.42
2883 0.20 3.35
2884 0.09 3.59
2885 0.16 3.57
2887 0.00 3.61
2888 0.00 3.48
2889 0.00 3.39
2891 0.17 3.37
2892 0.16 3.56
2893 0.00 3.64
2895 0.00 3.50
2896 0.00 3.41
2897 0.00 3.35
2899 0.06 3.43
2901 0.23 3.50
2902 0.00 3.62
2904 0.00 3.46
2905 0.00 3.36
2906 0.01 3.32
2908 0.00 3.49
2909 0.14 3.49
2910 0.00 3.54
2912 0.00 3.41
2913 0.00 3.35
2914 0.17 3.30
2916 0.06 3.48
2917 0.00 3.51
2918 0.00 3.49
2920 0.00 3.35
2921 0.00 3.36
2922 0.18 3.35
2924 0.17 3.47
2925 0.00 3.51
2926 0.00 3.48
2928 0.00 3.32
2929 0.00 3.33
2930 0.17 3.40
2932 0.16 3.48
2933 0.00 3.48
2934 0.00 3.44
2936 0.00 3.34
2937 0.14 3.33
2938 0.22 3.43
2940 0.09 3.50
2941 0.00 3.48
2942 0.00 3.40
2944 0.00 3.36
2946 0.21 3.36
2947 0.27 3.45
2948 0.07 3.50
2950 0.00 3.48
2951 0.00 3.37
2952 0.02 3.36
2954 0.24 3.41
2955 0.22 3.48
2956 0.07 3.49
2958 0.00 3.47
2959 0.00 3.38
2960 0.13 3.37
2962 0.28 3.43
2963 0.14 3.51
2964 0.00 3.49
2966 0.00 3.45
2967 0.00 3.40
2968 0.15 3.41
2970 0.29 3.46
2971 0.10 3.53
2972 0.00 3.50
2974 0.00 3.44
2975 0.01 3.40
2976 0.15 3.44
2978 0.21 3.49
2979 0.06 3.52
2980 0.00 3.49
2982 0.00 3.44
2983 0.04 3.41
2984 0.18 3.46
2987 0.12 3.51
2988 0.00 3.52
2989 0.00 3.48
2991 0.00 3.44
2992 0.03 3.43
2993 0.17 3.47
2995 0.08 3.52
2996 0.00 3.52
2997 0.00 3.47
2999 0.00 3.43
3000 0.03 3.45
3001 0.10 3.48
3003 0.01 3.51
3004 0.00 3.50
3005 0.00 3.46
3007 0.00 3.43
3008 0.05 3.45
3009 0.04 3.49
3011 0.00 3.51
3012 0.00 3.48
3013 0.00 3.45
3015 0.00 3.43
3016 0.04 3.45
3017 0.01 3.49
3019 0.00 3.51
3020 0.00 3.47
3021 0.00 3.43
3023 0.00 3.43
3024 0.01 3.46
3025 0.00 3.48
3027 0.00 3.49
3029 0.00 3.46
3030 0.00 3.43
3031 0.00 3.43
3033 0.00 3.47
3034 0.00 3.48
3035 0.00 3.47
3037 0.00 3.44
3038 0.00 3.42
3039 0.00 3.44
3041 0.00 3.47
3042 0.00 3.48
3043 0.00 3.47
3045 0.00 3.43
3046 0.00 3.42
3047 0.00 3.44
3049 0.00 3.46
3050 0.00 3.47
3051 0.00 3.45
3053 0.00 3.42
3054 0.00 3.42
3055 0.00 3.44
3057 0.00 3.47
3058 0.00 3.46
3059 0.00 3.44
3061 0.00 3.42
3062 0.00 3.42
3063 0.02 3.45
3065 0.00 3.47
3066 0.00 3.46
3067 0.00 3.43
3069 0.00 3.42
3070 0.00 3.43
3072 0.02 3.45
3074 0.00 3.46
3075 0.00 3.45
3076 0.00 3.43
3078 0.00 3.42
3079 0.02 3.44
3080 0.01 3.46
3082 0.00 3.46
3083 0.00 3.45
3084 0.00 3.43
3086 0.00 3.43
3087 0.04 3.44
3088 0.01 3.46
3090 0.00 3.46
3091 0.00 3.44
3092 0.00 3.43
3094 0.00 3.43
3095 0.04 3.45
3096 0.00 3.47
3098 0.00 3.46
3099 0.00 3.44
3100 0.00 3.43
3102 0.02 3.44
3103 0.02 3.46
3104 0.00 3.47
3106 0.00 3.46
3107 0.00 3.44
3108 0.00 3.44
3110 0.03 3.45
3111 0.02 3.46
3112 0.00 3.47
3115 0.00 3.46
3116 0.00 3.44
3117 0.00 3.44
3118 0.02 3.45
3120 0.00 3.47
3121 0.00 3.47
3122 0.00 3.46
3124 0.00 3.44
3125 0.00 3.44
3126 0.01 3.46
3128 0.00 3.47
3129 0.00 3.47
3130 0.00 3.45
3132 0.00 3.45
3133 0.00 3.45
3134 0.00 3.46
3136 0.00 3.47
3137 0.00 3.47
3138 0.00 3.45
3140 0.00 3.45
3141 0.00 3.46
3142 0.00 3.47
3144 0.00 3.48
3145 0.00 3.46
3146 0.00 3.45
3148 0.00 3.45
3149 0.00 3.46
3150 0.00 3.47
3152 0.00 3.47
3153 0.00 3.46
3154 0.00 3.45
3157 0.00 3.45
3158 0.00 3.46
3159 0.00 3.47
3161 0.00 3.46
3162 0.00 3.45
3163 0.00 3.44
3165 0.00 3.45
3166 0.00 3.46
3167 0.00 3.46
3169 0.00 3.46
3170 0.00 3.45
3171 0.00 3.44
3173 0.00 3.45
3174 0.00 3.46
3175 0.00 3.46
3177 0.00 3.46
3178 0.00 3.45
3179 0.00 3.44
3181 0.00 3.45
3182 0.00 3.46
3183 0.00 3.46
3185 0.00 3.45
3186 0.00 3.44
3187 0.00 3.44
3189 0.00 3.45
3190 0.00 3.46
3191 0.00 3.46
3193 0.00 3.45
3194 0.00 3.44
3195 0.00 3.44
3197 0.00 3.45
3198 0.00 3.46
3200 0.00 3.45
3202 0.00 3.45
3203 0.00 3.44
3204 0.00 3.45
3205 0.00 3.45
3207 0.00 3.46
3208 0.00 3.45
3209 0.00 3.44
3211 0.00 3.44
3212 0.00 3.45
3213 0.00 3.45
3215 0.00 3.45
3216 0.00 3.45
3217 0.00 3.44
3219 0.00 3.44
3220 0.00 3.45
3221 0.00 3.46
3223 0.00 3.45
3224 0.00 3.45
3225 0.00 3.44
3227 0.00 3.44
3228 0.00 3.45
3229 0.00 3.46
3231 0.00 3.45
3232 0.00 3.45
3233 0.00 3.44
3235 0.00 3.45
3236 0.00 3.45
3237 0.00 3.46
3239 0.00 3.45
3240 0.00 3.45
3242 0.00 3.45
3244 0.00 3.45
3245 0.00 3.45
3246 0.00 3.46
3248 0.00 3.45
3249 0.00 3.45
3250 0.00 3.45
3252 0.00 3.45
3253 0.00 3.46
3254 0.00 3.46
3256 0.00 3.45
3257 0.00 3.45
3258 0.00 3.45
3260 0.00 3.45
3261 0.00 3.46
3262 0.00 3.46
3264 0.00 3.45
3265 0.00 3.45
3266 0.00 3.45
3268 0.00 3.45
3269 0.00 3.46
3270 0.00 3.46
3272 0.00 3.45
3273 0.00 3.45
3274 0.00 3.45
3276 0.00 3.46
3277 0.00 3.46
3278 0.00 3.46
3280 0.00 3.45
3281 0.00 3.45
3282 0.00 3.45
3285 0.00 3.45
3286 0.00 3.45
3287 0.00 3.44
3289 0.00 3.44
3290 0.00 3.44
3291 0.00 3.44
3292 0.00 3.44
3294 0.00 3.44
3295 0.00 3.44
3296 0.00 3.43
3298 0.00 3.43
3299 0.00 3.44
3300 0.00 3.44
3302 0.00 3.44
3303 0.00 3.43
3304 0.00 3.43
3306 0.00 3.43
3307 0.00 3.44
3308 0.00 3.44
3310 0.00 3.43
3311 0.00 3.43
3312 0.00 3.43
3314 0.00 3.43
3315 0.00 3.43
3316 0.00 3.43
3318 0.00 3.43
3319 0.00 3.43
3320 0.00 3.43
3322 0.00 3.43
3323 0.00 3.43
3324 0.00 3.43
3326 0.00 3.43
3328 0.00 3.43
3329 0.00 3.43
3331 0.00 3.43
3332 0.00 3.43
3333 0.00 3.43
3335 0.00 3.43
3336 0.00 3.42
3337 0.00 3.42
3339 0.00 3.43
3340 0.00 3.43
3341 0.00 3.43
3343 0.00 3.42
3344 0.00 3.42
3345 0.00 3.42
3347 0.00 3.43
3348 0.00 3.43
3349 0.00 3.42
3351 0.00 3.42
3352 0.00 3.42
3353 0.00 3.42
3355 0.00 3.43
3356 0.00 3.43
3357 0.00 3.42
3359 0.00 3.42
3360 0.00 3.42
3361 0.00 3.42
3363 0.00 3.42
3364 0.00 3.43
3365 0.00 3.42
3367 0.00 3.43
3368 0.00 3.42
3370 0.00 3.42
3372 0.00 3.42
3373 0.00 3.42
3374 0.00 3.42
3376 0.00 3.42
3377 0.00 3.43
3378 0.00 3.42
3379 0.00 3.42
3381 0.00 3.42
3382 0.00 3.42
3383 0.00 3.42
3385 0.00 3.42
3386 0.00 3.43
3387 0.00 3.42
3389 0.00 3.42
3390 0.00 3.42
3391 0.00 3.42
3393 0.00 3.42
3394 0.00 3.42
3395 0.00 3.42
3397 0.00 3.42
3398 0.00 3.42
3399 0.00 3.42
3401 0.00 3.42
3402 0.00 3.42
3403 0.00 3.42
3405 0.00 3.42
3406 0.00 3.42
3407 0.00 3.42
3409 0.00 3.42
3410 0.00 3.42
3411 0.00 3.42
3414 0.00 3.42
3415 0.00 3.42
3416 0.00 3.42
3418 0.00 3.42
3419 0.00 3.42
3420 0.00 3.42
3422 0.00 3.42
3423 0.00 3.42
3424 0.00 3.42
3426 0.00 3.42
3427 0.00 3.42
3428 0.00 3.42
3430 0.00 3.42
3431 0.00 3.42
3432 0.00 3.42
3434 0.00 3.42
3435 0.00 3.42
3436 0.00 3.42
3438 0.00 3.42
3439 0.00 3.42
3440 0.00 3.42
3442 0.00 3.42
3443 0.00 3.42
3444 0.00 3.42
3446 0.00 3.41
3447 0.00 3.41
3448 0.00 3.41
3450 0.00 3.42
3451 0.00 3.42
3452 0.00 3.41
3454 0.00 3.41
3456 0.00 3.41
3457 0.00 3.41
3459 0.00 3.41
3460 0.00 3.41
3461 0.00 3.41
3463 0.00 3.41
3464 0.00 3.41
3465 0.00 3.41
3466 0.00 3.41
3468 0.00 3.41
3469 0.00 3.41
3470 0.00 3.41
3472 0.00 3.41
3473 0.00 3.42
3474 0.00 3.41
3476 0.00 3.41
3477 0.00 3.41
3478 0.00 3.42
3480 0.00 3.41
3481 0.00 3.41
3482 0.00 3.41
3484 0.00 3.42
3485 0.00 3.41
3486 0.00 3.41
3488 0.00 3.41
3489 0.00 3.41
3490 0.00 3.41
3492 0.00 3.41
3493 0.00 3.41
3494 0.00 3.41
3496 0.00 3.41
3498 0.00 3.41
3499 0.00 3.41
3501 0.00 3.41
3502 0.00 3.41
3503 0.00 3.41
3505 0.00 3.41
3506 0.00 3.41
3507 0.00 3.41
3509 0.00 3.41
3510 0.00 3.41
3511 0.00 3.41
3513 0.00 3.41
3514 0.00 3.42
3515 0.00 3.41
3517 0.00 3.41
3518 0.00 3.41
3519 0.00 3.41
3521 0.00 3.41
3522 0.00 3.41
3523 0.00 3.41
3525 0.00 3.41
3526 0.00 3.41
3527 0.00 3.41
3529 0.00 3.41
3530 0.00 3.41
3531 0.00 3.41
3533 0.00 3.41
3534 0.00 3.41
3535 0.00 3.41
3537 0.00 3.41
3538 0.00 3.41
3539 0.00 3.41
3542 0.00 3.41
3543 0.00 3.41
3544 0.00 3.41
3546 0.00 3.41
3547 0.00 3.41
3548 0.00 3.41
3550 0.00 3.41
3551 0.00 3.41
3552 0.00 3.41
3553 0.00 3.41
3555 0.00 3.41
3556 0.00 3.41
3557 0.00 3.41
3559 0.00 3.41
3560 0.00 3.41
3561 0.00 3.41
3563 0.00 3.41
3564 0.00 3.41
3565 0.00 3.41
3567 0.00 3.41
3568 0.00 3.41
3569 0.00 3.41
3571 0.00 3.41
3572 0.00 3.41
3573 0.00 3.41
3575 0.00 3.41
3576 0.00 3.42
3577 0.00 3.41
3579 0.00 3.41
3580 0.00 3.41
3581 0.00 3.41
3584 0.00 3.41
3585 0.00 3.41
3586 0.00 3.41
3588 0.00 3.41
3589 0.00 3.41
3590 0.00 3.41
3592 0.00 3.41
3593 0.00 3.41
3594 0.00 3.40
3596 0.00 3.41
3597 0.00 3.40
3598 0.00 3.40
3600 0.00 3.40
3601 0.00 3.40
3602 0.00 3.40
3604 0.00 3.41
3605 0.00 3.41
3606 0.00 3.41
3608 0.00 3.40
3609 0.00 3.40
3610 0.00 3.40
3612 0.00 3.40
3613 0.00 3.40
3614 0.00 3.40
3616 0.00 3.40
3617 0.00 3.40
3618 0.00 3.40
3620 0.00 3.40
3621 0.00 3.41
3622 0.00 3.40
3624 0.00 3.40
3626 0.00 3.40
3627 0.00 3.40
3629 0.00 3.40
3630 0.00 3.40
3631 0.00 3.40
3633 0.00 3.40
3634 0.00 3.40
3635 0.00 3.40
3637 0.00 3.40
3638 0.00 3.40
3639 0.00 3.40
3640 0.00 3.40
3642 0.00 3.40
3643 0.00 3.40
3644 0.00 3.40
3646 0.00 3.40
3647 0.00 3.40
3648 0.00 3.40
3650 0.00 3.40
3651 0.00 3.40
3652 0.00 3.40
3654 0.00 3.40
3655 0.00 3.40
3656 0.00 3.40
3658 0.00 3.40
3659 0.00 3.40
3660 0.00 3.40
3662 0.00 3.40
3663 0.00 3.40
3664 0.00 3.40
3666 0.00 3.40
3667 0.00 3.40
3669 0.00 3.40
3671 0.00 3.40
3672 0.00 3.41
3673 0.00 3.40
3675 0.00 3.41
3676 0.00 3.41
3677 0.00 3.40
3679 0.00 3.41
3680 0.00 3.40
3681 0.00 3.40
3683 0.00 3.40
3684 0.00 3.41
3685 0.00 3.41
3687 0.00 3.40
3688 0.00 3.41
3689 0.00 3.41
3691 0.00 3.41
3692 0.00 3.41
3693 0.00 3.41
3695 0.00 3.41
3696 0.00 3.41
3697 0.00 3.41
3699 0.00 3.40
3700 0.00 3.41
3701 0.00 3.41
3703 0.00 3.41
3704 0.00 3.41
3705 0.00 3.41
3707 0.00 3.41
3708 0.00 3.41
3709 0.00 3.41
3712 0.00 3.40
3713 0.00 3.40
3714 0.00 3.40
3716 0.00 3.40
3717 0.00 3.40
3718 0.00 3.40
3720 0.00 3.40
3721 0.00 3.40
3722 0.00 3.40
3724 0.00 3.40
3725 0.00 3.40
3726 0.00 3.40
3727 0.00 3.40
3729 0.00 3.41
3730 0.00 3.41
3731 0.00 3.40
3733 0.00 3.40
3734 0.00 3.40
3735 0.00 3.40
3737 0.00 3.40
3738 0.00 3.40
3739 0.00 3.40
3741 0.00 3.40
3742 0.00 5.00
3743 1.15 4.66
3745 1.38 4.03
3746 4.60 2.54
3747 2.97 2.62
3749 2.42 2.52
3750 0.00 3.40
3751 0.00 3.31
3754 0.00 4.12
3755 0.00 3.84
3756 0.00 4.15
3758 1.87 3.61
3759 0.46 3.80
3760 1.05 3.06
3762 0.00 3.13
3763 0.27 3.02
3764 0.00 3.60
3766 0.00 3.66
3767 0.00 3.90
3768 0.00 3.66
3770 0.00 3.48
3771 0.70 3.35
3772 0.73 3.45
3774 0.00 3.50
3775 0.00 3.38
3776 0.00 3.40
3778 0.00 3.34
3779 0.00 3.53
3780 0.30 3.55
3782 0.00 3.73
3783 0.00 3.42
3784 0.00 3.37
3786 0.35 3.22
3787 0.00 3.48
3788 0.28 3.42
3790 0.00 3.61
3791 0.00 3.40
3792 0.00 3.43
3794 0.29 3.29
3795 0.01 3.54
3797 0.15 3.48
3799 0.00 3.51
3800 0.00 3.30
3801 0.00 3.36
3803 0.21 3.31
3804 0.08 3.51
3805 0.00 3.52
3807 0.00 3.50
3808 0.00 3.32
3809 0.00 3.34
3811 0.20 3.38
3812 0.19 3.48
3813 0.00 3.48
3814 0.00 3.43
3816 0.00 3.34
3817 0.16 3.32
3818 0.18 3.45
3820 0.13 3.50
3821 0.00 3.49
3822 0.00 3.38
3824 0.00 3.36
3825 0.27 3.34
3826 0.22 3.47
3828 0.10 3.50
3829 0.00 3.50
3830 0.00 3.36
3832 0.00 3.38
3833 0.29 3.39
3834 0.19 3.50
3836 0.10 3.48
3837 0.00 3.48
3838 0.00 3.37
3841 0.08 3.38
3842 0.31 3.43
3843 0.11 3.53
3845 0.00 3.49
3846 0.00 3.46
3847 0.00 3.39
3849 0.14 3.41
3850 0.30 3.45
3851 0.08 3.54
3853 0.00 3.50
3854 0.00 3.44
3855 0.00 3.40
3857 0.16 3.44
3858 0.21 3.49
3859 0.06 3.53
3861 0.00 3.50
3862 0.00 3.44
3863 0.03 3.41
3865 0.19 3.45
3866 0.11 3.52
3867 0.00 3.52
3869 0.00 3.48
3870 0.00 3.43
3871 0.02 3.44
3873 0.19 3.47
3874 0.05 3.53
3875 0.00 3.52
3877 0.00 3.47
3878 0.00 3.42
3879 0.02 3.45
3882 0.12 3.49
3883 0.00 3.53
3884 0.00 3.51
3886 0.00 3.47
3887 0.00 3.42
3888 0.05 3.46
3890 0.07 3.50
3891 0.00 3.52
3892 0.00 3.48
3894 0.00 3.45
3895 0.00 3.43
3896 0.05 3.46
3898 0.04 3.50
3899 0.00 3.52
3900 0.00 3.47
3901 0.00 3.43
3903 0.00 3.43
3904 0.03 3.47
3905 0.00 3.50
3907 0.00 3.49
3908 0.00 3.45
3909 0.00 3.42
3911 0.00 3.43
3912 0.01 3.47
3913 0.00 3.49
3915 0.00 3.47
3916 0.00 3.44
3917 0.00 3.42
3919 0.00 3.43
3920 0.01 3.47
3921 0.00 3.48
3923 0.00 3.46
3925 0.00 3.42
3926 0.00 3.41
3928 0.00 3.44
3929 0.00 3.47
3930 0.00 3.47
3932 0.00 3.45
3933 0.00 3.42
3934 0.00 3.41
3936 0.02 3.45
3937 0.00 3.47
3938 0.00 3.46
3940 0.00 3.43
3941 0.00 3.42
3942 0.00 3.42
3944 0.03 3.45
3945 0.00 3.47
3946 0.00 3.46
3948 0.00 3.42
3949 0.00 3.42
3950 0.02 3.43
3952 0.02 3.46
3953 0.00 3.47
3954 0.00 3.45
3956 0.00 3.42
3957 0.00 3.42
3958 0.04 3.44
3960 0.01 3.46
3961 0.00 3.46
3962 0.00 3.44
3964 0.00 3.42
3965 0.00 3.42
3966 0.05 3.44
3969 0.00 3.47
3970 0.00 3.46
3971 0.00 3.44
3973 0.00 3.42
3974 0.02 3.43
3975 0.04 3.46
3977 0.00 3.47
3978 0.00 3.46
3979 0.00 3.44
3981 0.00 3.43
3982 0.03 3.44
3983 0.03 3.46
3985 0.00 3.47
3986 0.00 3.46
3987 0.00 3.44
3988 0.00 3.44
3990 0.04 3.45
3991 0.02 3.47
3992 0.00 3.47
3994 0.00 3.46
3995 0.00 3.44
3996 0.00 3.44
3998 0.03 3.46
3999 0.00 3.47
4000 0.00 3.47
4002 0.00 3.45
4003 0.00 3.44
4004 0.00 3.44
4006 0.00 3.46
4007 0.00 3.47
4008 0.00 3.46
4011 0.00 3.45
4012 0.00 3.44
4013 0.00 3.45
4015 0.00 3.46
4016 0.00 3.47
4017 0.00 3.46
4019 0.00 3.44
4020 0.00 3.44
4021 0.00 3.45
4023 0.00 3.47
4024 0.00 3.47
4025 0.00 3.46
4027 0.00 3.45
4028 0.00 3.45
4029 0.00 3.46
4031 0.00 3.46
4032 0.00 3.46
4033 0.00 3.45
4035 0.00 3.44
4036 0.00 3.44
4037 0.00 3.45
4039 0.00 3.46
4040 0.00 3.46
4041 0.00 3.44
4043 0.00 3.44
4044 0.00 3.44
4045 0.00 3.46
4047 0.00 3.46
4048 0.00 3.45
4049 0.00 3.44
4051 0.00 3.43
4053 0.00 3.44
4054 0.00 3.46
4056 0.00 3.46
4057 0.00 3.45
4058 0.00 3.44
4060 0.00 3.44
4061 0.00 3.45
4062 0.00 3.46
4064 0.00 3.45
4065 0.00 3.44
4066 0.00 3.43
4068 0.00 3.44
4069 0.00 3.45
4070 0.00 3.45
4072 0.00 3.45
4073 0.00 3.44
4074 0.00 3.43
4075 0.00 3.44
4077 0.00 3.45
4078 0.00 3.45
4079 0.00 3.44
4081 0.00 3.44
4082 0.00 3.43
4083 0.00 3.44
4085 0.00 3.45
4086 0.00 3.45
4087 0.00 3.44
4089 0.00 3.44
4090 0.00 3.44
4091 0.00 3.44
4093 0.00 3.45
4094 0.00 3.45
4096 0.00 3.44
4098 0.00 3.44
4099 0.00 3.44
4100 0.00 3.44
4102 0.00 3.45
4103 0.00 3.45
4104 0.00 3.44
4106 0.00 3.44
4107 0.00 3.44
4108 0.00 3.45
4110 0.00 3.45
4111 0.00 3.45
4112 0.00 3.44
4114 0.00 3.44
4115 0.00 3.44
4116 0.00 3.45
4118 0.00 3.45
4119 0.00 3.45
4120 0.00 3.44
4122 0.00 3.44
4123 0.00 3.45
4124 0.00 3.45
4126 0.00 3.46
4127 0.00 3.45
4128 0.00 3.44
4130 0.00 3.44
4131 0.00 3.45
4132 0.00 3.46
4134 0.00 3.45
4135 0.00 3.44
4136 0.00 3.44
4139 0.00 3.44
4140 0.00 3.45
4141 0.00 3.45
4143 0.00 3.45
4144 0.00 3.44
4145 0.00 3.44
4147 0.00 3.45
4148 0.00 3.45
4149 0.00 3.45
4151 0.00 3.45
4152 0.00 3.44
4153 0.00 3.44
4155 0.00 3.45
4156 0.00 3.45
4157 0.00 3.45
4159 0.00 3.45
4160 0.00 3.44
4161 0.00 3.44
4162 0.00 3.45
4164 0.00 3.45
4165 0.00 3.45
4166 0.00 3.44
4168 0.00 3.44
4169 0.00 3.44
4170 0.00 3.45
4172 0.00 3.45
4173 0.00 3.45
4174 0.00 3.44
4176 0.00 3.44
4177 0.00 3.44
4178 0.00 3.45
4181 0.00 3.45
4182 0.00 3.44
4183 0.00 3.44
4185 0.00 3.44
4186 0.00 3.44
4187 0.00 3.45
4189 0.00 3.45
4190 0.00 3.44
4191 0.00 3.44
4193 0.00 3.44
4194 0.00 3.44
4195 0.00 3.45
4197 0.00 3.44
4198 0.00 3.44
4199 0.00 3.44
4201 0.00 3.44
4202 0.00 3.44
4203 0.00 3.45
4205 0.00 3.44
4206 0.00 3.44
4207 0.00 3.44
4209 0.00 3.44
4210 0.00 3.44
4211 0.00 3.44
4213 0.00 3.44
4214 0.00 3.44
4215 0.00 3.44
4217 0.00 3.44
4218 0.00 3.44
4219 0.00 3.44
4221 0.00 3.44
4222 0.00 3.44
4224 0.00 3.44
4226 0.00 3.44
4227 0.00 3.44
4228 0.00 3.44
4230 0.00 3.44
4231 0.00 3.44
4232 0.00 3.44
4234 0.00 3.44
4235 0.00 3.44
4236 0.00 3.44
4238 0.00 3.44
4239 0.00 3.44
4240 0.00 3.44
4242 0.00 3.45
4243 0.00 3.44
4244 0.00 3.44
4246 0.00 3.45
4247 0.00 3.44
4248 0.00 3.44
4249 0.00 3.44
4251 0.00 3.44
4252 0.00 3.44
4253 0.00 3.44
4255 0.00 3.44
4256 0.00 3.44
4257 0.00 3.44
4259 0.00 3.44
4260 0.00 3.44
4261 0.00 3.44
4263 0.00 3.44
4264 0.00 3.44
4266 0.00 3.45
4268 0.00 3.44
4269 0.00 3.44
4270 0.00 3.44
4272 0.00 3.44
4273 0.00 3.44
4274 0.00 3.44
4276 0.00 3.44
4277 0.00 3.44
4278 0.00 3.44
4280 0.00 3.44
4281 0.00 3.44
4282 0.00 3.44
4284 0.00 3.44
4285 0.00 3.44
4286 0.00 3.44
4288 0.00 3.44
4289 0.00 3.44
4290 0.00 3.44
4292 0.00 3.44
4293 0.00 3.44
4294 0.00 3.44
4296 0.00 3.44
4297 0.00 3.44
4298 0.00 3.44
4300 0.00 3.44
4301 0.00 3.44
4302 0.00 3.44
4304 0.00 3.44
4305 0.00 3.44
4306 0.00 3.44
4309 0.00 3.44
4310 0.00 3.44
4311 0.00 3.44
4313 0.00 3.44
4314 0.00 3.44
4315 0.00 3.44
4317 0.00 3.44
4318 0.00 3.44
4319 0.00 3.44
4321 0.00 3.44
4322 0.00 3.44
4323 0.00 3.44
4325 0.00 3.44
4326 0.00 3.44
4327 0.00 3.44
4329 0.00 3.44
4330 0.00 3.44
4331 0.00 3.44
4333 0.00 3.44
4334 0.00 3.44
4335 0.00 3.44
4336 0.00 3.44
4338 0.00 3.44
4339 0.00 3.45
4340 0.00 3.44
4342 0.00 3.44
4343 0.00 3.45
4344 0.00 3.44
4346 0.00 3.45
4347 0.00 3.44
4348 0.00 3.44
4350 0.00 3.44
4352 0.00 3.44
4353 0.00 3.44
4355 0.00 3.44
4356 0.00 3.44
4357 0.00 3.44
4359 0.00 3.44
4360 0.00 3.44
4361 0.00 3.44
4363 0.00 3.44
4364 0.00 3.44
4365 0.00 3.44
4367 0.00 3.44
4368 0.00 3.44
4369 0.00 3.44
4371 0.00 3.44
4372 0.00 3.44
4373 0.00 3.44
4375 0.00 3.44
4376 0.00 3.44
4377 0.00 3.44
4379 0.00 3.44
4380 0.00 3.44
4381 0.00 3.44
4383 0.00 3.44
4384 0.00 3.44
4385 0.00 3.44
4387 0.00 3.44
4388 0.00 3.44
4389 0.00 3.44
4391 0.00 3.44
4392 0.00 3.44
4394 0.00 3.44
4396 0.00 3.44
4397 0.00 3.44
4398 0.00 3.44
4400 0.00 3.44
4401 0.00 3.44
4402 0.00 3.44
4404 0.00 3.44
4405 0.00 3.44
4406 0.00 3.44
4408 0.00 3.44
4409 0.00 3.44
4410 0.00 3.44
4412 0.00 3.44
4413 0.00 3.44
4414 0.00 3.44
4416 0.00 3.44
4417 0.00 3.44
4418 0.00 3.44
4420 0.00 3.44
4421 0.00 3.44
4422 0.00 3.44
4423 0.00 3.44
4425 0.00 3.44
4426 0.00 3.44
4427 0.00 3.44
4429 0.00 3.44
4430 0.00 3.44
4431 0.00 3.44
4433 0.00 3.44
4434 0.00 3.44
4435 0.00 3.44
4438 0.00 3.44
4439 0.00 3.44
4440 0.00 3.44
4442 0.00 3.44
4443 0.00 3.44
4444 0.00 3.44
4446 0.00 3.44
4447 0.00 3.45
4448 0.00 3.44
4450 0.00 3.44
4451 0.00 3.44
4452 0.00 3.44
4454 0.00 3.44
4455 0.00 3.44
4456 0.00 3.45
4458 0.00 3.44
4459 0.00 3.44
4460 0.00 3.44
4462 0.00 3.45
4463 0.00 3.44
4464 0.00 3.44
4466 0.00 3.45
4467 0.00 3.44
4468 0.00 3.44
4470 0.00 3.44
4471 0.00 3.44
4472 0.00 3.44
4474 0.00 3.44
4475 0.00 3.44
4476 0.00 3.44
4478 0.00 3.44
4480 0.00 3.44
4481 0.00 3.44
4483 0.00 3.44
4484 0.00 3.44
4485 0.00 3.45
4487 0.00 3.44
4488 0.00 3.44
4489 0.00 3.44
4491 0.00 3.44
4492 0.00 3.44
4493 0.00 3.44
4495 0.00 3.44
4496 0.00 3.44
4497 0.00 3.44
4499 0.00 3.44
4500 0.00 3.44
4501 0.00 3.44
4503 0.00 3.44
4504 0.00 3.44
4505 0.00 3.44
4507 0.00 3.44
4508 0.00 3.44
4509 0.00 3.44
4510 0.00 3.44
4512 0.00 3.44
4513 0.00 3.44
4514 0.00 3.44
4516 0.00 3.44
4517 0.00 3.44
4518 0.00 3.44
4520 0.00 3.44
4522 0.00 3.44
4523 0.00 3.44
4525 0.00 3.44
4526 0.00 3.44
4527 0.00 3.44
4529 0.00 3.44
4530 0.00 3.44
4531 0.00 3.44
4533 0.00 3.44
4534 0.00 3.44
4535 0.00 3.44
4537 0.00 3.44
4538 0.00 3.44
4539 0.00 3.44
4541 0.00 3.44
4542 0.00 3.44
4543 0.00 3.44
4545 0.00 3.44
4546 0.00 3.44
4547 0.00 3.44
4549 0.00 3.44
4550 0.00 3.44
4551 0.00 3.44
4553 0.00 3.44
4554 0.00 3.44
4555 0.00 3.44
4557 0.00 3.44
4558 0.00 3.44
4559 0.00 3.45
4561 0.00 3.44
4562 0.00 3.44
4563 0.00 3.45
4566 0.00 3.44
4567 0.00 3.45
4568 0.00 3.44
4570 0.00 3.44
4571 0.00 3.44
4572 0.00 3.44
4574 0.00 3.44
4575 0.00 3.45
4576 0.00 3.44
4578 0.00 3.44
4579 0.00 3.44
4580 0.00 3.44
4582 0.00 3.44
4583 0.00 3.44
4584 0.00 3.44
4586 0.00 3.44
4587 0.00 3.45
4588 0.00 3.44
4590 0.00 3.44
4591 0.00 3.44
4592 0.00 3.44
4594 0.00 3.44
4595 0.00 3.44
4596 0.00 3.44
4597 0.00 3.44
4599 0.00 3.44
4600 0.00 3.44
4601 0.00 3.44
4603 0.00 3.44
4604 0.00 3.44
4605 0.00 3.44
4608 0.00 3.44
4609 0.00 3.44
4610 0.00 3.44
4612 0.00 3.44
4613 0.00 3.44
4614 0.00 3.44
4616 0.00 3.44
4617 0.00 3.44
4618 0.00 3.44
4620 0.00 3.44
4621 0.00 3.44
4622 0.00 3.44
4624 0.00 3.44
4625 0.00 3.44
4626 0.00 3.44
4628 0.00 3.44
4629 0.00 3.44
4630 0.00 3.44
4632 0.00 3.44
4633 0.00 3.44
4634 0.00 3.44
4636 0.00 3.44
4637 0.00 3.44
4638 0.00 3.44
4640 0.00 3.44
4641 0.00 3.44
4642 0.00 3.44
4644 0.00 3.44
4645 0.00 3.44
4646 0.00 3.44
4648 0.00 3.44
4650 0.00 3.44
4651 0.00 3.44
4653 0.00 3.44
4654 0.00 3.44
4655 0.00 3.44
4657 0.00 3.44
4658 0.00 3.44
4659 0.00 3.44
4661 0.00 3.44
4662 0.00 3.44
4663 0.00 3.44
4665 0.00 3.44
4666 0.00 3.44
4667 0.00 3.44
4669 0.00 3.44
4670 0.00 3.44
4671 0.00 3.44
4673 0.00 3.45
4674 0.00 3.44
4675 0.00 3.44
4677 0.00 3.44
4678 0.00 3.44
4679 0.00 3.45
4681 0.00 3.44
4682 0.00 3.44
4683 0.00 3.44
4684 0.00 3.44
4686 0.00 3.45
4687 0.00 3.45
4688 0.00 3.44
4690 0.00 3.44
4691 0.00 3.45
4693 0.00 3.45
4695 0.00 3.45
4696 0.00 3.45
4697 0.00 3.45
4699 0.00 3.45
4700 0.00 3.45
4701 0.00 3.45
4703 0.00 3.45
4704 0.00 3.45
4705 0.00 3.45
4707 0.00 3.45
4708 0.00 3.44
4709 0.00 3.44
4711 0.00 3.44
4712 0.00 3.44
4713 0.00 3.44
4715 0.00 3.44
4716 0.00 3.44
4717 0.00 3.44
4719 0.00 3.45
4720 0.00 3.44
4721 0.00 3.45
4723 0.00 3.44
4724 0.00 3.44
4725 0.00 3.44
4727 5.00 2.70
4728 5.00 2.30
4729 3.20 1.83
4731 0.00 2.43
4732 0.00 3.04
4733 0.00 3.83
4736 0.00 4.78
4737 0.00 4.59
4738 0.00 4.22
4740 2.73 3.14
4741 1.29 3.15
4742 2.81 2.65
4744 0.10 3.38
4745 0.00 3.36
4746 0.00 3.91
4748 0.00 3.45
4749 0.00 3.94
4750 1.04 3.63
4752 0.43 3.89
4753 0.97 3.36
4754 0.00 3.45
4756 0.15 3.03
4757 0.00 3.37
4758 0.09 3.55
4760 0.00 3.89
4761 0.00 3.65
4762 0.00 3.55
4764 0.00 3.41
4765 0.62 3.41
4766 0.44 3.51
4768 0.01 3.61
4769 0.00 3.52
4770 0.00 3.29
4771 0.00 3.42
4773 0.19 3.49
4774 0.00 3.69
4775 0.00 3.55
4778 0.00 3.54
4779 0.00 3.25
4780 0.00 3.37
4782 0.41 3.41
4783 0.00 3.66
4784 0.00 3.46
4786 0.00 3.47
4787 0.00 3.29
4788 0.00 3.44
4790 0.39 3.43
4791 0.00 3.62
4792 0.00 3.41
4794 0.00 3.34
4795 0.00 3.25
4796 0.01 3.45
4798 0.15 3.47
4799 0.00 3.54
4800 0.00 3.40
4802 0.00 3.31
4803 0.12 3.26
4804 0.22 3.43
4806 0.00 3.51
4807 0.00 3.47
4808 0.00 3.35
4810 0.00 3.29
4811 0.11 3.33
4812 0.30 3.43
4814 0.00 3.51
4815 0.00 3.45
4816 0.00 3.33
4818 0.03 3.27
4819 0.16 3.38
4821 0.26 3.45
4823 0.00 3.50
4824 0.00 3.42
4825 0.00 3.35
4827 0.19 3.29
4828 0.25 3.42
4829 0.20 3.48
4831 0.00 3.50
4832 0.00 3.38
4833 0.00 3.35
4835 0.22 3.34
4836 0.28 3.45
4837 0.15 3.49
4839 0.00 3.50
4840 0.00 3.38
4841 0.00 3.35
4843 0.24 3.38
4844 0.24 3.48
4845 0.06 3.50
4847 0.00 3.48
4848 0.00 3.38
4849 0.06 3.36
4851 0.27 3.41
4852 0.15 3.51
4853 0.00 3.51
4855 0.00 3.45
4856 0.00 3.38
4857 0.08 3.39
4858 0.23 3.45
4860 0.09 3.51
4861 0.00 3.51
4862 0.00 3.44
4865 0.00 3.38
4866 0.10 3.41
4867 0.14 3.48
4869 0.02 3.51
4870 0.00 3.49
4871 0.00 3.43
4873 0.00 3.39
4874 0.11 3.42
4875 0.06 3.50
4877 0.00 3.51
4878 0.00 3.47
4879 0.00 3.41
4881 0.00 3.40
4882 0.08 3.44
4883 0.00 3.50
4885 0.00 3.51
4886 0.00 3.46
4887 0.00 3.40
4889 0.00 3.41
4890 0.02 3.46
4891 0.00 3.50
4893 0.00 3.48
4894 0.00 3.44
4895 0.00 3.39
4897 0.00 3.42
4898 0.00 3.46
4899 0.00 3.49
4901 0.00 3.46
4902 0.00 3.42
4903 0.00 3.39
4906 0.00 3.42
4907 0.00 3.47
4908 0.00 3.48
4910 0.00 3.45
4911 0.00 3.40
4912 0.00 3.39
4914 0.00 3.42
4915 0.00 3.46
4916 0.00 3.46
4918 0.00 3.43
4919 0.00 3.39
4920 0.00 3.39
4922 0.00 3.43
4923 0.00 3.46
4924 0.00 3.45
4926 0.00 3.41
4927 0.00 3.38
4928 0.00 3.39
4930 0.00 3.43
4931 0.00 3.45
4932 0.00 3.43
4934 0.00 3.39
4935 0.00 3.38
4936 0.00 3.40
4938 0.00 3.43
4939 0.00 3.44
4940 0.00 3.42
4942 0.00 3.39
4943 0.00 3.38
4944 0.00 3.41
4945 0.00 3.44
4947 0.00 3.44
4949 0.00 3.41
4950 0.00 3.38
4952 0.00 3.39
4953 0.00 3.41
4954 0.00 3.44
4956 0.00 3.44
4957 0.00 3.40
4958 0.00 3.38
4960 0.00 3.39
4961 0.00 3.42
4962 0.00 3.44
4964 0.00 3.43
4965 0.00 3.40
4966 0.00 3.39
4968 0.00 3.40
4969 0.00 3.43
4970 0.00 3.44
4972 0.00 3.42
4973 0.00 3.40
4974 0.00 3.39
4976 0.00 3.41
4977 0.00 3.44
4978 0.00 3.44
4980 0.00 3.42
4981 0.00 3.40
4982 0.00 3.40
4984 0.00 3.43
4985 0.00 3.44
4986 0.00 3.44
4988 0.00 3.42
4989 0.00 3.40
4990 0.00 3.41
4993 0.00 3.43
4994 0.00 3.45
4995 0.00 3.44
4997 0.00 3.42
4998 0.00 3.41
4999 0.00 3.42
5001 0.00 3.44
5002 0.00 3.44
5003 0.00 3.43
5005 0.00 3.42
5006 0.00 3.42
5007 0.00 3.43
5009 0.00 3.44
5010 0.00 3.45
5011 0.00 3.43
5013 0.00 3.42
5014 0.00 3.41
5015 0.00 3.43
5017 0.00 3.44
5018 0.00 3.44
5019 0.00 3.43
5021 0.00 3.41
5022 0.00 3.42
5023 0.00 3.43
5025 0.00 3.44
5026 0.00 3.44
5027 0.00 3.42
5029 0.00 3.41
5030 0.00 3.42
5031 0.00 3.43
5032 0.00 3.44
5035 0.00 3.43
5036 0.00 3.42
5037 0.00 3.41
5039 0.00 3.42
5040 0.00 3.43
5041 0.00 3.44
5043 0.00 3.43
5044 0.00 3.41
5045 0.00 3.41
5047 0.00 3.42
5048 0.00 3.43
5049 0.00 3.43
5051 0.00 3.42
5052 0.00 3.41
5053 0.00 3.41
5055 0.00 3.42
5056 0.00 3.43
5057 0.00 3.43
5059 0.00 3.42
5060 0.00 3.41
5061 0.00 3.41
5063 0.00 3.42
5064 0.00 3.43
5065 0.00 3.42
5067 0.00 3.41
5068 0.00 3.41
5069 0.00 3.41
5071 0.00 3.42
5072 0.00 3.43
5073 0.00 3.42
5075 0.00 3.41
