0.10 0.02
0.45 0.01
0.16 0.01
0.18 0.01
0.29 0.01
0.09 0.01
0.04 0.02
0.08 0.01
0.09 0.01
0.02 0.02
0.10 0.02
0.45 0.01
0.16 0.01
0.18 0.01
0.29 0.01
0.09 0.01
0.04 0.02
0.08 0.01
0.09 0.01
0.02 0.02
5.00 0.37
5.00 0.00
5.00 0.53
5.00 0.10
5.00 0.01
4.66 0.19
4.11 0.00
3.91 1.02
0.00 0.77
0.00 0.00
2.99 0.00
3.06 0.88
0.31 0.68
0.17 0.00
1.89 0.00
1.92 0.54
0.19 0.60
0.24 0.20
1.59 0.16
1.93 0.44
0.89 0.46
0.33 0.21
0.92 0.15
1.31 0.34
0.83 0.43
0.66 0.29
0.89 0.18
1.24 0.24
0.88 0.32
0.45 0.26
0.80 0.20
0.83 0.23
0.93 0.27
0.68 0.24
0.73 0.19
0.85 0.19
0.77 0.23
0.68 0.24
0.55 0.21
0.78 0.19
0.78 0.21
0.72 0.22
0.61 0.20
0.74 0.19
0.67 0.20
0.70 0.21
0.71 0.20
0.67 0.19
0.71 0.19
0.88 0.19
0.62 0.20
0.82 0.19
0.62 0.18
0.73 0.19
0.67 0.19
0.63 0.17
0.65 0.18
0.61 0.18
0.60 0.18
0.55 0.17
0.57 0.17
0.67 0.17
0.50 0.17
0.60 0.17
0.43 0.16
0.52 0.17
0.57 0.17
0.57 0.16
0.52 0.16
0.45 0.16
0.65 0.16
0.41 0.16
0.58 0.16
0.58 0.16
0.50 0.15
0.52 0.15
0.55 0.15
0.52 0.15
0.51 0.15
0.51 0.15
0.64 0.15
0.51 0.15
0.66 0.15
0.54 0.14
0.59 0.14
0.48 0.14
0.62 0.14
0.49 0.14
0.53 0.14
0.57 0.14
0.50 0.14
0.54 0.14
0.45 0.13
0.43 0.13
0.49 0.13
0.48 0.13
0.46 0.13
0.45 0.13
0.50 0.13
0.43 0.13
0.38 0.13
0.50 0.13
0.48 0.13
0.40 0.12
0.47 0.13
0.46 0.13
0.39 0.12
0.46 0.13
0.57 0.12
0.33 0.12
0.46 0.12
0.62 0.12
0.47 0.12
0.48 0.12
0.43 0.12
0.41 0.12
0.56 0.11
0.47 0.12
0.43 0.11
0.49 0.11
0.58 0.11
0.42 0.11
0.58 0.11
0.46 0.11
0.42 0.11
0.42 0.11
0.46 0.11
0.49 0.11
0.38 0.11
0.45 0.11
0.57 0.11
0.37 0.10
0.44 0.11
0.40 0.11
0.35 0.10
0.36 0.10
0.46 0.11
0.33 0.10
0.48 0.10
0.33 0.10
0.34 0.10
0.39 0.10
0.30 0.10
0.40 0.10
0.29 0.10
0.35 0.10
0.40 0.10
0.39 0.09
0.32 0.10
0.26 0.10
0.32 0.09
0.40 0.10
0.41 0.10
0.32 0.10
0.29 0.10
0.41 0.10
0.42 0.09
0.46 0.09
0.29 0.10
0.47 0.09
0.47 0.09
0.36 0.09
0.42 0.10
0.30 0.09
0.42 0.10
0.34 0.10
0.38 0.09
0.41 0.09
0.38 0.09
0.36 0.09
0.28 0.09
0.31 0.09
0.40 0.09
0.39 0.09
0.24 0.09
0.35 0.09
0.32 0.09
0.34 0.09
0.37 0.09
0.24 0.09
0.30 0.09
0.39 0.09
0.42 0.08
0.35 0.09
0.44 0.09
0.30 0.09
0.44 0.09
0.32 0.09
0.32 0.09
0.32 0.09
0.38 0.09
0.51 0.09
0.32 0.09
0.73 0.09
0.32 0.09
0.36 0.08
0.33 0.09
0.35 0.09
0.54 0.08
0.40 0.09
0.36 0.08
0.26 0.08
0.25 0.09
0.40 0.09
0.28 0.08
0.31 0.08
0.28 0.08
0.32 0.08
0.36 0.08
0.36 0.08
0.20 0.08
0.24 0.08
0.28 0.08
0.34 0.08
0.27 0.08
0.30 0.08
0.28 0.08
0.24 0.08
0.26 0.08
0.39 0.08
0.28 0.08
0.38 0.08
0.50 0.08
0.23 0.08
0.26 0.08
0.33 0.08
0.28 0.08
0.31 0.08
0.39 0.08
0.37 0.08
0.37 0.08
0.33 0.08
0.24 0.08
0.75 0.08
0.31 0.08
0.32 0.08
0.27 0.07
0.30 0.08
0.32 0.08
0.36 0.08
0.40 0.07
0.30 0.08
0.32 0.07
0.29 0.07
0.29 0.08
0.29 0.07
0.30 0.07
0.24 0.07
0.33 0.08
0.30 0.07
0.29 0.07
0.32 0.07
0.31 0.06
0.27 0.07
0.29 0.07
0.27 0.07
0.29 0.07
0.30 0.07
0.36 0.07
0.40 0.07
0.29 0.07
0.20 0.07
0.24 0.07
0.26 0.07
0.38 0.07
0.32 0.07
0.27 0.07
0.41 0.07
0.27 0.07
0.31 0.07
0.39 0.07
0.41 0.07
0.26 0.07
0.32 0.07
0.35 0.06
0.30 0.07
0.42 0.07
0.25 0.07
0.23 0.07
0.26 0.07
0.42 0.07
0.27 0.06
0.44 0.07
0.28 0.07
0.21 0.06
0.24 0.07
0.29 0.07
0.27 0.06
0.25 0.07
0.27 0.07
0.26 0.06
0.39 0.07
0.29 0.07
0.20 0.06
0.33 0.07
0.26 0.07
0.22 0.07
0.33 0.07
0.27 0.07
0.21 0.06
0.12 0.06
0.30 0.07
0.14 0.07
0.21 0.06
0.22 0.07
0.19 0.07
0.24 0.06
0.23 0.06
0.24 0.07
0.20 0.06
0.27 0.07
0.27 0.07
0.39 0.06
0.28 0.06
0.30 0.07
0.40 0.06
0.29 0.06
0.36 0.07
0.27 0.06
0.29 0.06
0.48 0.07
0.28 0.06
0.36 0.06
0.20 0.07
0.25 0.06
0.39 0.06
0.23 0.06
0.27 0.06
0.22 0.06
0.33 0.06
0.18 0.06
0.49 0.06
0.28 0.06
0.24 0.06
0.24 0.06
0.25 0.06
0.31 0.06
0.22 0.06
