   6.9164200e+06   3.2200000e+00
   6.9176120e+06   3.2300000e+00
   6.9188000e+06   3.2400000e+00
   6.9199920e+06   3.2400000e+00
   6.9211800e+06   3.2400000e+00
   6.9223720e+06   3.2300000e+00
   6.9235600e+06   3.2200000e+00
   6.9247520e+06   3.2200000e+00
   6.9259400e+06   3.2200000e+00
   6.9271320e+06   3.2200000e+00
   6.9283200e+06   3.2200000e+00
   6.9295120e+06   3.2200000e+00
   6.9307000e+06   3.2200000e+00
   6.9318920e+06   3.2200000e+00
   6.9330800e+06   3.2300000e+00
   6.9342720e+06   3.2400000e+00
   6.9354600e+06   3.2400000e+00
   6.9366520e+06   3.2500000e+00
   6.9378400e+06   3.2500000e+00
   6.9390320e+06   3.2400000e+00
   6.9402200e+06   3.2200000e+00
   6.9414120e+06   3.2200000e+00
   6.9426000e+06   3.2100000e+00
   6.9437920e+06   3.2100000e+00
   6.9449800e+06   3.2100000e+00
   6.9461720e+06   3.2200000e+00
   6.9473600e+06   3.2200000e+00
   6.9485520e+06   3.2200000e+00
   6.9497400e+06   3.2300000e+00
   6.9509360e+06   3.2500000e+00
   6.9521200e+06   3.2500000e+00
   6.9533120e+06   3.2500000e+00
   6.9545000e+06   3.2400000e+00
   6.9556920e+06   3.2300000e+00
   6.9568800e+06   3.2200000e+00
   6.9580720e+06   3.2200000e+00
   6.9592600e+06   3.2200000e+00
   6.9604520e+06   3.2200000e+00
   6.9616400e+06   2.4500000e+00
   6.9628320e+06   0.0000000e+00
   6.9640200e+06   1.0300000e+00
   6.9652120e+06   0.0000000e+00
   6.9664000e+06   3.7600000e+00
   6.9675920e+06   2.7900000e+00
   6.9687800e+06   9.5000000e-01
   6.9699720e+06   5.0000000e+00
   6.9711600e+06   2.1200000e+00
   6.9723520e+06   1.7200000e+00
   6.9735400e+06   5.0000000e+00
   6.9747320e+06   1.8000000e+00
   6.9759200e+06   4.0600000e+00
   6.9771120e+06   2.0900000e+00
   6.9783000e+06   7.2000000e-01
   6.9794920e+06   4.4200000e+00
   6.9806800e+06   5.9000000e-01
   6.9818720e+06   4.4600000e+00
   6.9830600e+06   1.0400000e+00
   6.9842520e+06   1.5400000e+00
   6.9854400e+06   3.8400000e+00
   6.9866320e+06   3.2000000e-01
   6.9878200e+06   2.9600000e+00
   6.9890120e+06   2.5200000e+00
   6.9902000e+06   1.7100000e+00
   6.9913920e+06   4.0700000e+00
   6.9925800e+06   1.4800000e+00
   6.9937720e+06   3.3200000e+00
   6.9949680e+06   3.6200000e+00
   6.9961520e+06   1.4000000e+00
   6.9973400e+06   4.1500000e+00
   6.9985320e+06   1.8500000e+00
   6.9997200e+06   3.1200000e+00
   7.0009120e+06   2.4900000e+00
   7.0021000e+06   2.6500000e+00
   7.0032920e+06   2.4700000e+00
   7.0044800e+06   2.8500000e+00
   7.0056720e+06   2.1400000e+00
   7.0068600e+06   3.3500000e+00
   7.0080520e+06   2.5500000e+00
   7.0092400e+06   3.1300000e+00
   7.0104320e+06   3.6500000e+00
   7.0116200e+06   2.2600000e+00
   7.0128120e+06   3.9000000e+00
   7.0140000e+06   2.4300000e+00
   7.0151920e+06   3.1600000e+00
   7.0163800e+06   3.1200000e+00
   7.0175720e+06   2.3500000e+00
   7.0187600e+06   3.3800000e+00
   7.0199520e+06   2.9700000e+00
   7.0211400e+06   2.1800000e+00
   7.0223320e+06   4.0100000e+00
   7.0235200e+06   2.0500000e+00
   7.0247120e+06   3.7900000e+00
   7.0259000e+06   2.9000000e+00
   7.0270920e+06   2.7100000e+00
   7.0282800e+06   4.1900000e+00
   7.0294720e+06   1.9400000e+00
   7.0306600e+06   4.0000000e+00
   7.0318520e+06   2.6400000e+00
   7.0330400e+06   3.0300000e+00
   7.0342320e+06   3.3000000e+00
   7.0354200e+06   2.5300000e+00
   7.0366120e+06   3.4000000e+00
   7.0378000e+06   3.1400000e+00
   7.0389960e+06   2.5500000e+00
   7.0401800e+06   3.8300000e+00
   7.0413720e+06   2.4700000e+00
   7.0425600e+06   3.5100000e+00
   7.0437520e+06   3.1300000e+00
   7.0449400e+06   2.8000000e+00
   7.0461320e+06   3.7800000e+00
   7.0473200e+06   2.4100000e+00
   7.0485120e+06   3.6100000e+00
   7.0497000e+06   2.7800000e+00
   7.0508920e+06   3.1500000e+00
   7.0520800e+06   3.0400000e+00
   7.0532720e+06   3.1600000e+00
   7.0544600e+06   2.9800000e+00
   7.0556520e+06   3.3500000e+00
   7.0568400e+06   2.8000000e+00
   7.0580320e+06   3.4000000e+00
   7.0592200e+06   3.0200000e+00
   7.0604120e+06   3.0300000e+00
   7.0616000e+06   3.4100000e+00
   7.0627920e+06   2.8100000e+00
   7.0639800e+06   3.3600000e+00
   7.0651720e+06   2.9400000e+00
   7.0663600e+06   3.2000000e+00
   7.0675520e+06   3.0400000e+00
   7.0687400e+06   3.2300000e+00
   7.0699320e+06   2.8500000e+00
   7.0711200e+06   3.6000000e+00
   7.0723120e+06   2.6100000e+00
   7.0735000e+06   3.5800000e+00
   7.0746920e+06   2.9100000e+00
   7.0758800e+06   3.1700000e+00
   7.0770720e+06   3.3800000e+00
   7.0782600e+06   2.7700000e+00
   7.0794520e+06   3.5800000e+00
   7.0806400e+06   2.8400000e+00
   7.0818320e+06   3.2300000e+00
   7.0830280e+06   3.2000000e+00
   7.0842120e+06   3.0200000e+00
   7.0854000e+06   3.2200000e+00
   7.0865920e+06   3.2600000e+00
   7.0877800e+06   2.8800000e+00
   7.0889720e+06   3.6400000e+00
   7.0901600e+06   2.6300000e+00
   7.0913520e+06   3.6200000e+00
   7.0925400e+06   2.9600000e+00
   7.0937320e+06   3.1400000e+00
   7.0949200e+06   3.4100000e+00
   7.0961120e+06   2.8200000e+00
   7.0973000e+06   3.5300000e+00
   7.0984920e+06   2.8900000e+00
   7.0996800e+06   3.2900000e+00
   7.1008720e+06   3.1700000e+00
   7.1020600e+06   3.1700000e+00
   7.1032520e+06   3.1400000e+00
   7.1044400e+06   3.3400000e+00
   7.1056320e+06   2.9300000e+00
   7.1068200e+06   3.5100000e+00
   7.1080120e+06   2.8300000e+00
   7.1092000e+06   3.4300000e+00
   7.1103920e+06   3.0400000e+00
   7.1115800e+06   3.1400000e+00
   7.1127720e+06   3.2600000e+00
   7.1139600e+06   3.0100000e+00
   7.1151520e+06   3.2900000e+00
   7.1163400e+06   3.0400000e+00
   7.1175320e+06   3.2800000e+00
   7.1187200e+06   3.0600000e+00
   7.1199120e+06   3.3600000e+00
   7.1211000e+06   2.9400000e+00
   7.1222920e+06   3.4800000e+00
   7.1234800e+06   2.8900000e+00
   7.1246720e+06   3.4000000e+00
   7.1258600e+06   3.0400000e+00
   7.1270560e+06   3.2100000e+00
   7.1282400e+06   3.1900000e+00
   7.1294320e+06   3.1200000e+00
   7.1306200e+06   3.1800000e+00
   7.1318120e+06   3.2100000e+00
   7.1330000e+06   3.1000000e+00
   7.1341920e+06   3.2300000e+00
   7.1353800e+06   3.2300000e+00
   7.1365720e+06   3.0500000e+00
   7.1377600e+06   3.4400000e+00
   7.1389520e+06   2.8500000e+00
   7.1401400e+06   3.5300000e+00
   7.1413320e+06   2.8900000e+00
   7.1425200e+06   3.3200000e+00
   7.1437120e+06   3.1600000e+00
   7.1449000e+06   3.1000000e+00
   7.1460920e+06   3.2900000e+00
   7.1472800e+06   3.0800000e+00
   7.1484720e+06   3.2000000e+00
   7.1496600e+06   3.2500000e+00
   7.1508520e+06   3.0900000e+00
   7.1520400e+06   3.2800000e+00
   7.1532320e+06   3.2200000e+00
   7.1544200e+06   3.0900000e+00
   7.1556120e+06   3.4000000e+00
   7.1568000e+06   2.9100000e+00
   7.1579920e+06   3.4700000e+00
   7.1591800e+06   2.9700000e+00
   7.1603720e+06   3.3100000e+00
   7.1615600e+06   3.1600000e+00
   7.1627520e+06   3.1700000e+00
   7.1639400e+06   3.2300000e+00
   7.1651320e+06   3.1600000e+00
   7.1663200e+06   3.2100000e+00
   7.1675120e+06   3.2300000e+00
   7.1687000e+06   3.2000000e+00
   7.1698920e+06   3.1900000e+00
   7.1710880e+06   3.2800000e+00
   7.1722720e+06   3.0700000e+00
   7.1734600e+06   3.3400000e+00
   7.1746520e+06   3.0300000e+00
   7.1758400e+06   3.3200000e+00
   7.1770320e+06   3.0900000e+00
   7.1782200e+06   3.2400000e+00
   7.1794120e+06   3.1500000e+00
   7.1806000e+06   3.2300000e+00
   7.1817920e+06   3.1400000e+00
   7.1829800e+06   3.2400000e+00
   7.1841720e+06   3.1700000e+00
   7.1853600e+06   3.1900000e+00
   7.1865520e+06   3.2600000e+00
   7.1877400e+06   3.0700000e+00
   7.1889320e+06   3.3400000e+00
   7.1901200e+06   3.0200000e+00
   7.1913120e+06   3.3100000e+00
   7.1925000e+06   3.0800000e+00
   7.1936920e+06   3.2300000e+00
   7.1948800e+06   3.1500000e+00
   7.1960720e+06   3.2000000e+00
   7.1972600e+06   3.1300000e+00
   7.1984520e+06   3.2600000e+00
   7.1996400e+06   3.1000000e+00
   7.2008320e+06   3.2800000e+00
   7.2020200e+06   3.1600000e+00
   7.2032120e+06   3.2000000e+00
   7.2044000e+06   3.2800000e+00
   7.2055920e+06   3.0600000e+00
   7.2067800e+06   3.3400000e+00
   7.2079720e+06   3.0400000e+00
   7.2091600e+06   3.3000000e+00
   7.2103520e+06   3.1100000e+00
   7.2115400e+06   3.2300000e+00
   7.2127320e+06   3.1600000e+00
   7.2139200e+06   3.2300000e+00
   7.2151160e+06   3.1300000e+00
   7.2163000e+06   3.2900000e+00
   7.2174920e+06   3.1200000e+00
   7.2186800e+06   3.2900000e+00
   7.2198720e+06   3.1800000e+00
   7.2210600e+06   3.2000000e+00
   7.2222520e+06   3.2600000e+00
   7.2234400e+06   3.0900000e+00
   7.2246320e+06   3.2900000e+00
   7.2258200e+06   3.0900000e+00
   7.2270120e+06   3.2600000e+00
   7.2282000e+06   3.1200000e+00
   7.2293920e+06   3.2500000e+00
   7.2305800e+06   3.1400000e+00
   7.2317720e+06   3.2600000e+00
   7.2329600e+06   3.1300000e+00
   7.2341520e+06   3.2900000e+00
   7.2353400e+06   3.1700000e+00
   7.2365320e+06   3.2500000e+00
   7.2377200e+06   3.2000000e+00
   7.2389120e+06   3.1900000e+00
   7.2401000e+06   3.2200000e+00
   7.2412920e+06   3.1600000e+00
   7.2424800e+06   3.2200000e+00
   7.2436720e+06   3.1700000e+00
   7.2448600e+06   3.2300000e+00
   7.2460520e+06   3.1400000e+00
   7.2472400e+06   3.2600000e+00
   7.2484320e+06   3.1200000e+00
   7.2496200e+06   3.2900000e+00
   7.2508120e+06   3.1300000e+00
   7.2520000e+06   3.2800000e+00
   7.2531920e+06   3.1900000e+00
   7.2543800e+06   3.2200000e+00
   7.2555720e+06   3.2000000e+00
   7.2567600e+06   3.1900000e+00
   7.2579520e+06   3.2000000e+00
   7.2591480e+06   3.2000000e+00
   7.2603320e+06   3.1800000e+00
   7.2615200e+06   3.2000000e+00
   7.2627120e+06   3.2100000e+00
   7.2639000e+06   3.1600000e+00
   7.2650920e+06   3.2500000e+00
   7.2662800e+06   3.1500000e+00
   7.2674720e+06   3.2800000e+00
   7.2686600e+06   3.1600000e+00
   7.2698520e+06   3.2600000e+00
   7.2710400e+06   3.1900000e+00
   7.2722320e+06   3.2200000e+00
   7.2734200e+06   3.1900000e+00
   7.2746120e+06   3.2000000e+00
   7.2758000e+06   3.2000000e+00
   7.2769920e+06   3.2100000e+00
   7.2781800e+06   3.2000000e+00
   7.2793720e+06   3.2100000e+00
   7.2805600e+06   3.2100000e+00
   7.2817520e+06   3.1900000e+00
   7.2829400e+06   3.2400000e+00
   7.2841320e+06   3.2000000e+00
   7.2853200e+06   3.2600000e+00
   7.2865120e+06   3.2000000e+00
   7.2877000e+06   3.2500000e+00
   7.2888920e+06   3.1900000e+00
   7.2900800e+06   3.2200000e+00
   7.2912720e+06   3.1900000e+00
   7.2924600e+06   3.2100000e+00
   7.2936520e+06   3.2000000e+00
   7.2948400e+06   3.2000000e+00
   7.2960320e+06   3.2200000e+00
   7.2972200e+06   3.1900000e+00
   7.2984120e+06   3.2200000e+00
   7.2996000e+06   3.2100000e+00
   7.3007920e+06   3.2400000e+00
   7.3019800e+06   3.2200000e+00
   7.3031760e+06   3.2400000e+00
   7.3043600e+06   3.2100000e+00
   7.3055520e+06   3.2300000e+00
   7.3067400e+06   3.2000000e+00
   7.3079320e+06   3.2100000e+00
   7.3091200e+06   3.2000000e+00
   7.3103120e+06   3.2100000e+00
   7.3115000e+06   3.2000000e+00
   7.3126920e+06   3.2000000e+00
   7.3138800e+06   3.2200000e+00
   7.3150720e+06   3.2000000e+00
   7.3162600e+06   3.2300000e+00
   7.3174520e+06   3.2200000e+00
   7.3186400e+06   3.2500000e+00
   7.3198320e+06   3.2200000e+00
   7.3210200e+06   3.2300000e+00
   7.3222120e+06   3.2100000e+00
   7.3234000e+06   3.2100000e+00
   7.3245920e+06   3.2000000e+00
   7.3257800e+06   3.2000000e+00
   7.3269720e+06   3.2000000e+00
   7.3281600e+06   3.2000000e+00
   7.3293520e+06   3.2100000e+00
   7.3305400e+06   3.2100000e+00
   7.3317320e+06   3.2100000e+00
   7.3329200e+06   3.2100000e+00
   7.3341120e+06   3.2400000e+00
   7.3353000e+06   3.2200000e+00
   7.3364920e+06   3.2500000e+00
   7.3376800e+06   3.2100000e+00
   7.3388720e+06   3.2300000e+00
   7.3400600e+06   3.2000000e+00
   7.3412520e+06   3.2100000e+00
   7.3424400e+06   3.2100000e+00
   7.3436320e+06   3.2100000e+00
   7.3448200e+06   3.2100000e+00
   7.3460120e+06   3.2100000e+00
   7.3472080e+06   3.2100000e+00
   7.3483920e+06   3.2100000e+00
   7.3495800e+06   3.2200000e+00
   7.3507720e+06   3.2300000e+00
   7.3519600e+06   3.2400000e+00
   7.3531520e+06   3.2200000e+00
   7.3543400e+06   3.2400000e+00
   7.3555320e+06   3.2000000e+00
   7.3567200e+06   3.2200000e+00
   7.3579120e+06   3.2000000e+00
   7.3591000e+06   3.2100000e+00
   7.3602920e+06   3.2000000e+00
   7.3614800e+06   3.2100000e+00
   7.3626720e+06   3.2100000e+00
   7.3638600e+06   3.2100000e+00
   7.3650520e+06   3.2100000e+00
   7.3662400e+06   3.2200000e+00
   7.3674320e+06   3.2300000e+00
   7.3686200e+06   3.2300000e+00
   7.3698120e+06   3.2400000e+00
   7.3710000e+06   3.2200000e+00
   7.3721920e+06   3.2200000e+00
   7.3733800e+06   3.2000000e+00
   7.3745720e+06   3.2100000e+00
   7.3757600e+06   3.2000000e+00
   7.3769520e+06   3.2000000e+00
   7.3781400e+06   3.2000000e+00
   7.3793320e+06   3.2100000e+00
   7.3805200e+06   3.2000000e+00
   7.3817120e+06   3.2100000e+00
   7.3829000e+06   3.2100000e+00
   7.3840920e+06   3.2200000e+00
   7.3852800e+06   3.2300000e+00
   7.3864720e+06   3.2200000e+00
   7.3876600e+06   3.2200000e+00
   7.3888520e+06   3.2000000e+00
   7.3900400e+06   3.2000000e+00
   7.3912320e+06   3.2000000e+00
   7.3924200e+06   3.2000000e+00
   7.3936120e+06   3.2000000e+00
   7.3948000e+06   3.2000000e+00
   7.3959920e+06   3.2000000e+00
   7.3971800e+06   3.2100000e+00
   7.3983720e+06   3.2000000e+00
   7.3995600e+06   3.2200000e+00
   7.4007520e+06   3.2200000e+00
   7.4019400e+06   3.2300000e+00
   7.4031320e+06   3.2300000e+00
   7.4043200e+06   3.2100000e+00
   7.4055120e+06   3.2100000e+00
   7.4067000e+06   3.2000000e+00
   7.4078920e+06   3.2000000e+00
   7.4090800e+06   3.2000000e+00
   7.4102720e+06   3.2000000e+00
   7.4114600e+06   3.2000000e+00
   7.4126520e+06   3.2000000e+00
   7.4138400e+06   3.2100000e+00
   7.4150320e+06   3.2100000e+00
   7.4162200e+06   3.2200000e+00
   7.4174120e+06   3.2300000e+00
   7.4186000e+06   3.2300000e+00
   7.4197920e+06   3.2300000e+00
   7.4209800e+06   3.2300000e+00
   7.4221720e+06   3.2100000e+00
   7.4233600e+06   3.2100000e+00
   7.4245520e+06   3.2000000e+00
   7.4257400e+06   3.2100000e+00
   7.4269320e+06   3.2000000e+00
   7.4281200e+06   3.2000000e+00
   7.4293120e+06   3.2100000e+00
   7.4305000e+06   3.2100000e+00
   7.4316920e+06   3.2100000e+00
   7.4328800e+06   3.2200000e+00
   7.4340720e+06   3.2300000e+00
   7.4352600e+06   3.2300000e+00
   7.4364520e+06   3.2400000e+00
   7.4376400e+06   3.2200000e+00
   7.4388320e+06   3.2200000e+00
   7.4400200e+06   3.2000000e+00
   7.4412120e+06   3.2100000e+00
   7.4424000e+06   3.2000000e+00
   7.4435920e+06   3.2000000e+00
   7.4447800e+06   3.2000000e+00
   7.4459720e+06   3.2100000e+00
   7.4471600e+06   3.2100000e+00
   7.4483520e+06   3.2100000e+00
   7.4495400e+06   3.2200000e+00
   7.4507320e+06   3.2300000e+00
   7.4519200e+06   3.2300000e+00
   7.4531120e+06   3.2300000e+00
   7.4543000e+06   3.2300000e+00
   7.4554920e+06   3.2100000e+00
   7.4566800e+06   3.2100000e+00
   7.4578720e+06   3.2000000e+00
   7.4590600e+06   3.2100000e+00
   7.4602520e+06   3.2100000e+00
   7.4614400e+06   3.2100000e+00
   7.4626320e+06   3.2100000e+00
   7.4638200e+06   3.2200000e+00
   7.4650120e+06   3.2100000e+00
   7.4662000e+06   3.2300000e+00
   7.4673920e+06   3.2300000e+00
   7.4685800e+06   3.2400000e+00
   7.4697720e+06   3.2400000e+00
   7.4709600e+06   3.2200000e+00
   7.4721520e+06   3.2200000e+00
   7.4733400e+06   3.2100000e+00
   7.4745320e+06   3.2100000e+00
   7.4757200e+06   3.2000000e+00
   7.4769120e+06   3.2100000e+00
   7.4781000e+06   3.2000000e+00
   7.4792920e+06   3.2100000e+00
   7.4804800e+06   3.2100000e+00
   7.4816720e+06   3.2100000e+00
   7.4828600e+06   3.2200000e+00
   7.4840520e+06   3.2400000e+00
   7.4852400e+06   3.2300000e+00
   7.4864320e+06   3.2400000e+00
   7.4876200e+06   3.2200000e+00
   7.4888120e+06   3.2100000e+00
   7.4900000e+06   3.2100000e+00
   7.4911920e+06   3.2000000e+00
   7.4923800e+06   3.2100000e+00
   7.4935720e+06   3.2000000e+00
   7.4947600e+06   3.2000000e+00
   7.4959520e+06   3.2100000e+00
   7.4971400e+06   3.2100000e+00
   7.4983320e+06   3.2100000e+00
   7.4995200e+06   3.2300000e+00
   7.5007120e+06   3.2300000e+00
   7.5019000e+06   3.2400000e+00
   7.5030920e+06   3.2300000e+00
   7.5042800e+06   3.2300000e+00
   7.5054720e+06   3.2100000e+00
   7.5066600e+06   3.2100000e+00
   7.5078520e+06   3.2100000e+00
   7.5090400e+06   3.2100000e+00
   7.5102320e+06   3.2100000e+00
   7.5114200e+06   3.2100000e+00
