   7.2642104e+07   3.2100000e+00
   7.2643380e+07   3.2200000e+00
   7.2644656e+07   3.2300000e+00
   7.2645928e+07   3.2500000e+00
   7.2647204e+07   3.2500000e+00
   7.2648480e+07   3.2600000e+00
   7.2649756e+07   3.2400000e+00
   7.2651028e+07   3.2100000e+00
   7.2652304e+07   3.2100000e+00
   7.2653580e+07   3.2100000e+00
   7.2654860e+07   3.2100000e+00
   7.2656128e+07   3.2100000e+00
   7.2657404e+07   3.2100000e+00
   7.2658680e+07   3.2100000e+00
   7.2659956e+07   3.2100000e+00
   7.2661228e+07   3.2300000e+00
   7.2662504e+07   3.2500000e+00
   7.2663780e+07   3.2600000e+00
   7.2665056e+07   3.2500000e+00
   7.2666328e+07   3.2300000e+00
   7.2667604e+07   3.2200000e+00
   7.2668880e+07   3.2100000e+00
   7.2670156e+07   3.2100000e+00
   7.2671428e+07   3.2100000e+00
   7.2672704e+07   3.2000000e+00
   7.2673980e+07   3.2100000e+00
   7.2675256e+07   3.2100000e+00
   7.2676528e+07   3.2200000e+00
   7.2677804e+07   3.2200000e+00
   7.2679080e+07   3.2500000e+00
   7.2680356e+07   3.2600000e+00
   7.2681628e+07   3.2500000e+00
   7.2682904e+07   3.2400000e+00
   7.2684180e+07   3.2200000e+00
   7.2685456e+07   3.2100000e+00
   7.2686728e+07   2.7400000e+00
   7.2688004e+07   0.0000000e+00
   7.2689280e+07   0.0000000e+00
   7.2690556e+07   3.4600000e+00
   7.2691828e+07   1.2100000e+00
   7.2693104e+07   1.9500000e+00
   7.2694380e+07   5.4000000e-01
   7.2695656e+07   4.8000000e+00
   7.2696928e+07   4.8700000e+00
   7.2698204e+07   5.0000000e+00
   7.2699480e+07   0.0000000e+00
   7.2700756e+07   4.0800000e+00
   7.2702028e+07   2.5400000e+00
   7.2703304e+07   0.0000000e+00
   7.2704580e+07   4.5700000e+00
   7.2705856e+07   1.1000000e+00
   7.2707128e+07   3.0600000e+00
   7.2708404e+07   7.2000000e-01
   7.2709680e+07   4.6700000e+00
   7.2710956e+07   2.8000000e-01
   7.2712228e+07   5.0000000e+00
   7.2713504e+07   5.6000000e-01
   7.2714780e+07   3.9900000e+00
   7.2716056e+07   1.3000000e-01
   7.2717336e+07   4.3000000e+00
   7.2718604e+07   0.0000000e+00
   7.2719880e+07   4.3900000e+00
   7.2721156e+07   3.1000000e-01
   7.2722428e+07   3.5900000e+00
   7.2723704e+07   1.7600000e+00
   7.2724980e+07   3.8500000e+00
   7.2726256e+07   9.6000000e-01
   7.2727528e+07   5.0000000e+00
   7.2728804e+07   9.5000000e-01
   7.2730080e+07   3.8200000e+00
   7.2731356e+07   1.8300000e+00
   7.2732628e+07   3.2100000e+00
   7.2733904e+07   1.2700000e+00
   7.2735180e+07   4.3200000e+00
   7.2736456e+07   7.0000000e-01
   7.2737728e+07   4.2900000e+00
   7.2739004e+07   1.8900000e+00
   7.2740280e+07   3.4400000e+00
   7.2741556e+07   2.5200000e+00
   7.2742828e+07   3.5300000e+00
   7.2744104e+07   1.9000000e+00
   7.2745380e+07   4.0800000e+00
   7.2746656e+07   1.7500000e+00
   7.2747928e+07   3.1900000e+00
   7.2749204e+07   2.4700000e+00
   7.2750480e+07   2.9800000e+00
   7.2751756e+07   2.2500000e+00
   7.2753028e+07   3.6200000e+00
   7.2754304e+07   2.0100000e+00
   7.2755580e+07   3.8200000e+00
   7.2756856e+07   2.5000000e+00
   7.2758128e+07   3.3100000e+00
   7.2759404e+07   2.5600000e+00
   7.2760680e+07   3.2500000e+00
   7.2761956e+07   2.4700000e+00
   7.2763228e+07   3.3000000e+00
   7.2764504e+07   2.4700000e+00
   7.2765780e+07   3.0500000e+00
   7.2767056e+07   2.8700000e+00
   7.2768328e+07   3.0500000e+00
   7.2769604e+07   2.8200000e+00
   7.2770880e+07   3.3500000e+00
   7.2772156e+07   2.8000000e+00
   7.2773428e+07   3.3500000e+00
   7.2774704e+07   2.8900000e+00
   7.2775980e+07   3.2000000e+00
   7.2777256e+07   2.6700000e+00
   7.2778528e+07   3.3900000e+00
   7.2779804e+07   2.6800000e+00
   7.2781080e+07   3.2800000e+00
   7.2782356e+07   3.0000000e+00
   7.2783628e+07   3.1400000e+00
   7.2784912e+07   3.1100000e+00
   7.2786180e+07   3.3000000e+00
   7.2787456e+07   2.9700000e+00
   7.2788728e+07   3.4100000e+00
   7.2790004e+07   3.0900000e+00
   7.2791280e+07   3.1600000e+00
   7.2792556e+07   3.2200000e+00
   7.2793828e+07   3.2000000e+00
   7.2795104e+07   2.9100000e+00
   7.2796380e+07   3.6800000e+00
   7.2797656e+07   2.8000000e+00
   7.2798928e+07   3.5700000e+00
   7.2800204e+07   3.2100000e+00
   7.2801480e+07   3.3200000e+00
   7.2802756e+07   3.1900000e+00
   7.2804028e+07   3.5500000e+00
   7.2805304e+07   2.9100000e+00
   7.2806580e+07   3.5700000e+00
   7.2807856e+07   3.1300000e+00
   7.2809128e+07   3.1800000e+00
   7.2810404e+07   3.3100000e+00
   7.2811680e+07   3.3000000e+00
   7.2812956e+07   3.0500000e+00
   7.2814228e+07   3.7000000e+00
   7.2815504e+07   2.9300000e+00
   7.2816780e+07   3.5600000e+00
   7.2818056e+07   3.1600000e+00
   7.2819328e+07   3.4100000e+00
   7.2820604e+07   3.0000000e+00
   7.2821880e+07   3.6200000e+00
   7.2823156e+07   2.8200000e+00
   7.2824428e+07   3.5600000e+00
   7.2825704e+07   3.0700000e+00
   7.2826980e+07   3.2900000e+00
   7.2828256e+07   3.1800000e+00
   7.2829528e+07   3.4600000e+00
   7.2830804e+07   3.0600000e+00
   7.2832080e+07   3.5900000e+00
   7.2833356e+07   3.1000000e+00
   7.2834628e+07   3.4400000e+00
   7.2835904e+07   3.1500000e+00
   7.2837180e+07   3.5100000e+00
   7.2838456e+07   2.9200000e+00
   7.2839728e+07   3.7000000e+00
   7.2841004e+07   2.9100000e+00
   7.2842280e+07   3.5700000e+00
   7.2843556e+07   3.1300000e+00
   7.2844828e+07   3.5100000e+00
   7.2846104e+07   3.1100000e+00
   7.2847384e+07   3.6900000e+00
   7.2848656e+07   3.0900000e+00
   7.2849928e+07   3.5700000e+00
   7.2851204e+07   3.2800000e+00
   7.2852484e+07   3.3900000e+00
   7.2853756e+07   3.2200000e+00
   7.2855028e+07   3.5800000e+00
   7.2856304e+07   2.9700000e+00
   7.2857580e+07   3.6900000e+00
   7.2858856e+07   3.0800000e+00
   7.2860128e+07   3.5300000e+00
   7.2861404e+07   3.1900000e+00
   7.2862680e+07   3.6100000e+00
   7.2863956e+07   3.0400000e+00
   7.2865228e+07   3.7600000e+00
   7.2866504e+07   3.0400000e+00
   7.2867780e+07   3.5000000e+00
   7.2869056e+07   3.2700000e+00
   7.2870328e+07   3.3600000e+00
   7.2871604e+07   3.1800000e+00
   7.2872880e+07   3.5300000e+00
   7.2874156e+07   3.0400000e+00
   7.2875428e+07   3.5400000e+00
   7.2876704e+07   3.1800000e+00
   7.2877980e+07   3.4300000e+00
   7.2879256e+07   3.2100000e+00
   7.2880528e+07   3.5800000e+00
   7.2881804e+07   3.0400000e+00
   7.2883080e+07   3.6600000e+00
   7.2884356e+07   3.0500000e+00
   7.2885628e+07   3.4500000e+00
   7.2886904e+07   3.2000000e+00
   7.2888180e+07   3.4100000e+00
   7.2889456e+07   3.1300000e+00
   7.2890728e+07   3.4800000e+00
   7.2892004e+07   3.1300000e+00
   7.2893280e+07   3.4000000e+00
   7.2894556e+07   3.2600000e+00
   7.2895828e+07   3.3800000e+00
   7.2897104e+07   3.2200000e+00
   7.2898380e+07   3.5100000e+00
   7.2899656e+07   3.0900000e+00
   7.2900928e+07   3.4800000e+00
   7.2902204e+07   3.1400000e+00
   7.2903480e+07   3.3900000e+00
   7.2904756e+07   3.1400000e+00
   7.2906028e+07   3.4500000e+00
   7.2907304e+07   3.0800000e+00
   7.2908580e+07   3.4500000e+00
   7.2909856e+07   3.1900000e+00
   7.2911128e+07   3.3100000e+00
   7.2912404e+07   3.3000000e+00
   7.2913680e+07   3.3600000e+00
   7.2914960e+07   3.2200000e+00
   7.2916228e+07   3.4400000e+00
   7.2917504e+07   3.1800000e+00
   7.2918780e+07   3.3400000e+00
   7.2920056e+07   3.2400000e+00
   7.2921328e+07   3.3200000e+00
   7.2922604e+07   3.1500000e+00
   7.2923880e+07   3.4400000e+00
   7.2925156e+07   3.0900000e+00
   7.2926428e+07   3.4000000e+00
   7.2927704e+07   3.2200000e+00
   7.2928980e+07   3.3100000e+00
   7.2930256e+07   3.2800000e+00
   7.2931528e+07   3.3500000e+00
   7.2932804e+07   3.2000000e+00
   7.2934080e+07   3.3400000e+00
   7.2935356e+07   3.2300000e+00
   7.2936628e+07   3.2300000e+00
   7.2937904e+07   3.2700000e+00
   7.2939180e+07   3.2600000e+00
   7.2940456e+07   3.1600000e+00
   7.2941728e+07   3.3500000e+00
   7.2943004e+07   3.1300000e+00
   7.2944280e+07   3.3100000e+00
   7.2945556e+07   3.2200000e+00
   7.2946828e+07   3.3000000e+00
   7.2948104e+07   3.2100000e+00
   7.2949380e+07   3.3300000e+00
   7.2950656e+07   3.1600000e+00
   7.2951928e+07   3.2500000e+00
   7.2953204e+07   3.2300000e+00
   7.2954480e+07   3.1800000e+00
   7.2955756e+07   3.2400000e+00
   7.2957028e+07   3.2300000e+00
   7.2958304e+07   3.1800000e+00
   7.2959580e+07   3.2600000e+00
   7.2960856e+07   3.2000000e+00
   7.2962128e+07   3.2400000e+00
   7.2963404e+07   3.2400000e+00
   7.2964680e+07   3.3000000e+00
   7.2965956e+07   3.1700000e+00
   7.2967228e+07   3.3100000e+00
   7.2968504e+07   3.1500000e+00
   7.2969780e+07   3.2200000e+00
   7.2971056e+07   3.2300000e+00
   7.2972328e+07   3.1900000e+00
   7.2973604e+07   3.2000000e+00
   7.2974880e+07   3.2300000e+00
   7.2976156e+07   3.1900000e+00
   7.2977432e+07   3.2000000e+00
   7.2978704e+07   3.2600000e+00
   7.2979980e+07   3.2000000e+00
   7.2981256e+07   3.2500000e+00
   7.2982536e+07   3.2600000e+00
   7.2983804e+07   3.1600000e+00
   7.2985080e+07   3.2500000e+00
   7.2986356e+07   3.1600000e+00
   7.2987628e+07   3.1900000e+00
   7.2988904e+07   3.1800000e+00
   7.2990180e+07   3.2000000e+00
   7.2991456e+07   3.1600000e+00
   7.2992728e+07   3.2100000e+00
   7.2994004e+07   3.1700000e+00
   7.2995280e+07   3.1800000e+00
   7.2996556e+07   3.2600000e+00
   7.2997828e+07   3.1800000e+00
   7.2999104e+07   3.2300000e+00
   7.3000380e+07   3.2000000e+00
   7.3001656e+07   3.1500000e+00
   7.3002928e+07   3.1800000e+00
   7.3004204e+07   3.1700000e+00
   7.3005480e+07   3.1600000e+00
   7.3006756e+07   3.1500000e+00
   7.3008028e+07   3.1900000e+00
   7.3009304e+07   3.1300000e+00
   7.3010580e+07   3.1900000e+00
   7.3011856e+07   3.1800000e+00
   7.3013128e+07   3.1800000e+00
   7.3014404e+07   3.2200000e+00
   7.3015680e+07   3.1900000e+00
   7.3016956e+07   3.1900000e+00
   7.3018228e+07   3.1500000e+00
   7.3019504e+07   3.1700000e+00
   7.3020780e+07   3.1300000e+00
   7.3022056e+07   3.1800000e+00
   7.3023328e+07   3.1400000e+00
   7.3024604e+07   3.1500000e+00
   7.3025880e+07   3.1800000e+00
   7.3027156e+07   3.1400000e+00
   7.3028428e+07   3.1900000e+00
   7.3029704e+07   3.2000000e+00
   7.3030980e+07   3.2000000e+00
   7.3032256e+07   3.2000000e+00
   7.3033528e+07   3.1900000e+00
   7.3034804e+07   3.1500000e+00
   7.3036080e+07   3.1500000e+00
   7.3037356e+07   3.1800000e+00
   7.3038628e+07   3.1200000e+00
   7.3039904e+07   3.1900000e+00
   7.3041180e+07   3.1400000e+00
   7.3042456e+07   3.1700000e+00
   7.3043728e+07   3.1600000e+00
   7.3045012e+07   3.1800000e+00
   7.3046280e+07   3.1900000e+00
   7.3047556e+07   3.2100000e+00
   7.3048828e+07   3.2000000e+00
   7.3050104e+07   3.1800000e+00
   7.3051380e+07   3.1800000e+00
   7.3052656e+07   3.1500000e+00
   7.3053928e+07   3.1600000e+00
   7.3055204e+07   3.1700000e+00
   7.3056480e+07   3.1400000e+00
   7.3057756e+07   3.1800000e+00
   7.3059028e+07   3.1400000e+00
   7.3060304e+07   3.1700000e+00
   7.3061580e+07   3.1600000e+00
   7.3062856e+07   3.2100000e+00
   7.3064128e+07   3.1800000e+00
   7.3065404e+07   3.2200000e+00
   7.3066680e+07   3.1800000e+00
   7.3067956e+07   3.1600000e+00
   7.3069228e+07   3.1600000e+00
   7.3070504e+07   3.1600000e+00
   7.3071780e+07   3.1600000e+00
   7.3073056e+07   3.1600000e+00
   7.3074328e+07   3.1500000e+00
   7.3075604e+07   3.1700000e+00
   7.3076880e+07   3.1600000e+00
   7.3078156e+07   3.1900000e+00
   7.3079428e+07   3.1800000e+00
   7.3080704e+07   3.2300000e+00
   7.3081980e+07   3.1900000e+00
   7.3083256e+07   3.2100000e+00
   7.3084528e+07   3.1600000e+00
   7.3085804e+07   3.1800000e+00
   7.3087080e+07   3.1500000e+00
   7.3088356e+07   3.1700000e+00
   7.3089628e+07   3.1600000e+00
   7.3090904e+07   3.1800000e+00
   7.3092180e+07   3.1700000e+00
   7.3093456e+07   3.1700000e+00
   7.3094728e+07   3.1800000e+00
   7.3096004e+07   3.2100000e+00
   7.3097280e+07   3.2000000e+00
   7.3098556e+07   3.2300000e+00
   7.3099828e+07   3.1900000e+00
   7.3101104e+07   3.2100000e+00
   7.3102380e+07   3.1600000e+00
   7.3103656e+07   3.1900000e+00
   7.3104928e+07   3.1600000e+00
   7.3106204e+07   3.1900000e+00
   7.3107480e+07   3.1700000e+00
   7.3108756e+07   3.2000000e+00
   7.3110028e+07   3.1800000e+00
   7.3111304e+07   3.2000000e+00
   7.3112584e+07   3.2100000e+00
   7.3113856e+07   3.2300000e+00
   7.3115128e+07   3.2200000e+00
   7.3116404e+07   3.2200000e+00
   7.3125880e+07   3.1900000e+00
   7.3126720e+07   3.2100000e+00
   7.3127604e+07   3.1800000e+00
   7.3128492e+07   3.2200000e+00
   7.3129388e+07   3.2300000e+00
   7.3130276e+07   3.2200000e+00
   7.3131172e+07   3.2400000e+00
   7.3132064e+07   3.2400000e+00
   7.3132952e+07   3.2200000e+00
   7.3133832e+07   3.2200000e+00
   7.3134720e+07   3.2100000e+00
   7.3135604e+07   3.1900000e+00
   7.3136492e+07   3.2000000e+00
   7.3137380e+07   3.2000000e+00
   7.3138652e+07   3.1900000e+00
   7.3139928e+07   3.2100000e+00
   7.3141204e+07   3.1900000e+00
   7.3142480e+07   3.2100000e+00
   7.3143752e+07   3.2000000e+00
   7.3145028e+07   3.2300000e+00
   7.3146304e+07   3.2300000e+00
   7.3147580e+07   3.2500000e+00
   7.3148852e+07   3.2400000e+00
   7.3150128e+07   3.2400000e+00
   7.3151404e+07   3.2100000e+00
   7.3152680e+07   3.2100000e+00
   7.3153952e+07   3.2000000e+00
   7.3155228e+07   3.2100000e+00
   7.3156504e+07   3.2000000e+00
   7.3157780e+07   3.2200000e+00
   7.3159052e+07   3.2000000e+00
   7.3160328e+07   3.2200000e+00
   7.3161604e+07   3.2200000e+00
   7.3162880e+07   3.2600000e+00
   7.3164152e+07   3.2400000e+00
   7.3165428e+07   3.2600000e+00
   7.3166704e+07   3.2300000e+00
   7.3167980e+07   3.2300000e+00
   7.3169252e+07   3.2000000e+00
   7.3170528e+07   3.2200000e+00
   7.3171804e+07   3.2100000e+00
   7.3173080e+07   3.2100000e+00
   7.3174352e+07   3.2100000e+00
   7.3175628e+07   3.2200000e+00
   7.3176904e+07   3.2100000e+00
   7.3178180e+07   3.2400000e+00
   7.3179452e+07   3.2400000e+00
   7.3180728e+07   3.2600000e+00
   7.3182004e+07   3.2500000e+00
   7.3183280e+07   3.2500000e+00
   7.3184552e+07   3.2100000e+00
   7.3185828e+07   3.2300000e+00
   7.3187104e+07   3.2000000e+00
   7.3188376e+07   3.2200000e+00
   7.3189652e+07   3.2000000e+00
   7.3190928e+07   3.2200000e+00
   7.3192204e+07   3.2100000e+00
   7.3193484e+07   3.2200000e+00
   7.3194752e+07   3.2200000e+00
   7.3196028e+07   3.2500000e+00
   7.3197304e+07   3.2500000e+00
   7.3198580e+07   3.2600000e+00
   7.3199852e+07   3.2400000e+00
   7.3201128e+07   3.2300000e+00
   7.3202404e+07   3.2100000e+00
   7.3203680e+07   3.2200000e+00
   7.3204952e+07   3.2000000e+00
   7.3206228e+07   3.2200000e+00
   7.3207504e+07   3.2000000e+00
   7.3208780e+07   3.2300000e+00
   7.3210052e+07   3.2100000e+00
   7.3211328e+07   3.2400000e+00
   7.3212604e+07   3.2400000e+00
   7.3213880e+07   3.2600000e+00
   7.3215152e+07   3.2600000e+00
   7.3216428e+07   3.2500000e+00
   7.3217704e+07   3.2300000e+00
   7.3218976e+07   3.2200000e+00
   7.3220252e+07   3.2100000e+00
   7.3221528e+07   3.2200000e+00
   7.3222804e+07   3.2100000e+00
   7.3224076e+07   3.2200000e+00
   7.3225352e+07   3.2100000e+00
   7.3226628e+07   3.2300000e+00
   7.3227904e+07   3.2200000e+00
   7.3229180e+07   3.2600000e+00
   7.3230452e+07   3.2500000e+00
   7.3231728e+07   3.2600000e+00
   7.3233004e+07   3.2400000e+00
   7.3234280e+07   3.2400000e+00
   7.3235552e+07   3.2200000e+00
   7.3236828e+07   3.2200000e+00
   7.3238104e+07   3.2200000e+00
   7.3239376e+07   3.2200000e+00
   7.3240652e+07   3.2100000e+00
   7.3241928e+07   3.2200000e+00
   7.3243204e+07   3.2200000e+00
   7.3244480e+07   3.2300000e+00
   7.3245752e+07   3.2400000e+00
   7.3247028e+07   3.2600000e+00
   7.3248304e+07   3.2600000e+00
   7.3249576e+07   3.2600000e+00
   7.3250852e+07   3.2300000e+00
   7.3252128e+07   3.2300000e+00
   7.3253404e+07   3.2200000e+00
   7.3254680e+07   3.2300000e+00
   7.3255960e+07   3.2200000e+00
   7.3257228e+07   3.2200000e+00
   7.3258504e+07   3.2200000e+00
   7.3259780e+07   3.2200000e+00
   7.3261052e+07   3.2300000e+00
   7.3262328e+07   3.2500000e+00
   7.3263604e+07   3.2600000e+00
   7.3264880e+07   3.2600000e+00
   7.3266152e+07   3.2600000e+00
   7.3267428e+07   3.2400000e+00
   7.3285940e+07   3.2200000e+00
   7.3286784e+07   3.2200000e+00
   7.3287664e+07   3.2100000e+00
   7.3288544e+07   3.2200000e+00
   7.3289436e+07   3.2100000e+00
   7.3290328e+07   3.2100000e+00
   7.3291224e+07   3.2200000e+00
   7.3292112e+07   3.2200000e+00
   7.3293008e+07   3.2200000e+00
   7.3293892e+07   3.2300000e+00
   7.3294776e+07   3.2300000e+00
   7.3295656e+07   3.2400000e+00
