   2.4670916e+08   3.2000000e+00
   2.4671052e+08   3.2000000e+00
   2.4671188e+08   3.2100000e+00
   2.4671324e+08   3.2100000e+00
   2.4671460e+08   3.2100000e+00
   2.4671596e+08   3.2300000e+00
   2.4671732e+08   3.2300000e+00
   2.4671868e+08   3.2300000e+00
   2.4672004e+08   3.2200000e+00
   2.4672140e+08   3.2100000e+00
   2.4672276e+08   3.2100000e+00
   2.4672412e+08   3.2000000e+00
   2.4672548e+08   3.2000000e+00
   2.4672684e+08   3.2000000e+00
   2.4672820e+08   3.2100000e+00
   2.4672956e+08   3.2100000e+00
   2.4673092e+08   3.2100000e+00
   2.4673228e+08   3.2200000e+00
   2.4673364e+08   3.2300000e+00
   2.4673500e+08   3.2300000e+00
   2.4673636e+08   3.2300000e+00
   2.4673772e+08   3.2200000e+00
   2.4673908e+08   3.2100000e+00
   2.4674044e+08   3.2100000e+00
   2.4674180e+08   3.2100000e+00
   2.4674316e+08   3.2100000e+00
   2.4674452e+08   3.2100000e+00
   2.4674588e+08   3.2100000e+00
   2.4674724e+08   3.2100000e+00
   2.4674860e+08   3.2200000e+00
   2.4674996e+08   1.9000000e+00
   2.4675132e+08   0.0000000e+00
   2.4675268e+08   3.5800000e+00
   2.4675404e+08   0.0000000e+00
   2.4675540e+08   4.4900000e+00
   2.4675676e+08   0.0000000e+00
   2.4675812e+08   4.9500000e+00
   2.4675948e+08   2.8000000e-01
   2.4676084e+08   1.8600000e+00
   2.4676220e+08   5.0000000e+00
   2.4676356e+08   0.0000000e+00
   2.4676492e+08   5.0000000e+00
   2.4676628e+08   0.0000000e+00
   2.4676764e+08   5.0000000e+00
   2.4676900e+08   0.0000000e+00
   2.4677036e+08   5.0000000e+00
   2.4677173e+08   2.1100000e+00
   2.4677308e+08   0.0000000e+00
   2.4677444e+08   3.3400000e+00
   2.4677580e+08   0.0000000e+00
   2.4677716e+08   4.8700000e+00
   2.4677852e+08   3.2800000e+00
   2.4677988e+08   1.3000000e+00
   2.4678124e+08   6.2000000e-01
   2.4678260e+08   1.5800000e+00
   2.4678396e+08   5.0000000e+00
   2.4678532e+08   6.5000000e-01
   2.4678668e+08   3.5000000e+00
   2.4678804e+08   0.0000000e+00
   2.4678940e+08   2.4600000e+00
   2.4679076e+08   4.1400000e+00
   2.4679212e+08   4.0000000e+00
   2.4679348e+08   1.2900000e+00
   2.4679484e+08   1.7700000e+00
   2.4679620e+08   3.3400000e+00
   2.4679756e+08   2.0700000e+00
   2.4679892e+08   4.6300000e+00
   2.4680028e+08   1.7700000e+00
   2.4680164e+08   1.7700000e+00
   2.4680300e+08   1.8200000e+00
   2.4680436e+08   4.4300000e+00
   2.4680572e+08   2.3900000e+00
   2.4680708e+08   1.7600000e+00
   2.4680844e+08   3.7600000e+00
   2.4680980e+08   1.7200000e+00
   2.4681116e+08   3.6300000e+00
   2.4681252e+08   3.4600000e+00
   2.4681388e+08   1.8900000e+00
   2.4681524e+08   2.6300000e+00
   2.4681660e+08   2.9200000e+00
   2.4681796e+08   4.4100000e+00
   2.4681932e+08   1.4300000e+00
   2.4682068e+08   3.6100000e+00
   2.4682204e+08   2.8200000e+00
   2.4682340e+08   2.6500000e+00
   2.4682476e+08   4.0600000e+00
   2.4682612e+08   2.6100000e+00
   2.4682748e+08   2.1800000e+00
   2.4682884e+08   2.5500000e+00
   2.4683020e+08   4.0600000e+00
   2.4683156e+08   2.5200000e+00
   2.4683292e+08   3.1400000e+00
   2.4683428e+08   2.5500000e+00
   2.4683564e+08   3.1300000e+00
   2.4683700e+08   2.6700000e+00
   2.4683836e+08   4.2500000e+00
   2.4683972e+08   2.2000000e+00
   2.4684108e+08   2.3900000e+00
   2.4684244e+08   3.5800000e+00
   2.4684380e+08   2.6900000e+00
   2.4684516e+08   3.5000000e+00
   2.4684652e+08   2.6700000e+00
   2.4684788e+08   3.0500000e+00
   2.4684924e+08   2.8000000e+00
   2.4685060e+08   3.4400000e+00
   2.4685196e+08   3.4300000e+00
   2.4685332e+08   2.3400000e+00
   2.4685468e+08   3.1800000e+00
   2.4685604e+08   3.2800000e+00
   2.4685740e+08   2.7400000e+00
   2.4685877e+08   3.6700000e+00
   2.4686012e+08   2.5100000e+00
   2.4686148e+08   3.1400000e+00
   2.4686284e+08   3.2100000e+00
   2.4686420e+08   3.3900000e+00
   2.4686556e+08   2.9900000e+00
   2.4686692e+08   2.9100000e+00
   2.4686828e+08   3.2600000e+00
   2.4686964e+08   3.0900000e+00
   2.4687100e+08   3.1700000e+00
   2.4687236e+08   3.4300000e+00
   2.4687372e+08   2.5800000e+00
   2.4687508e+08   3.2200000e+00
   2.4687644e+08   3.5800000e+00
   2.4687780e+08   2.6800000e+00
   2.4687916e+08   3.5400000e+00
   2.4688052e+08   2.7300000e+00
   2.4688188e+08   3.3400000e+00
   2.4688324e+08   2.9600000e+00
   2.4688460e+08   3.5000000e+00
   2.4688596e+08   2.9900000e+00
   2.4688732e+08   2.7700000e+00
   2.4688868e+08   3.6300000e+00
   2.4689004e+08   3.0400000e+00
   2.4689140e+08   2.9100000e+00
   2.4689276e+08   3.5600000e+00
   2.4689412e+08   2.8200000e+00
   2.4689548e+08   3.1000000e+00
   2.4689684e+08   3.4700000e+00
   2.4689820e+08   3.0200000e+00
   2.4689956e+08   3.0700000e+00
   2.4690092e+08   3.0200000e+00
   2.4690228e+08   3.6800000e+00
   2.4690364e+08   2.6700000e+00
   2.4690500e+08   3.3600000e+00
   2.4690636e+08   3.3500000e+00
   2.4690772e+08   2.7400000e+00
   2.4690908e+08   3.4000000e+00
   2.4691044e+08   3.3900000e+00
   2.4691180e+08   2.7500000e+00
   2.4691316e+08   3.2600000e+00
   2.4691452e+08   3.2100000e+00
   2.4691588e+08   3.2300000e+00
   2.4691724e+08   2.9500000e+00
   2.4691860e+08   3.4300000e+00
   2.4691996e+08   3.1800000e+00
   2.4692132e+08   2.7300000e+00
   2.4692268e+08   3.7900000e+00
   2.4692404e+08   2.8500000e+00
   2.4692540e+08   2.9900000e+00
   2.4692676e+08   3.3900000e+00
   2.4692812e+08   3.1100000e+00
   2.4692948e+08   3.0400000e+00
   2.4693084e+08   3.2600000e+00
   2.4693220e+08   3.2100000e+00
   2.4693356e+08   3.0600000e+00
   2.4693492e+08   3.1200000e+00
   2.4693628e+08   3.6300000e+00
   2.4693764e+08   2.7400000e+00
   2.4693900e+08   3.2200000e+00
   2.4694036e+08   3.4200000e+00
   2.4694172e+08   2.8000000e+00
   2.4694308e+08   3.3900000e+00
   2.4694444e+08   3.1400000e+00
   2.4694581e+08   3.1100000e+00
   2.4694716e+08   3.0800000e+00
   2.4694852e+08   3.3600000e+00
   2.4694988e+08   3.2200000e+00
   2.4695124e+08   2.9600000e+00
   2.4695260e+08   3.3700000e+00
   2.4695396e+08   3.2300000e+00
   2.4695532e+08   2.8400000e+00
   2.4695668e+08   3.5800000e+00
   2.4695804e+08   2.9300000e+00
   2.4695940e+08   3.1000000e+00
   2.4696076e+08   3.3300000e+00
   2.4696212e+08   3.1300000e+00
   2.4696348e+08   3.1800000e+00
   2.4696484e+08   3.0900000e+00
   2.4696620e+08   3.3800000e+00
   2.4696756e+08   3.0000000e+00
   2.4696892e+08   3.2400000e+00
   2.4697028e+08   3.3900000e+00
   2.4697164e+08   2.9100000e+00
   2.4697300e+08   3.2600000e+00
   2.4697436e+08   3.3700000e+00
   2.4697572e+08   2.9300000e+00
   2.4697708e+08   3.4000000e+00
   2.4697844e+08   3.1000000e+00
   2.4697980e+08   3.2300000e+00
   2.4698116e+08   3.1200000e+00
   2.4698252e+08   3.3100000e+00
   2.4698388e+08   3.2300000e+00
   2.4698524e+08   2.9900000e+00
   2.4698660e+08   3.4700000e+00
   2.4698796e+08   3.0900000e+00
   2.4698932e+08   3.0800000e+00
   2.4699068e+08   3.4400000e+00
   2.4699204e+08   3.0400000e+00
   2.4699340e+08   3.1800000e+00
   2.4699476e+08   3.3400000e+00
   2.4699612e+08   3.1200000e+00
   2.4699748e+08   3.2500000e+00
   2.4699884e+08   3.1400000e+00
   2.4700020e+08   3.4300000e+00
   2.4700156e+08   3.0100000e+00
   2.4700292e+08   3.3200000e+00
   2.4700428e+08   3.3600000e+00
   2.4700564e+08   2.9700000e+00
   2.4700700e+08   3.3900000e+00
   2.4700836e+08   3.2600000e+00
   2.4700972e+08   3.0500000e+00
   2.4701108e+08   3.3300000e+00
   2.4701244e+08   3.2000000e+00
   2.4701380e+08   3.2200000e+00
   2.4701516e+08   3.1600000e+00
   2.4701652e+08   3.3300000e+00
   2.4701788e+08   3.2600000e+00
   2.4701924e+08   3.0400000e+00
   2.4702060e+08   3.5300000e+00
   2.4702196e+08   3.0500000e+00
   2.4702332e+08   3.1800000e+00
   2.4702468e+08   3.4000000e+00
   2.4702604e+08   3.0900000e+00
   2.4702740e+08   3.2200000e+00
   2.4702876e+08   3.2700000e+00
   2.4703012e+08   3.2200000e+00
   2.4703148e+08   3.1900000e+00
   2.4703285e+08   3.2100000e+00
   2.4703420e+08   3.4100000e+00
   2.4703556e+08   3.0400000e+00
   2.4703692e+08   3.3000000e+00
   2.4703828e+08   3.3500000e+00
   2.4703964e+08   2.9900000e+00
   2.4704100e+08   3.3900000e+00
   2.4704236e+08   3.1900000e+00
   2.4704372e+08   3.1500000e+00
   2.4704508e+08   3.2600000e+00
   2.4704644e+08   3.2400000e+00
   2.4704780e+08   3.2400000e+00
   2.4704916e+08   3.1300000e+00
   2.4705052e+08   3.3500000e+00
   2.4705188e+08   3.2400000e+00
   2.4705324e+08   3.0800000e+00
   2.4705460e+08   3.4400000e+00
   2.4705596e+08   3.0600000e+00
   2.4705732e+08   3.2000000e+00
   2.4705868e+08   3.3200000e+00
   2.4706004e+08   3.1000000e+00
   2.4706140e+08   3.2500000e+00
   2.4706276e+08   3.1800000e+00
   2.4706412e+08   3.2700000e+00
   2.4706548e+08   3.1500000e+00
   2.4706684e+08   3.2100000e+00
   2.4706820e+08   3.3500000e+00
   2.4706956e+08   3.0500000e+00
   2.4707092e+08   3.2800000e+00
   2.4707228e+08   3.2600000e+00
   2.4707364e+08   3.0400000e+00
   2.4707500e+08   3.3300000e+00
   2.4707636e+08   3.1400000e+00
   2.4707772e+08   3.2000000e+00
   2.4707908e+08   3.2100000e+00
   2.4708044e+08   3.2000000e+00
   2.4708180e+08   3.2500000e+00
   2.4708316e+08   3.0900000e+00
   2.4708452e+08   3.3400000e+00
   2.4708588e+08   3.1800000e+00
   2.4708724e+08   3.1300000e+00
   2.4708860e+08   3.3400000e+00
   2.4708996e+08   3.0700000e+00
   2.4709132e+08   3.2200000e+00
   2.4709268e+08   3.2500000e+00
   2.4709404e+08   3.1200000e+00
   2.4709540e+08   3.2500000e+00
   2.4709676e+08   3.1400000e+00
   2.4709812e+08   3.2700000e+00
   2.4709948e+08   3.1400000e+00
   2.4710084e+08   3.2100000e+00
   2.4710220e+08   3.3100000e+00
   2.4710356e+08   3.0700000e+00
   2.4710492e+08   3.3000000e+00
   2.4710628e+08   3.1900000e+00
   2.4710764e+08   3.1100000e+00
   2.4710900e+08   3.2900000e+00
   2.4711036e+08   3.1200000e+00
   2.4711172e+08   3.2200000e+00
   2.4711308e+08   3.1800000e+00
   2.4711444e+08   3.1900000e+00
   2.4711580e+08   3.2600000e+00
   2.4711716e+08   3.1100000e+00
   2.4711852e+08   3.3300000e+00
   2.4711989e+08   3.1600000e+00
   2.4712124e+08   3.1800000e+00
   2.4712260e+08   3.3000000e+00
   2.4712396e+08   3.0800000e+00
   2.4712532e+08   3.2600000e+00
   2.4712668e+08   3.2000000e+00
   2.4712804e+08   3.1500000e+00
   2.4712940e+08   3.2500000e+00
   2.4713076e+08   3.1400000e+00
   2.4713212e+08   3.2700000e+00
   2.4713348e+08   3.1600000e+00
   2.4713484e+08   3.2300000e+00
   2.4713620e+08   3.2800000e+00
   2.4713756e+08   3.1000000e+00
   2.4713892e+08   3.3100000e+00
   2.4714028e+08   3.1500000e+00
   2.4714164e+08   3.1600000e+00
   2.4714300e+08   3.2700000e+00
   2.4714436e+08   3.1200000e+00
   2.4714572e+08   3.2500000e+00
   2.4714708e+08   3.1800000e+00
   2.4714844e+08   3.2100000e+00
   2.4714980e+08   3.2500000e+00
   2.4715116e+08   3.1500000e+00
   2.4715252e+08   3.3100000e+00
   2.4715388e+08   3.1400000e+00
   2.4715524e+08   3.2200000e+00
   2.4715660e+08   3.2600000e+00
   2.4715796e+08   3.1000000e+00
   2.4715932e+08   3.2800000e+00
   2.4716068e+08   3.1700000e+00
   2.4716204e+08   3.1800000e+00
   2.4716340e+08   3.2500000e+00
   2.4716476e+08   3.1500000e+00
   2.4716612e+08   3.2700000e+00
   2.4716748e+08   3.1700000e+00
   2.4716884e+08   3.2500000e+00
   2.4717020e+08   3.2400000e+00
   2.4717156e+08   3.1200000e+00
   2.4717292e+08   3.3000000e+00
   2.4717428e+08   3.1300000e+00
   2.4717564e+08   3.2100000e+00
   2.4717700e+08   3.2500000e+00
   2.4717836e+08   3.1300000e+00
   2.4717972e+08   3.2600000e+00
   2.4718108e+08   3.1800000e+00
   2.4718244e+08   3.2200000e+00
   2.4718380e+08   3.2400000e+00
   2.4718516e+08   3.1800000e+00
   2.4718652e+08   3.2900000e+00
   2.4718788e+08   3.1300000e+00
   2.4718924e+08   3.2400000e+00
   2.4719060e+08   3.2300000e+00
   2.4719196e+08   3.1200000e+00
   2.4719332e+08   3.2900000e+00
   2.4719468e+08   3.1500000e+00
   2.4719604e+08   3.2100000e+00
   2.4719740e+08   3.2400000e+00
   2.4719876e+08   3.1700000e+00
   2.4720012e+08   3.2700000e+00
   2.4720148e+08   3.1800000e+00
   2.4720284e+08   3.2600000e+00
   2.4720420e+08   3.2200000e+00
   2.4720556e+08   3.1600000e+00
   2.4720693e+08   3.2900000e+00
   2.4720828e+08   3.1200000e+00
   2.4720964e+08   3.2300000e+00
   2.4721100e+08   3.2300000e+00
   2.4721236e+08   3.1400000e+00
   2.4721372e+08   3.2700000e+00
   2.4721508e+08   3.1700000e+00
   2.4721644e+08   3.2400000e+00
   2.4721780e+08   3.2300000e+00
   2.4721916e+08   3.2100000e+00
   2.4722052e+08   3.2700000e+00
   2.4722188e+08   3.1500000e+00
   2.4722324e+08   3.2600000e+00
   2.4722460e+08   3.2100000e+00
   2.4722596e+08   3.1500000e+00
   2.4722732e+08   3.2900000e+00
   2.4722868e+08   3.1400000e+00
   2.4723004e+08   3.2300000e+00
   2.4723140e+08   3.2200000e+00
   2.4723276e+08   3.1900000e+00
   2.4723412e+08   3.2700000e+00
   2.4723548e+08   3.1900000e+00
   2.4723684e+08   3.2600000e+00
   2.4723820e+08   3.2000000e+00
   2.4723956e+08   3.1800000e+00
   2.4724092e+08   3.2700000e+00
   2.4724228e+08   3.1300000e+00
   2.4724364e+08   3.2500000e+00
   2.4724500e+08   3.2100000e+00
   2.4724636e+08   3.1600000e+00
   2.4724772e+08   3.2600000e+00
   2.4724908e+08   3.1700000e+00
   2.4725044e+08   3.2600000e+00
   2.4725180e+08   3.2200000e+00
   2.4725316e+08   3.2200000e+00
   2.4725452e+08   3.2500000e+00
   2.4725588e+08   3.1400000e+00
   2.4725724e+08   3.2600000e+00
   2.4725860e+08   3.1800000e+00
   2.4725996e+08   3.1700000e+00
   2.4726132e+08   3.2600000e+00
   2.4726268e+08   3.1400000e+00
   2.4726404e+08   3.2400000e+00
   2.4726540e+08   3.2100000e+00
   2.4726676e+08   3.2000000e+00
   2.4726812e+08   3.2600000e+00
   2.4726948e+08   3.1800000e+00
   2.4727084e+08   3.2600000e+00
   2.4727220e+08   3.1800000e+00
   2.4727356e+08   3.2000000e+00
   2.4727492e+08   3.2500000e+00
   2.4727628e+08   3.1400000e+00
   2.4727764e+08   3.2500000e+00
   2.4727900e+08   3.1900000e+00
   2.4728036e+08   3.1800000e+00
   2.4728172e+08   3.2600000e+00
   2.4728308e+08   3.1700000e+00
   2.4728444e+08   3.2600000e+00
   2.4728580e+08   3.2000000e+00
   2.4728716e+08   3.2200000e+00
   2.4728852e+08   3.2300000e+00
   2.4728988e+08   3.1500000e+00
   2.4729124e+08   3.2600000e+00
   2.4729260e+08   3.1700000e+00
   2.4729397e+08   3.1900000e+00
   2.4729532e+08   3.2400000e+00
   2.4729668e+08   3.1500000e+00
   2.4729804e+08   3.2500000e+00
   2.4729940e+08   3.2000000e+00
   2.4730076e+08   3.2200000e+00
   2.4730212e+08   3.2500000e+00
   2.4730348e+08   3.1800000e+00
   2.4730484e+08   3.2500000e+00
   2.4730620e+08   3.1600000e+00
   2.4730756e+08   3.2100000e+00
   2.4730892e+08   3.2200000e+00
   2.4731028e+08   3.1500000e+00
   2.4731164e+08   3.2500000e+00
   2.4731300e+08   3.1700000e+00
   2.4731436e+08   3.2000000e+00
   2.4731572e+08   3.2500000e+00
   2.4731708e+08   3.1800000e+00
   2.4731844e+08   3.2600000e+00
   2.4731980e+08   3.2000000e+00
   2.4732116e+08   3.2200000e+00
   2.4732252e+08   3.2200000e+00
   2.4732388e+08   3.1700000e+00
   2.4732524e+08   3.2500000e+00
   2.4732660e+08   3.1600000e+00
   2.4732796e+08   3.2100000e+00
   2.4732932e+08   3.2200000e+00
   2.4733068e+08   3.1600000e+00
   2.4733204e+08   3.2500000e+00
   2.4733340e+08   3.2000000e+00
   2.4733476e+08   3.2300000e+00
   2.4733612e+08   3.2500000e+00
   2.4733748e+08   3.1900000e+00
   2.4733884e+08   3.2500000e+00
   2.4734020e+08   3.1700000e+00
   2.4734156e+08   3.2200000e+00
   2.4734292e+08   3.2100000e+00
   2.4734428e+08   3.1700000e+00
   2.4734564e+08   3.2500000e+00
   2.4734700e+08   3.1700000e+00
   2.4734836e+08   3.2200000e+00
   2.4734972e+08   3.2400000e+00
   2.4735108e+08   3.2000000e+00
   2.4735244e+08   3.2600000e+00
   2.4735380e+08   3.1900000e+00
   2.4735516e+08   3.2200000e+00
   2.4735652e+08   3.2100000e+00
   2.4735788e+08   3.1800000e+00
   2.4735924e+08   3.2400000e+00
   2.4736060e+08   3.1700000e+00
   2.4736196e+08   3.2300000e+00
   2.4736332e+08   3.2100000e+00
   2.4736468e+08   3.1800000e+00
   2.4736604e+08   3.2600000e+00
   2.4736740e+08   3.1900000e+00
   2.4736876e+08   3.2400000e+00
   2.4737012e+08   3.2300000e+00
   2.4737148e+08   3.1900000e+00
   2.4737284e+08   3.2400000e+00
   2.4737420e+08   3.1700000e+00
   2.4737556e+08   3.2200000e+00
   2.4737692e+08   3.2000000e+00
   2.4737828e+08   3.1800000e+00
   2.4737964e+08   3.2400000e+00
   2.4738101e+08   3.1600000e+00
   2.4738236e+08   3.2300000e+00
   2.4738372e+08   3.2200000e+00
   2.4738508e+08   3.2000000e+00
   2.4738644e+08   3.2500000e+00
   2.4738780e+08   3.1800000e+00
   2.4738916e+08   3.2200000e+00
