   1.9400667e+08   3.3000000e+00
   1.9400803e+08   3.3300000e+00
   1.9400939e+08   3.3400000e+00
   1.9401075e+08   3.3100000e+00
   1.9401211e+08   3.3300000e+00
   1.9401347e+08   3.2700000e+00
   1.9401483e+08   3.2900000e+00
   1.9401619e+08   3.3100000e+00
   1.9401755e+08   3.2900000e+00
   1.9401891e+08   3.3700000e+00
   1.9402027e+08   3.3200000e+00
   1.9402163e+08   3.3000000e+00
   1.9402299e+08   3.3500000e+00
   1.9402435e+08   3.3200000e+00
   1.9402571e+08   3.2800000e+00
   1.9402707e+08   3.2600000e+00
   1.9402843e+08   3.2600000e+00
   1.9402979e+08   3.2700000e+00
   1.9403115e+08   3.2800000e+00
   1.9403251e+08   3.3100000e+00
   1.9403387e+08   3.3100000e+00
   1.9403523e+08   3.3200000e+00
   1.9403659e+08   3.3100000e+00
   1.9403795e+08   3.3000000e+00
   1.9403931e+08   3.2900000e+00
   1.9404067e+08   3.2900000e+00
   1.9404203e+08   3.2800000e+00
   1.9404339e+08   3.2900000e+00
   1.9404475e+08   3.2900000e+00
   1.9404611e+08   3.3300000e+00
   1.9404747e+08   3.2900000e+00
   1.9404883e+08   3.2800000e+00
   1.9405019e+08   0.0000000e+00
   1.9405155e+08   5.0000000e+00
   1.9405291e+08   0.0000000e+00
   1.9405427e+08   5.0000000e+00
   1.9405563e+08   0.0000000e+00
   1.9405699e+08   5.0000000e+00
   1.9405835e+08   1.4300000e+00
   1.9405971e+08   1.7000000e-01
   1.9406107e+08   1.0000000e+00
   1.9406243e+08   0.0000000e+00
   1.9406379e+08   5.0000000e+00
   1.9406515e+08   0.0000000e+00
   1.9406651e+08   5.0000000e+00
   1.9406787e+08   1.2100000e+00
   1.9406923e+08   1.8600000e+00
   1.9407059e+08   3.7300000e+00
   1.9407195e+08   1.1500000e+00
   1.9407331e+08   5.0000000e+00
   1.9407467e+08   0.0000000e+00
   1.9407603e+08   5.0000000e+00
   1.9407739e+08   0.0000000e+00
   1.9407875e+08   4.0800000e+00
   1.9408011e+08   3.4800000e+00
   1.9408147e+08   9.0000000e-01
   1.9408284e+08   2.0500000e+00
   1.9408419e+08   2.8300000e+00
   1.9408555e+08   5.0000000e+00
   1.9408692e+08   0.0000000e+00
   1.9408827e+08   3.7200000e+00
   1.9408963e+08   3.1500000e+00
   1.9409099e+08   4.1000000e-01
   1.9409235e+08   3.5800000e+00
   1.9409371e+08   1.2200000e+00
   1.9409507e+08   1.2200000e+00
   1.9409643e+08   1.0000000e+00
   1.9409779e+08   5.0000000e+00
   1.9409915e+08   0.0000000e+00
   1.9410051e+08   2.3700000e+00
   1.9410187e+08   5.0000000e+00
   1.9410323e+08   1.0700000e+00
   1.9410459e+08   3.6000000e+00
   1.9410595e+08   3.3300000e+00
   1.9410731e+08   4.0600000e+00
   1.9410867e+08   0.0000000e+00
   1.9411003e+08   5.0000000e+00
   1.9411139e+08   2.9000000e-01
   1.9411275e+08   1.4400000e+00
   1.9411411e+08   2.8200000e+00
   1.9411547e+08   2.0900000e+00
   1.9411683e+08   9.8000000e-01
   1.9411819e+08   2.0700000e+00
   1.9411955e+08   3.8800000e+00
   1.9412091e+08   1.4000000e-01
   1.9412227e+08   2.8900000e+00
   1.9412363e+08   3.7400000e+00
   1.9412499e+08   1.0800000e+00
   1.9412635e+08   2.6400000e+00
   1.9412771e+08   3.5400000e+00
   1.9412907e+08   1.8400000e+00
   1.9413043e+08   1.8200000e+00
   1.9413179e+08   3.6000000e+00
   1.9413315e+08   2.6200000e+00
   1.9413451e+08   9.9000000e-01
   1.9413587e+08   4.0700000e+00
   1.9413723e+08   2.2000000e+00
   1.9413859e+08   2.4000000e+00
   1.9413995e+08   2.7700000e+00
   1.9414131e+08   3.7300000e+00
   1.9414267e+08   1.0300000e+00
   1.9414403e+08   3.5700000e+00
   1.9414539e+08   2.8500000e+00
   1.9414675e+08   2.2400000e+00
   1.9414811e+08   2.5800000e+00
   1.9414947e+08   3.0600000e+00
   1.9415083e+08   2.9600000e+00
   1.9415219e+08   1.8800000e+00
   1.9415355e+08   4.4000000e+00
   1.9415491e+08   1.8700000e+00
   1.9415627e+08   3.1500000e+00
   1.9415763e+08   2.8700000e+00
   1.9415899e+08   3.0700000e+00
   1.9416035e+08   2.3500000e+00
   1.9416171e+08   3.1100000e+00
   1.9416307e+08   2.8900000e+00
   1.9416443e+08   2.8500000e+00
   1.9416579e+08   2.8600000e+00
   1.9416715e+08   3.4600000e+00
   1.9416851e+08   2.5900000e+00
   1.9416988e+08   3.0500000e+00
   1.9417123e+08   3.2300000e+00
   1.9417259e+08   2.6900000e+00
   1.9417396e+08   3.1200000e+00
   1.9417531e+08   2.6100000e+00
   1.9417667e+08   3.1900000e+00
   1.9417803e+08   2.7300000e+00
   1.9417939e+08   3.0900000e+00
   1.9418075e+08   2.9500000e+00
   1.9418211e+08   3.2200000e+00
   1.9418347e+08   2.5700000e+00
   1.9418483e+08   3.5000000e+00
   1.9418619e+08   2.6700000e+00
   1.9418755e+08   3.2400000e+00
   1.9418891e+08   2.4600000e+00
   1.9419027e+08   3.4500000e+00
   1.9419163e+08   2.7300000e+00
   1.9419299e+08   2.7900000e+00
   1.9419435e+08   3.5600000e+00
   1.9419571e+08   2.6700000e+00
   1.9419707e+08   3.1100000e+00
   1.9419843e+08   3.1000000e+00
   1.9419979e+08   3.1900000e+00
   1.9420115e+08   2.4700000e+00
   1.9420251e+08   3.4000000e+00
   1.9420387e+08   3.0200000e+00
   1.9420523e+08   2.8500000e+00
   1.9420659e+08   2.8400000e+00
   1.9420795e+08   3.7100000e+00
   1.9420931e+08   2.3400000e+00
   1.9421067e+08   3.3000000e+00
   1.9421203e+08   3.3100000e+00
   1.9421339e+08   2.8000000e+00
   1.9421475e+08   2.8900000e+00
   1.9421611e+08   3.3500000e+00
   1.9421747e+08   2.9100000e+00
   1.9421883e+08   2.6500000e+00
   1.9422019e+08   3.5400000e+00
   1.9422155e+08   3.0100000e+00
   1.9422291e+08   2.7600000e+00
   1.9422427e+08   3.4400000e+00
   1.9422563e+08   3.3500000e+00
   1.9422699e+08   2.3700000e+00
   1.9422835e+08   3.6000000e+00
   1.9422971e+08   3.0200000e+00
   1.9423107e+08   2.9500000e+00
   1.9423243e+08   2.9300000e+00
   1.9423379e+08   3.5500000e+00
   1.9423515e+08   2.6700000e+00
   1.9423651e+08   3.1300000e+00
   1.9423787e+08   3.5900000e+00
   1.9423923e+08   2.8200000e+00
   1.9424059e+08   2.9500000e+00
   1.9424195e+08   3.6000000e+00
   1.9424331e+08   2.9400000e+00
   1.9424467e+08   2.7900000e+00
   1.9424603e+08   3.5400000e+00
   1.9424739e+08   2.9600000e+00
   1.9424875e+08   3.0400000e+00
   1.9425011e+08   3.2100000e+00
   1.9425147e+08   3.5300000e+00
   1.9425283e+08   2.6700000e+00
   1.9425419e+08   3.5300000e+00
   1.9425555e+08   3.2700000e+00
   1.9425692e+08   2.9000000e+00
   1.9425827e+08   3.2200000e+00
   1.9425963e+08   3.4000000e+00
   1.9426100e+08   2.8200000e+00
   1.9426235e+08   3.2000000e+00
   1.9426371e+08   3.3600000e+00
   1.9426507e+08   3.0400000e+00
   1.9426643e+08   3.1200000e+00
   1.9426779e+08   3.3900000e+00
   1.9426915e+08   3.2300000e+00
   1.9427051e+08   2.9200000e+00
   1.9427187e+08   3.6000000e+00
   1.9427323e+08   2.9300000e+00
   1.9427459e+08   3.1400000e+00
   1.9427595e+08   3.2800000e+00
   1.9427731e+08   3.2500000e+00
   1.9427867e+08   2.9900000e+00
   1.9428003e+08   3.4200000e+00
   1.9428139e+08   3.2000000e+00
   1.9428275e+08   3.1500000e+00
   1.9428411e+08   3.2600000e+00
   1.9428547e+08   3.3400000e+00
   1.9428683e+08   3.0400000e+00
   1.9428819e+08   3.2900000e+00
   1.9428955e+08   3.3200000e+00
   1.9429091e+08   3.0000000e+00
   1.9429227e+08   3.3900000e+00
   1.9429363e+08   3.1700000e+00
   1.9429499e+08   3.2200000e+00
   1.9429635e+08   3.2100000e+00
   1.9429771e+08   3.3800000e+00
   1.9429907e+08   3.0400000e+00
   1.9430043e+08   3.3100000e+00
   1.9430179e+08   3.2800000e+00
   1.9430315e+08   3.1800000e+00
   1.9430451e+08   3.1600000e+00
   1.9430587e+08   3.4200000e+00
   1.9430723e+08   3.0500000e+00
   1.9430859e+08   3.2600000e+00
   1.9430995e+08   3.3700000e+00
   1.9431131e+08   3.0900000e+00
   1.9431267e+08   3.2300000e+00
   1.9431403e+08   3.3100000e+00
   1.9431539e+08   3.2400000e+00
   1.9431675e+08   3.0700000e+00
   1.9431811e+08   3.4700000e+00
   1.9431947e+08   3.1600000e+00
   1.9432083e+08   3.1800000e+00
   1.9432219e+08   3.3700000e+00
   1.9432355e+08   3.2900000e+00
   1.9432491e+08   3.0400000e+00
   1.9432627e+08   3.4400000e+00
   1.9432763e+08   3.2100000e+00
   1.9432899e+08   3.1300000e+00
   1.9433035e+08   3.2900000e+00
   1.9433171e+08   3.3800000e+00
   1.9433307e+08   3.1100000e+00
   1.9433443e+08   3.3100000e+00
   1.9433579e+08   3.4600000e+00
   1.9433715e+08   3.0700000e+00
   1.9433851e+08   3.3300000e+00
   1.9433987e+08   3.4000000e+00
   1.9434123e+08   3.1600000e+00
   1.9434259e+08   3.1900000e+00
   1.9434396e+08   3.4600000e+00
   1.9434531e+08   3.1200000e+00
   1.9434667e+08   3.2000000e+00
   1.9434804e+08   3.3700000e+00
   1.9434939e+08   3.2900000e+00
   1.9435075e+08   3.1100000e+00
   1.9435211e+08   3.5000000e+00
   1.9435347e+08   3.2800000e+00
   1.9435483e+08   3.1800000e+00
   1.9435619e+08   3.4300000e+00
   1.9435755e+08   3.2800000e+00
   1.9435891e+08   3.1500000e+00
   1.9436027e+08   3.3200000e+00
   1.9436163e+08   3.3700000e+00
   1.9436299e+08   3.1100000e+00
   1.9436435e+08   3.3300000e+00
   1.9436571e+08   3.3800000e+00
   1.9436707e+08   3.2000000e+00
   1.9436843e+08   3.2700000e+00
   1.9436979e+08   3.4800000e+00
   1.9437115e+08   3.1300000e+00
   1.9437251e+08   3.3100000e+00
   1.9437387e+08   3.3600000e+00
   1.9437523e+08   3.2300000e+00
   1.9437659e+08   3.2100000e+00
   1.9437795e+08   3.3800000e+00
   1.9437931e+08   3.2700000e+00
   1.9438067e+08   3.1800000e+00
   1.9438203e+08   3.4100000e+00
   1.9438339e+08   3.2900000e+00
   1.9438475e+08   3.2000000e+00
   1.9438611e+08   3.4000000e+00
   1.9438747e+08   3.3200000e+00
   1.9438883e+08   3.1800000e+00
   1.9439019e+08   3.3700000e+00
   1.9439155e+08   3.2600000e+00
   1.9439291e+08   3.2400000e+00
   1.9439427e+08   3.2700000e+00
   1.9439563e+08   3.3700000e+00
   1.9439699e+08   3.1800000e+00
   1.9439835e+08   3.2800000e+00
   1.9439971e+08   3.3700000e+00
   1.9440107e+08   3.1800000e+00
   1.9440243e+08   3.2900000e+00
   1.9440379e+08   3.3600000e+00
   1.9440515e+08   3.1900000e+00
   1.9440651e+08   3.2700000e+00
   1.9440787e+08   3.3100000e+00
   1.9440923e+08   3.2200000e+00
   1.9441059e+08   3.2500000e+00
   1.9441195e+08   3.3000000e+00
   1.9441331e+08   3.2900000e+00
   1.9441467e+08   3.1600000e+00
   1.9441603e+08   3.3900000e+00
   1.9441739e+08   3.2700000e+00
   1.9441875e+08   3.2800000e+00
   1.9442011e+08   3.4400000e+00
   1.9442147e+08   3.3200000e+00
   1.9442283e+08   3.3100000e+00
   1.9442419e+08   3.3900000e+00
   1.9442555e+08   3.3200000e+00
   1.9442691e+08   3.2900000e+00
   1.9442827e+08   3.3400000e+00
   1.9442963e+08   3.3500000e+00
   1.9443100e+08   3.2700000e+00
   1.9443235e+08   3.2900000e+00
   1.9443371e+08   3.4400000e+00
   1.9443508e+08   3.2500000e+00
   1.9443643e+08   3.4100000e+00
   1.9443779e+08   3.4200000e+00
   1.9443915e+08   3.3000000e+00
   1.9444051e+08   3.3400000e+00
   1.9444187e+08   3.3400000e+00
   1.9444323e+08   3.2800000e+00
   1.9444459e+08   3.2600000e+00
   1.9444595e+08   3.3300000e+00
   1.9444731e+08   3.3100000e+00
   1.9444867e+08   3.2100000e+00
   1.9445003e+08   3.4100000e+00
   1.9445139e+08   3.3500000e+00
   1.9445275e+08   3.3100000e+00
   1.9445411e+08   3.4400000e+00
   1.9445547e+08   3.4000000e+00
   1.9445683e+08   3.3500000e+00
   1.9445819e+08   3.3900000e+00
   1.9445955e+08   3.4100000e+00
   1.9446091e+08   3.3400000e+00
   1.9446227e+08   3.3900000e+00
   1.9446363e+08   3.4400000e+00
   1.9446499e+08   3.3200000e+00
   1.9446635e+08   3.3900000e+00
   1.9446771e+08   3.4900000e+00
   1.9446907e+08   3.3000000e+00
   1.9447043e+08   3.3800000e+00
   1.9447179e+08   3.3600000e+00
   1.9447315e+08   3.2300000e+00
   1.9447451e+08   3.2800000e+00
   1.9447587e+08   3.2700000e+00
   1.9447723e+08   3.2700000e+00
   1.9447859e+08   3.2200000e+00
   1.9447995e+08   3.3100000e+00
   1.9448131e+08   3.3100000e+00
   1.9448267e+08   3.2400000e+00
   1.9448403e+08   3.3600000e+00
   1.9448539e+08   3.2900000e+00
   1.9448675e+08   3.2400000e+00
   1.9448811e+08   3.3500000e+00
   1.9448947e+08   3.2400000e+00
   1.9449083e+08   3.2700000e+00
   1.9449219e+08   3.2700000e+00
   1.9449355e+08   3.2700000e+00
   1.9449491e+08   3.2400000e+00
   1.9449627e+08   3.2300000e+00
   1.9449763e+08   3.3300000e+00
   1.9449899e+08   3.2300000e+00
   1.9450035e+08   3.2900000e+00
   1.9450171e+08   3.3400000e+00
   1.9450307e+08   3.2400000e+00
   1.9450443e+08   3.3400000e+00
   1.9450579e+08   3.3200000e+00
   1.9450715e+08   3.2700000e+00
   1.9450851e+08   3.3300000e+00
   1.9450987e+08   3.3100000e+00
   1.9451123e+08   3.3400000e+00
   1.9451259e+08   3.2600000e+00
   1.9451395e+08   3.3400000e+00
   1.9451531e+08   3.3300000e+00
   1.9451667e+08   3.2500000e+00
   1.9451804e+08   3.3600000e+00
   1.9451939e+08   3.2800000e+00
   1.9452075e+08   3.2800000e+00
   1.9452212e+08   3.3400000e+00
   1.9452347e+08   3.2600000e+00
   1.9452483e+08   3.3100000e+00
   1.9452619e+08   3.2800000e+00
   1.9452755e+08   3.2900000e+00
   1.9452891e+08   3.2700000e+00
   1.9453027e+08   3.2500000e+00
   1.9453163e+08   3.3100000e+00
   1.9453299e+08   3.2300000e+00
   1.9453435e+08   3.2900000e+00
   1.9453571e+08   3.3200000e+00
   1.9453707e+08   3.2400000e+00
   1.9453843e+08   3.3100000e+00
   1.9453979e+08   3.2600000e+00
   1.9454115e+08   3.2400000e+00
   1.9454251e+08   3.2700000e+00
   1.9454387e+08   3.2400000e+00
   1.9454523e+08   3.2700000e+00
   1.9454659e+08   3.2300000e+00
   1.9454795e+08   3.2700000e+00
   1.9454931e+08   3.2500000e+00
   1.9455067e+08   3.2200000e+00
   1.9455203e+08   3.3100000e+00
   1.9455339e+08   3.2400000e+00
   1.9455475e+08   3.2600000e+00
   1.9455611e+08   3.2800000e+00
   1.9455747e+08   3.2100000e+00
   1.9455883e+08   3.2600000e+00
   1.9456019e+08   3.2300000e+00
   1.9456155e+08   3.2400000e+00
   1.9456291e+08   3.2500000e+00
   1.9456427e+08   3.2300000e+00
   1.9456563e+08   3.2800000e+00
   1.9456699e+08   3.2200000e+00
   1.9456835e+08   3.2900000e+00
   1.9456971e+08   3.2900000e+00
   1.9457107e+08   3.2500000e+00
   1.9457243e+08   3.3200000e+00
   1.9457379e+08   3.2600000e+00
   1.9457515e+08   3.2600000e+00
   1.9457651e+08   3.2700000e+00
   1.9457787e+08   3.2500000e+00
   1.9457923e+08   3.2600000e+00
   1.9458059e+08   3.2400000e+00
   1.9458195e+08   3.2900000e+00
   1.9458331e+08   3.2700000e+00
   1.9458467e+08   3.2700000e+00
   1.9458603e+08   3.3500000e+00
   1.9458739e+08   3.2600000e+00
   1.9458875e+08   3.3100000e+00
   1.9459011e+08   3.3100000e+00
   1.9459147e+08   3.2500000e+00
   1.9459283e+08   3.3000000e+00
   1.9459419e+08   3.2500000e+00
   1.9459555e+08   3.2700000e+00
   1.9459691e+08   3.2600000e+00
   1.9459827e+08   3.2600000e+00
   1.9459963e+08   3.3100000e+00
   1.9460099e+08   3.2600000e+00
   1.9460235e+08   3.3100000e+00
   1.9460371e+08   3.2900000e+00
   1.9460508e+08   3.2700000e+00
   1.9460643e+08   3.3200000e+00
   1.9460779e+08   3.2500000e+00
   1.9460916e+08   3.2700000e+00
   1.9461051e+08   3.3100000e+00
   1.9461187e+08   3.2700000e+00
   1.9461323e+08   3.2800000e+00
   1.9461459e+08   3.2600000e+00
   1.9461595e+08   3.3100000e+00
   1.9461731e+08   3.2900000e+00
   1.9461867e+08   3.3000000e+00
   1.9462003e+08   3.3500000e+00
   1.9462139e+08   3.2800000e+00
   1.9462275e+08   3.3000000e+00
   1.9462411e+08   3.3000000e+00
   1.9462547e+08   3.2600000e+00
   1.9462683e+08   3.3000000e+00
   1.9462819e+08   3.2800000e+00
   1.9462955e+08   3.2900000e+00
   1.9463091e+08   3.2700000e+00
   1.9463227e+08   3.2900000e+00
   1.9463363e+08   3.3100000e+00
   1.9463499e+08   3.2800000e+00
   1.9463635e+08   3.3400000e+00
   1.9463771e+08   3.3100000e+00
   1.9463907e+08   3.2800000e+00
   1.9464043e+08   3.3200000e+00
   1.9464179e+08   3.2800000e+00
   1.9464315e+08   3.3000000e+00
   1.9464451e+08   3.3000000e+00
   1.9464587e+08   3.2900000e+00
   1.9464723e+08   3.3100000e+00
   1.9464859e+08   3.2800000e+00
   1.9464995e+08   3.3300000e+00
   1.9465131e+08   3.3000000e+00
   1.9465267e+08   3.3400000e+00
   1.9465403e+08   3.4300000e+00
   1.9465539e+08   3.3300000e+00
   1.9465675e+08   3.3600000e+00
   1.9465811e+08   3.4000000e+00
   1.9465947e+08   3.5000000e+00
   1.9466083e+08   3.5600000e+00
   1.9466219e+08   3.4900000e+00
   1.9466355e+08   3.4700000e+00
   1.9466491e+08   3.3600000e+00
   1.9466627e+08   3.4100000e+00
   1.9466763e+08   3.4400000e+00
   1.9466899e+08   3.4700000e+00
   1.9467035e+08   3.4500000e+00
   1.9467171e+08   3.4900000e+00
   1.9467307e+08   3.4200000e+00
   1.9467443e+08   3.4600000e+00
   1.9467579e+08   3.4200000e+00
   1.9467715e+08   3.4400000e+00
   1.9467851e+08   3.4000000e+00
   1.9467987e+08   3.3800000e+00
   1.9468123e+08   3.3800000e+00
   1.9468259e+08   3.3500000e+00
   1.9468395e+08   3.3800000e+00
   1.9468531e+08   3.4100000e+00
   1.9468667e+08   3.3800000e+00
