314391336 3.24
314392228 3.24
314393164 3.24
314394100 3.23
314395036 3.23
314395972 3.22
314396908 3.21
314397844 3.21
314398796 3.21
314399736 3.21
314400672 3.21
314401608 3.21
314402628 3.21
314403988 3.21
314405348 3.22
314406708 3.23
314408068 3.23
314409428 3.24
314410788 3.23
314412148 3.21
314413508 3.21
314414868 3.21
314416228 3.21
314417588 3.21
314418948 3.21
314420308 3.21
314421668 3.21
314423028 3.23
314424388 3.23
314425748 3.23
314427108 3.23
314428468 3.22
314429828 3.21
314431188 3.21
314432548 3.21
314433908 3.21
314435268 3.21
314436632 3.21
314437988 3.21
314439348 3.22
314440712 3.23
314442068 3.23
314443428 3.23
314444788 3.22
314446148 3.21
314447508 3.21
314448868 3.21
314450228 3.20
314451588 3.20
314452948 3.21
314454308 3.21
314455668 3.21
314457028 3.22
314458388 3.23
314459748 3.23
314461108 3.22
314462468 3.21
314463828 3.21
314465188 3.21
314466548 3.20
314467908 3.20
314469268 3.21
314470628 3.21
314471988 3.21
314473348 3.22
314474708 3.23
314476068 3.23
314477428 3.22
314478788 3.22
314480148 3.21
314481508 3.21
314482868 3.21
314484228 3.21
314485588 3.21
314486948 3.21
314488308 3.21
314489668 3.23
314491028 3.23
314492388 3.23
314493748 3.23
314495108 3.22
314496468 3.21
314497828 3.21
314499188 3.21
314500548 3.21
314501908 3.21
314503268 3.21
314504628 3.21
314505988 3.22
314507348 3.23
314508708 3.23
314510068 3.23
314511428 3.23
314512788 3.21
314514148 3.21
314515508 3.21
314516868 3.21
314518228 3.21
314519588 3.21
314520948 3.21
314522308 3.22
314523672 3.23
314525028 3.24
314526388 3.23
314527752 3.23
314529108 3.22
314530468 3.21
314531828 3.21
314533188 3.21
314534548 3.21
314535908 3.21
314537268 3.21
314538628 3.21
314539988 3.23
314541348 3.23
314542708 3.23
314544068 3.23
314545428 3.22
314546788 3.21
314548148 3.21
314549508 3.21
314550868 3.21
314552228 3.21
314553588 3.21
314554948 3.21
314556308 3.22
314557668 3.23
314559028 3.23
314560388 3.23
314561748 3.22
314563108 3.21
314564468 3.21
314565828 3.21
314567188 3.21
314568548 3.21
314569908 3.21
314571268 3.21
314572628 3.22
314573988 3.23
314575348 3.23
314576708 3.23
314578068 3.22
314579428 3.21
314580788 3.21
314582148 3.21
314583508 3.21
314584868 3.21
314586228 3.21
314587588 3.22
314588948 3.22
314590308 3.23
314591668 3.24
314593028 3.24
314594388 3.23
314595748 3.22
314597108 3.21
314598468 3.21
314599828 3.21
314601188 3.21
314602548 3.21
314603908 3.22
314605268 3.22
314606628 3.23
314607988 3.24
314609348 3.24
314610712 3.23
314612068 3.22
314613428 3.21
314614792 3.21
314616148 3.21
314617508 3.21
314618868 3.21
314620228 3.22
314621588 3.21
314622948 3.23
314624308 3.23
314625668 3.24
314627028 3.23
314628388 3.22
314629748 3.21
314631108 3.21
314632468 3.21
314633828 3.21
314635188 3.21
314636548 3.22
314637908 3.22
314639268 3.22
314640628 3.23
314641988 3.24
314643348 3.23
314644708 3.23
314646068 3.22
314647428 3.21
314648788 3.21
314650148 3.21
314651508 3.21
314652868 3.21
314654228 3.21
314655588 3.22
314656948 3.23
314658308 3.23
314659668 3.23
314661028 3.23
314662388 3.22
314663748 3.21
314665108 3.21
314666468 3.21
314667828 3.21
314669188 3.21
314670548 3.21
314671908 3.21
314673268 3.23
314674628 3.23
314675988 3.23
314677348 3.23
314678708 3.22
314680068 3.21
314681428 3.21
314682788 3.21
314684148 3.21
314685508 3.21
314686868 3.21
314688228 3.21
314689588 3.22
314690948 3.23
314692308 3.23
314693668 3.23
314695028 3.22
314696388 3.21
314697752 3.21
314699108 3.21
314700468 3.21
314701832 3.21
314703188 3.21
314704548 3.21
314705908 3.22
314707268 3.23
314708628 3.23
314709988 3.23
314711348 3.22
314712708 3.21
314714068 3.21
314715428 3.21
314716788 3.21
314718148 3.21
314719508 3.21
314720868 3.21
314722228 3.22
314723588 3.23
314724948 3.23
314726308 3.23
314727668 3.22
314729028 3.21
314730388 3.21
314731748 3.21
314733108 3.21
314734468 3.21
314735828 3.21
314737188 3.21
314738548 3.21
314739908 3.22
314741268 3.23
314742628 3.23
314743988 3.23
314745348 3.22
314746708 3.21
314748068 3.21
314749428 3.21
314750788 3.21
314752148 3.21
314753508 3.21
314754868 3.21
314756228 3.22
314757588 3.23
314758948 3.23
314760308 3.23
314761668 3.22
314763028 3.21
314764388 3.21
314765748 3.21
314767108 3.21
314768468 3.21
314769828 3.21
314771188 3.21
314772548 3.22
314773908 3.23
314775268 3.23
314776628 3.23
314777988 3.22
314779348 3.21
314780708 3.21
314782068 3.21
314783428 3.21
314784792 3.21
314786148 3.21
314787508 3.21
314788872 3.22
314790228 3.23
314791588 3.23
314792948 3.23
314794308 3.23
314795668 3.21
314797028 3.21
314798388 3.21
314799748 3.21
314801108 3.21
314802468 3.21
314803828 3.21
314805188 3.22
314806548 3.23
314807908 3.24
314809268 3.24
314810628 3.23
314811988 3.22
314813348 3.21
314814708 3.21
314816068 3.21
314817428 3.21
314818788 3.21
314820148 3.22
314821508 3.21
314822868 3.22
314824228 3.23
314825588 3.23
314826948 3.23
314828308 3.22
314829668 3.21
314831028 3.21
314832388 3.21
314833748 3.21
314835108 3.21
314836468 3.21
314837828 3.21
314839188 3.22
314840548 3.23
314841908 3.24
314843268 3.23
314844628 3.22
314845988 3.22
314847348 3.21
314848708 3.21
314850068 3.21
314851428 3.21
314852788 3.21
314854148 3.21
314855508 3.22
314856868 3.23
314858228 3.23
314859588 3.23
314860948 3.22
314862308 3.21
314863668 3.21
314865028 3.21
314866388 3.21
314867748 3.21
314869108 3.21
314870468 3.21
314871832 3.21
314873188 3.22
314874548 3.23
314875912 3.23
314877268 3.23
314878628 3.22
314879988 3.21
314881348 3.21
314882708 3.21
314884068 3.21
314885428 3.21
314886788 3.21
314888148 3.22
314889508 3.23
314890868 3.23
314892228 3.24
314893588 3.23
314894948 3.22
314896308 3.21
314897668 3.21
314899028 3.21
314900388 3.21
314901748 3.21
314903108 3.21
314904468 3.22
314905828 3.22
314907188 3.23
314908548 3.23
314909908 3.24
314911268 3.23
314912628 3.22
314913988 3.21
314915348 3.21
314916708 3.21
314918068 3.21
314919428 3.21
314920788 3.22
314922148 3.22
314923508 3.23
314924868 3.24
314926228 3.24
314927588 3.23
314928948 3.22
314930308 3.21
314931668 3.21
314933028 3.21
314934388 3.21
314935748 3.22
314937108 3.22
314938468 3.22
314939828 3.23
314941188 3.24
314942548 3.24
314943908 3.23
314945268 3.22
314946628 3.21
314947988 3.21
314949348 3.21
314950708 3.21
314952068 3.21
314953428 3.21
314954788 3.21
314956148 3.22
314957508 3.23
314958872 3.24
314960228 3.23
314961588 3.22
314962952 3.21
314964308 3.21
314965668 3.21
314967028 3.21
314968388 3.21
314969748 3.21
314971108 3.21
314972468 3.22
314973828 3.23
314975188 3.23
314976548 3.23
314977908 3.22
314979268 3.21
314980628 3.21
314981988 3.21
314983348 3.21
314984708 3.21
314986068 3.21
314987428 3.21
314988788 3.22
314990148 3.23
314991508 3.23
314992868 3.23
314994228 3.23
314995588 3.22
314996948 3.21
314998308 3.21
314999668 3.20
315001028 3.21
315002388 3.21
315003748 3.21
315005108 3.21
315006468 3.22
315007828 3.23
315009188 3.23
315010548 3.23
315011908 3.22
315013268 3.21
315014628 3.21
315015988 3.21
315017348 3.21
315018708 3.21
315020068 3.21
315021428 3.21
315022788 3.22
315024148 3.23
315025508 3.23
315026868 3.23
315028228 3.22
315029588 3.21
315030948 3.21
315032308 3.21
315033668 3.21
315035028 3.21
315036388 3.21
315037748 3.21
315039108 3.22
315040468 3.23
315041828 3.23
315043188 3.23
315044548 3.22
315045912 3.21
315047268 3.21
315048628 3.21
315049992 3.21
315051348 3.21
315052708 3.21
315054068 3.21
315055428 3.22
315056788 3.23
315058148 3.24
315059508 3.23
315060868 3.23
315062228 3.22
315063588 3.21
315064948 3.21
315066308 3.21
315067668 3.21
315069028 3.21
315070388 3.21
315071748 3.21
315073108 3.23
315074468 3.23
315075828 3.23
315077188 3.23
315078548 3.22
315079908 3.21
315081268 3.21
315082628 3.21
315083988 3.21
315085348 3.21
315086708 3.21
315088068 3.21
315089428 3.22
315090788 3.23
315092148 3.23
315093508 3.23
315094868 3.22
315096228 3.21
315097588 3.21
315098948 3.21
315100308 3.21
315101668 3.21
315103028 3.21
315104388 3.21
315105748 3.22
315107108 3.23
315108468 3.23
315109828 3.23
315111188 3.22
315112548 3.21
315113908 3.21
315115268 3.21
315116628 3.21
315117988 3.21
315119348 3.21
315120708 3.22
315122068 3.22
315123428 3.23
315124788 3.24
315126148 3.24
315127508 3.23
315128868 3.22
315130228 3.21
315131588 3.21
315132952 3.21
315134308 3.21
315135668 3.21
315137032 3.22
315138388 3.22
315139748 3.23
315141108 3.23
315142468 3.24
315143828 3.23
315145188 3.22
315146548 3.21
315147908 3.21
315149268 3.21
315150628 3.21
315151988 3.21
315153348 3.21
315154708 3.21
315156068 3.23
315157428 3.24
315158788 3.23
315160148 3.23
315161508 3.22
315162868 3.21
315164228 3.21
315165588 3.21
315166948 3.21
315168308 3.21
315169668 3.21
315171028 3.21
315172388 3.22
315173748 3.23
315175108 3.23
315176468 3.23
315177828 3.22
315179188 3.21
315180548 3.21
315181908 3.21
315183268 3.21
315184628 3.21
315185988 3.21
315187348 3.21
315188708 3.22
315190068 3.23
315191428 3.23
315192788 3.23
315194148 3.23
315195508 3.22
315196868 3.21
315198228 3.21
315199588 3.21
315200948 3.21
315202308 3.21
315203668 3.21
315205028 3.21
315206388 3.23
315207748 3.23
315209108 3.23
315210468 3.23
315211828 3.22
315213188 3.21
315214548 3.21
315215908 3.21
315217268 3.21
315218628 3.21
315219992 3.21
315221348 3.21
315222708 3.22
315224072 3.23
315225428 3.23
315226788 3.23
315228148 3.22
315229508 3.21
315230868 3.21
315232228 3.21
315233588 3.21
315234948 3.21
315236308 3.21
315237668 3.21
315239028 3.22
315240388 3.23
315241748 3.24
315243108 3.23
315244468 3.22
315245828 3.21
315247188 3.21
315248548 3.21
315249908 3.21
315251268 3.21
315252628 3.21
315253988 3.21
315255348 3.22
315256708 3.23
315258068 3.24
315259428 3.23
315260788 3.23
315262148 3.22
315263508 3.21
315264868 3.21
315266228 3.21
315267588 3.21
315268948 3.21
315270308 3.21
315271668 3.21
315273028 3.22
315274388 3.23
315275748 3.23
315277108 3.23
315278468 3.22
315279828 3.21
315281188 3.21
315282548 3.21
315283908 3.21
315285268 3.21
315286628 3.21
315287988 3.21
315289348 3.22
315290708 3.23
315292068 3.23
315293428 3.23
315294788 3.22
315296148 3.21
315297508 3.21
315298868 3.21
315300228 3.21
315301588 3.21
315302948 3.21
315304308 3.21
315305668 3.22
315307032 3.23
315308388 3.23
315309748 3.23
315311112 3.22
315312468 3.21
315313828 3.21
315315188 3.21
315316548 3.21
315317908 3.21
315319268 3.21
315320628 3.21
315321988 3.21
315323348 3.23
315324708 3.23
315326068 3.24
315327428 3.23
315328788 3.22
315330148 3.21
315331508 3.21
315332868 3.21
315334228 3.21
315335588 3.21
315336948 3.22
315338308 3.22
315339668 3.23
315341028 3.24
315342388 3.23
315343748 3.23
315345108 3.22
315346468 3.21
315347828 3.21
315349188 3.21
315350548 3.21
315351908 3.21
315353268 3.21
315354628 3.22
315355988 3.22
315357348 3.23
315358708 3.24
315360068 3.23
315361428 3.22
315362788 3.21
315364148 3.21
315365508 3.21
315366868 3.21
315368228 3.21
315369588 3.21
315370948 3.21
315372308 3.22
315373668 3.23
315375028 3.23
315376388 3.23
315377748 3.22
315379108 3.21
315380468 3.21
315381828 3.21
315383188 3.21
315384548 3.21
315385908 3.21
315387268 3.21
315388628 3.21
315389988 3.23
315391348 0.98
315392708 2.79
315394072 0.00
315395428 2.00
315396788 5.00
315398152 4.15
315399508 5.00
315400868 0.00
315402228 2.78
315403588 4.11
315404948 5.00
315406308 1.40
315407668 0.00
315409028 2.69
315410388 0.51
315411748 5.00
315413108 0.68
315414468 1.80
315415828 3.55
315417188 4.17
315418548 2.58
315419908 3.30
315421268 1.78
315422628 0.87
315423988 5.00
315425348 2.10
315426708 1.52
315428068 1.66
315429428 1.90
315430788 2.66
315432148 1.17
315433508 3.19
315434868 0.00
315436228 4.62
315437588 3.50
315438948 1.75
315440308 2.76
315441668 2.22
315443028 4.06
315444388 2.36
315445748 3.83
315447108 1.21
315448468 1.81
315449828 4.48
315451188 3.30
315452548 2.02
315453908 2.91
315455268 2.42
315456628 3.05
315457988 3.74
315459348 2.76
315460708 2.03
315462068 2.54
315463428 4.22
315464788 2.62
315466148 2.59
315467508 3.48
315468868 2.08
315470228 3.80
315471588 3.39
315472948 2.26
315474308 2.96
315475668 2.88
315477028 4.14
315478388 2.04
315479748 3.32
315481112 2.77
315482468 2.50
315483828 4.00
315485192 2.66
315486548 2.57
315487908 3.00
315489268 3.33
315490628 3.32
315491988 2.89
315493348 2.91
315494708 3.02
315496068 2.77
315497428 4.01
315498788 2.42
315500148 3.08
315501508 3.33
315502868 2.90
315504228 3.67
315505588 2.76
315506948 3.08
315508308 3.12
315509668 3.13
315511028 3.56
315512388 2.59
315513748 3.43
315515108 3.22
315516468 2.94
315517828 3.81
315519188 2.52
315520548 3.35
315521908 3.25
315523268 3.14
315524628 3.33
315525988 2.96
315527348 3.35
315528708 3.12
315530068 3.18
315531428 3.50
315532788 2.54
315534148 3.50
315535508 3.26
315536868 2.78
315538228 3.60
315539588 2.80
315540948 3.37
315542308 3.10
315543668 3.35
315545028 3.15
315546388 2.78
315547748 3.64
315549108 2.95
315550468 2.90
315551828 3.60
315553188 2.67
315554548 3.32
315555908 3.28
315557268 3.05
315558628 3.18
315559988 2.98
315561348 3.57
315562708 2.73
315564068 3.25
315565428 3.35
315566788 2.67
315568152 3.49
315569508 3.21
315570868 2.86
315572232 3.38
315573588 3.07
315574948 3.37
315576308 2.93
315577668 3.35
315579028 3.18
315580388 2.78
315581748 3.70
315583108 2.87
315584468 3.05
315585828 3.44
315587188 2.99
315588548 3.27
315589908 3.15
315591268 3.21
315592628 3.15
315593988 3.03
315595348 3.58
315596708 2.77
315598068 3.27
315599428 3.36
315600788 2.84
315602148 3.48
315603508 3.06
315604868 3.13
315606228 3.21
315607588 3.18
315608948 3.33
315610308 2.95
315611668 3.37
315613028 3.22
315614388 2.92
315615748 3.60
315617108 2.90
315618468 3.22
315619828 3.33
315621188 3.05
315622548 3.33
315623908 3.09
315625268 3.36
315626628 3.14
315627988 3.16
315629348 3.47
315630708 2.90
315632068 3.37
315633428 3.29
315634788 2.95
315636148 3.48
315637508 3.04
315638868 3.28
315640228 3.20
315641588 3.24
315642948 3.33
315644308 3.01
315645668 3.44
315647028 3.13
315648388 3.06
315649748 3.49
315651108 2.95
315652468 3.28
315653828 3.28
315655192 3.08
315656548 3.33
315657908 3.10
315659272 3.41
315660628 3.06
315661988 3.23
315663348 3.36
315664708 2.92
315666068 3.39
315667428 3.19
315668788 3.04
315670148 3.39
315671508 3.08
315672868 3.29
315674228 3.15
315675588 3.26
315676948 3.28
315678308 3.01
315679668 3.44
315681028 3.05
315682388 3.13
315683748 3.39
315685108 3.00
315686468 3.29
315687828 3.20
315689188 3.16
315690548 3.27
315691908 3.10
315693268 3.39
315694628 3.03
315695988 3.23
315697348 3.30
315698708 2.96
315700068 3.38
315701428 3.12
315702788 3.12
315704148 3.30
315705508 3.10
315706868 3.30
315708228 3.10
315709588 3.27
315710948 3.23
315712308 3.04
315713668 3.40
315715028 3.04
315716388 3.19
315717748 3.31
315719108 3.04
315720468 3.30
315721828 3.13
315723188 3.23
315724548 3.23
315725908 3.13
315727268 3.35
315728628 3.04
315729988 3.26
315731348 3.25
315732708 3.02
315734068 3.36
315735428 3.09
315736788 3.19
315738148 3.24
315739508 3.13
315740868 3.30
315742232 3.10
315743588 3.30
315744948 3.19
315746312 3.08
315747668 3.36
315749028 3.04
315750388 3.23
315751748 3.26
315753108 3.08
315754468 3.30
315755828 3.12
315757188 3.27
315758548 3.20
315759908 3.17
315761268 3.33
315762628 3.05
315763988 3.29
315765348 3.20
315766708 3.08
315768068 3.34
315769428 3.09
315770788 3.24
315772148 3.22
315773508 3.16
315774868 3.30
315776228 3.11
315777588 3.30
315778948 3.16
315780308 3.14
315781668 3.32
315783028 3.05
315784388 3.27
315785748 3.21
315787108 3.12
315788468 3.30
315789828 3.13
315791188 3.29
315792548 3.19
315793908 3.20
315795268 3.29
315796628 3.07
315797988 3.31
315799348 3.16
315800708 3.14
315802068 3.31
315803428 3.10
315804788 3.26
315806148 3.20
315807508 3.19
315808868 3.28
315810228 3.13
315811588 3.30
315812948 3.13
315814308 3.19
315815668 3.28
315817028 3.07
315818388 3.29
315819748 3.18
315821108 3.16
315822468 3.28
315823828 3.14
315825188 3.28
315826548 3.17
315827908 3.21
315829272 3.26
315830628 3.09
315831988 3.30
315833352 3.14
315834708 3.18
315836068 3.28
315837428 3.11
315838788 3.28
315840148 3.19
315841508 3.22
315842868 3.26
315844228 3.15
315845588 3.30
315846948 3.13
315848308 3.22
315849668 3.26
315851028 3.10
315852388 3.30
315853748 3.16
315855108 3.20
315856468 3.27
315857828 3.17
315859188 3.30
315860548 3.17
315861908 3.24
315863268 3.24
315864628 3.13
315865988 3.30
315867348 3.14
315868708 3.22
315870068 3.26
315871428 3.13
315872788 3.29
315874148 3.19
315875508 3.25
315876868 3.25
315878228 3.17
315879588 3.28
315880948 3.14
315882308 3.24
315883668 3.23
315885028 3.13
315886388 3.29
315887748 3.15
315889108 3.23
315890468 3.26
315891828 3.18
315893188 3.28
315894548 3.16
315895908 3.24
315897268 3.21
315898628 3.15
315899988 3.28
315901348 3.13
315902708 3.24
315904068 3.23
315905428 3.15
315906788 3.29
315908148 3.17
315909508 3.25
315910868 3.22
315912228 3.17
315913588 3.26
315914948 3.13
315916312 3.24
315917668 3.20
315919028 3.15
315920392 3.28
315921748 3.14
315923108 3.25
315924468 3.24
315925828 3.19
315927188 3.27
315928548 3.15
315929908 3.24
315931268 3.19
315932628 3.17
315933988 3.26
315935348 3.14
315936708 3.25
315938068 3.21
315939428 3.17
315940788 3.27
315942148 3.17
315943508 3.26
315944868 3.20
315946228 3.19
315947588 3.25
315948948 3.15
315950308 3.25
315951668 3.19
315953028 3.18
315954388 3.26
315955748 3.15
315957108 3.26
315958468 3.22
315959828 3.21
315961188 3.26
315962548 3.16
315963908 3.25
315965268 3.18
315966628 3.20
315967988 3.25
315969348 3.15
315970708 3.26
315972068 3.20
315973428 3.20
315974788 3.27
315976148 3.18
315977508 3.26
315978868 3.20
315980228 3.20
315981588 3.24
315982948 3.16
315984308 3.26
315985668 3.18
315987028 3.20
315988388 3.26
315989748 3.17
315991108 3.27
315992468 3.22
315993828 3.22
315995188 3.25
315996548 3.17
315997908 3.25
315999268 3.18
316000628 3.21
316001988 3.24
316003352 3.16
316004708 3.26
316006068 3.20
316007432 3.22
316008788 3.26
316010148 3.19
316011508 3.25
316012868 3.19
316014228 3.21
316015588 3.22
316016948 3.17
316018308 3.25
316019668 3.17
316021028 3.22
316022388 3.24
316023748 3.18
316025108 3.27
316026468 3.21
316027828 3.22
316029188 3.22
316030548 3.18
316031908 3.24
316033268 3.17
316034628 3.22
316035988 3.22
316037348 3.17
316038708 3.26
316040068 3.19
316041428 3.23
316042788 3.25
316044148 3.19
316045508 3.24
316046868 3.18
316048228 3.22
316049588 3.21
316050948 3.18
316052308 3.25
316053668 3.17
316055028 3.23
316056388 3.24
316057748 3.20
316059108 3.26
316060468 3.20
316061828 3.22
316063188 3.22
316064548 3.19
316065908 3.23
316067268 3.18
316068628 3.23
316069988 3.21
316071348 3.19
316072708 3.26
316074068 3.20
316075428 3.24
316076788 3.24
316078148 3.19
316079508 3.23
316080868 3.18
316082228 3.22
316083588 3.21
316084948 3.19
316086308 3.24
316087668 3.18
316089028 3.24
316090392 3.23
316091748 3.20
316093108 3.26
316094472 3.19
316095828 3.22
316097188 3.21
316098548 3.19
316099908 3.23
316101268 3.18
316102628 3.23
316103988 3.20
316105348 3.20
316106708 3.26
316108068 3.20
316109428 3.24
316110788 3.22
316112148 3.19
316113508 3.23
316114868 3.18
316116228 3.22
316117588 3.20
316118948 3.20
316120308 3.23
316121668 3.18
316123028 3.24
316124388 3.22
316125748 3.21
316127108 3.25
316128468 3.19
316129828 3.22
316131188 3.21
316132548 3.20
316133908 3.22
316135268 3.19
316136628 3.23
316137988 3.20
316139348 3.21
316140708 3.25
316142068 3.20
316143428 3.25
316144788 3.21
316146148 3.20
316147508 3.22
316148868 3.19
316150228 3.22
316151588 3.20
316152948 3.21
316154308 3.22
316155668 3.19
316157028 3.25
316158388 3.22
316159748 3.22
316161108 3.24
316162468 3.19
316163828 3.22
316165188 3.20
316166548 3.20
316167908 3.22
316169268 3.19
316170628 3.23
316171988 3.20
316173348 3.23
316174708 3.25
316176068 3.21
316177432 3.24
316178788 3.21
316180148 3.20
316181512 3.22
316182868 3.19
316184228 3.22
316185588 3.20
316186948 3.21
316188308 3.22
316189668 3.21
316191028 3.25
316192388 3.22
316193748 3.23
316195108 3.23
316196468 3.19
316197828 3.22
316199188 3.20
316200548 3.20
316201908 3.22
316203268 3.20
316204628 3.23
316205988 3.21
316207348 3.23
316208708 3.24
316210068 3.21
316211428 3.24
316212788 3.20
316214148 3.21
316215508 3.22
316216868 3.19
316218228 3.22
316219588 3.20
316220948 3.21
316222308 3.22
316223668 3.22
316225028 3.25
316226388 3.22
316227748 3.23
316229108 3.22
316230468 3.19
316231828 3.22
316233188 3.20
316234548 3.21
316235908 3.21
316237268 3.20
316238628 3.23
316239988 3.21
316241348 3.24
316242708 3.23
316244068 3.21
316245428 3.23
316246788 3.19
316248148 3.21
316249508 3.21
316250868 3.19
316252228 3.22
316253588 3.20
316254948 3.22
316256308 3.22
316257668 3.22
316259028 3.25
316260388 3.21
316261748 3.22
316263108 3.21
316264472 3.19
316265828 3.22
316267188 3.20
316268552 3.21
316269908 3.21
316271268 3.21
316272628 3.23
316273988 3.22
316275348 3.25
316276708 3.23
316278068 3.21
316279428 3.23
316280788 3.20
316282148 3.21
316283508 3.21
316284868 3.20
316286228 3.22
316287588 3.20
316288948 3.23
316290308 3.23
316291668 3.23
316293028 3.25
316294388 3.21
316295748 3.22
316297108 3.22
316298468 3.20
316299828 3.22
316301188 3.20
316302548 3.21
316303908 3.21
316305268 3.21
316306628 3.24
316307988 3.22
316309348 3.24
316310708 3.22
316312068 3.21
316313428 3.22
316314788 3.20
316316148 3.21
316317508 3.21
316318868 3.21
316320228 3.22
316321588 3.21
316322948 3.23
316324308 3.23
316325668 3.23
316327028 3.23
316328388 3.20
316329748 3.22
316331108 3.21
316332468 3.20
316333828 3.22
316335188 3.21
316336548 3.22
316337908 3.21
316339268 3.22
316340628 3.24
316341988 3.23
316343348 3.24
316344708 3.22
316346068 3.21
316347428 3.22
316348788 3.20
316350148 3.21
316351512 3.21
316352868 3.21
316354228 3.22
316355592 3.21
316356948 3.24
316358308 3.23
316359668 3.23
316361028 3.23
316362388 3.20
316363748 3.22
316365108 3.20
316366468 3.20
316367828 3.21
316369188 3.20
316370548 3.22
316371908 3.21
316373268 3.23
316374628 3.24
316375988 3.23
316377348 3.24
316378708 3.21
316380068 3.21
316381428 3.22
316382788 3.20
316384148 3.22
316385508 3.21
316386868 3.21
316388228 3.22
316389588 3.22
316390948 3.24
316392308 3.23
316393668 3.23
316395028 3.22
316396388 3.20
316397748 3.22
316399108 3.20
316400468 3.21
316401828 3.22
316403188 3.20
316404548 3.22
316405908 3.21
316407268 3.23
316408628 3.23
316409988 3.22
316411348 3.22
316412708 3.20
316414068 3.21
316415428 3.21
316416788 3.20
316418148 3.21
316419508 3.20
316420868 3.20
316422228 3.22
316423588 3.22
316424948 3.23
316426308 3.22
316427668 3.22
316429028 3.21
316430388 3.20
316431748 3.21
316433108 3.19
316434468 3.20
316435828 3.21
316437188 3.20
316438552 3.22
316439908 3.22
316441268 3.23
316442632 3.23
316443988 3.22
316445348 3.22
316446708 3.20
316448068 3.21
316449428 3.20
316450788 3.20
316452148 3.21
316453508 3.20
316454868 3.21
316456228 3.22
316457588 3.22
316458948 3.23
316460308 3.22
316461668 3.22
316463028 3.21
316464388 3.20
316465748 3.21
316467108 3.20
316468468 3.20
316469828 3.21
316471188 3.20
316472548 3.22
316473908 3.22
316475268 3.23
316476628 3.23
316477988 3.21
316479348 3.21
316480708 3.20
316482068 3.21
316483428 3.20
316484788 3.20
316486148 3.21
316487508 3.20
316488868 3.21
316490228 3.23
316491588 3.23
316492948 3.23
316494308 3.21
316495668 3.21
316497028 3.21
316498388 3.20
316499748 3.21
316501108 3.20
316502468 3.21
316503828 3.21
316505188 3.21
316506548 3.23
316507908 3.23
316509268 3.23
316510628 3.22
316511988 3.21
316513348 3.21
316514708 3.20
316516068 3.21
316517428 3.21
316518788 3.21
316520148 3.22
316521508 3.21
316522868 3.22
316524228 3.23
316525592 3.23
316526948 3.23
316528308 3.21
316529672 3.21
316531028 3.20
316532388 3.20
316533748 3.21
316535108 3.20
316536468 3.21
316537828 3.21
316539188 3.21
316540548 3.23
316541908 3.23
316543268 3.23
316544628 3.22
316545988 3.21
316547348 3.21
316548708 3.21
316550068 3.21
316551428 3.21
316552788 3.21
316554148 3.22
316555508 3.22
316556868 3.24
316558228 3.24
316559588 3.23
316560948 3.23
316562308 3.21
316563668 3.22
316565028 3.21
316566388 3.21
316567748 3.21
316569108 3.21
316570468 3.22
316571828 3.22
316573188 3.23
316574548 3.24
316575908 3.23
316577268 3.23
316578628 3.21
316579988 3.21
316581348 3.21
316582708 3.20
316584068 3.21
316585428 3.21
316586788 3.21
316588148 3.22
316589508 3.22
316590868 3.24
316592228 3.23
316593588 3.23
316594948 3.22
316596308 3.21
316597668 3.21
316599028 3.21
316600388 3.21
316601748 3.21
316603108 3.21
316604468 3.22
316605828 3.22
316607188 3.23
316608548 3.24
316609908 3.23
316611268 3.23
316612632 3.21
316616376 3.20
316617316 3.21
