
0.40.00 0.02
0.07 0.02
0.20 0.02
0.11 0.02
0.12 0.02
0.24 0.02
0.16 0.02
0.14 0.02
0.112
0.19 0.02
0.10 0.02
0.15 0.02
0.00 0.02
0.07 0.02
0.20 0.02
0.11 0.02
0.12 0.02
0.24 0.02
0.16 0.02
0.14 0.02
0.11þ0.10 0.02
0.17 0.02
0.35 0.02
0.04 0.02
0.16 0.02
0.20 0.02
0.40 0.02
0.21 0.02
0.08 0.02
0.16 0.02
0.12 0.02
0.15 0.02
0.09 0.02
0.18 0.02
0.28 0.02
0.12 0.02
0.01 0.02
0.11 0.02
0.12 0.02
0.11 0.02
0.08 0.02
0.23 0.02
0.26 0.02
0.16 0.01
0.20 0.02
0.07 0.02
0.15 0.02
0.21 0.02
0.10 0.02
0.16 0.02
0.22 0.02
0.09 0.02
0.20 0.02
0.11 0.02
0.13 0.02
1.34 0.42
0.00 0.00
1.20 0.00
1.37 0.49
0.00 0.36
0.00 0.00
0.78 0.00
0.81 0.21
0.00 0.26
0.00 0.00
0.45 0.00
0.70 0.10
0.19 0.17
0.00 0.01
0.22 0.00
0.44 0.05
0.28 0.13
0.07 0.06
0.16 0.00
0.31 0.01
0.24 0.07
0.11 0.07
0.10 0.01
0.25 0.01
0.31 0.05
0.20 0.06
0.14 0.03
0.24 0.01
0.30 0.04
0.25 0.05
0.12 0.04
0.24 0.02
0.22 0.02
0.24 0.04
0.21 0.04
0.13 0.03
0.13 0.02
0.23 0.04
0.16 0.04
0.10 0.03
0.21 0.03
0.20 0.03
0.20 0.04
0.19 0.03
0.14 0.03
0.22 0.03
0.22 0.03
0.13 0.04
0.06 0.03
0.18 0.03
0.24 0.03
0.32 0.03
0.34 0.03
0.25 0.03
0.17 0.03
0.39 0.03
0.23 0.03
0.11 0.03
0.19 0.03
0.25 0.03
0.16 0.03
0.10 0.03
0.14 0.03
0.11 0.03
0.04 0.03
0.09 0.03
0.30 0.03
0.20 0.03
0.17 0.03
0.17 0.03
0.10 0.03
0.20 0.03
0.17 0.03
0.15 0.03
0.06 0.03
0.06 0.02
0.09 0.03
0.08 0.03
0.17 0.03
0.27 0.03
0.24 0.03
0.20 0.03
0.18 0.03
0.21 0.02
0.18 0.02
0.04 0.03
0.21 0.03
0.17 0.03
0.15 0.03
0.32 0.03
0.11 0.02
0.19 0.03
0.39 0.03
0.19 0.02
0.22 0.03
0.18 0.03
0.13 0.02
0.11 0.02
0.12 0.03
0.15 0.03
0.16 0.02
0.18 0.03
0.19 0.03
0.09 0.02
0.20 0.03
0.27 0.03
0.15 0.03
0.19 0.03
0.11 0.03
0.00 0.03
0.16 0.02
0.15 0.03
0.18 0.02
0.20 0.02
0.12 0.03
0.18 0.02
0.08 0.02
0.21 0.03
0.01 0.02
0.11 0.02
0.14 0.03
0.20 0.03
0.12 0.02
0.13 0.03
0.09 0.03
0.22 0.02
0.15 0.03
0.26 0.03
0.17 0.02
0.06 0.02
0.19 0.03
0.00 0.02
0.10 0.02
0.15 0.02
0.18 0.03
0.16 0.02
0.16 0.03
0.19 0.03
0.13 0.02
0.10 0.03
0.18 0.03
0.10 0.02
0.24 0.03
0.27 0.03
0.11 0.02
0.11 0.03
0.16 0.03
0.13 0.02
0.19 0.02
0.06 0.02
0.08 0.02
0.18 0.02
0.25 0.03
0.09 0.02
0.08 0.02
0.08 0.02
0.08 0.02
0.24 0.02
0.08 0.03
0.15 0.03
0.22 0.02
0.21 0.02
0.12 0.02
0.17 0.02
0.17 0.02
0.10 0.03
0.14 0.02
0.14 0.02
0.08 0.02
0.26 0.02
0.24 0.02
0.14 0.02
0.56 0.02
0.07 0.02
0.14 0.02
0.04 0.02
0.07 0.02
0.31 0.02
0.15 0.02
0.11 0.02
0.09 0.02
0.07 0.02
0.18 0.02
0.23 0.02
0.24 0.02
0.37 0.02
0.14 0.02
0.14 0.03
0.01 0.02
0.18 0.02
0.17 0.03
0.11 0.02
0.08 0.02
0.14 0.02
0.20 0.03
0.17 0.02
0.12 0.02
0.21 0.02
0.06 0.02
0.06 0.02
0.20 0.02
0.22 0.02
0.13 0.02
0.09 0.02
0.13 0.02
0.07 0.02
0.02 0.02
0.11 0.02
0.18 0.02
0.15 0.02
0.12 0.02
0.26 0.02
0.17 0.02
0.00 0.02
0.15 0.02
0.23 0.02
0.16 0.02
0.23 0.02
0.13 0.02
0.17 0.03
0.22 0.02
0.20 0.02
0.21 0.02
0.11 0.02
0.00 0.02
0.19 0.02
0.00 0.02
0.11 0.02
0.16 0.02
0.18 0.02
0.12 0.02
0.19 0.02
0.27 0.02
0.17 0.02
0.16 0.02
0.25 0.02
0.04 0.02
0.05 0.02
0.10 0.02
0.10 0.02
0.12 0.02
0.21 0.02
0.12 0.02
0.18 0.02
0.24 0.02