063
0.07 0.03
0.17 0.03
0.10 0.03
0.03 0.03
0.17 0.03
0.00 0.03
0.13 0.02
0.21 0.03
0.17 0.03
0.22 0.02
0.09 ð0.62 0.09
0.52 0.07
0.91 0.06
0.35 0.05
0.34 0.05
0.35 0.06
0.40 0.06
0.61 0.11
0.26 0.11
0.26 0.07
0.29 0.07
0.37 0.10
0.32 0.11
0.32 0.08
0.33 0.06
0.47 0.08
0.90 0.10
0.20 0.09
0.23 0.07
0.24 0.08
0.30 0.08
0.30 0.08
0.29 0.08
0.44 0.07
0.27 0.08
0.41 0.08
0.32 0.08
0.31 0.07
0.31 0.07
0.30 0.08
0.29 0.07
0.49 0.07
0.23 0.07
0.29 0.07
0.25 0.07
0.30 0.07
0.29 0.07
0.26 0.07
0.31 0.07
0.22 0.07
0.31 0.07
0.31 0.07
0.24 0.07
0.24 0.06
0.23 0.07
0.30 0.07
0.37 0.06
0.30 0.07
0.31 0.06
0.30 0.06
0.30 0.06
0.21 0.07
0.28 0.06
0.31 0.06
0.20 0.07
0.29 0.06
0.32 0.06
0.27 0.06
0.27 0.06
0.30 0.06
0.22 0.06
0.28 0.06
0.22 0.06
0.21 0.06
0.24 0.06
0.20 0.06
0.15 0.06
0.38 0.06
0.02 0.06
0.29 0.06
0.30 0.06
0.31 0.06
0.26 0.06
0.13 0.06
0.27 0.06
0.15 0.06
0.34 0.06
0.05 0.06
0.17 0.05
0.22 0.06
0.28 0.06
0.25 0.05
0.20 0.06
0.19 0.06
0.13 0.05
0.30 0.06
0.22 0.06
0.16 0.05
0.15 0.05
0.28 0.06
0.25 0.05
0.36 0.05
0.25 0.06
0.34 0.05
0.20 0.05
0.23 0.05
0.31 0.05
0.11 0.05
0.28 0.06
0.24 0.05
0.22 0.05
0.16 0.05
0.65 0.05
0.29 0.05
0.24 0.05
0.23 0.05
0.16 0.05
0.15 0.05
0.35 0.05
0.32 0.05
0.16 0.05
0.28 0.05
0.24 0.05
0.22 0.04
0.22 0.05
0.29 0.05
0.25 0.05
0.26 0.05
0.35 0.05
0.29 0.05
0.37 0.05
0.26 0.05
0.28 0.04
0.26 0.05
0.24 0.05
0.23 0.05
0.25 0.05
0.27 0.05
0.23 0.05
0.22 0.04
0.18 0.05
0.15 0.05
0.22 0.04
0.27 0.05
0.12 0.05
0.21 0.05
0.00 0.05
0.28 0.05
0.13 0.04
0.22 0.05
0.22 0.05
0.15 0.04
0.26 0.04
0.06 0.04
0.27 0.04
0.15 0.04
0.21 0.05
0.31 0.04
0.22 0.04
0.19 0.04
0.31 0.04
0.22 0.04
0.16 0.04
0.20 0.04
0.17 0.04
0.21 0.04
0.22 0.04
0.14 0.04
0.27 0.04
0.23 0.04
0.25 0.04
0.18 0.04
0.32 0.04
0.12 0.04
0.11 0.04
0.23 0.04
0.20 0.04
0.21 0.04
0.26 0.04
0.19 0.04
0.40 0.04
0.23 0.04
0.25 0.04
0.24 0.04
0.14 0.04
0.22 0.04
0.23 0.04
0.20 0.04
0.22 0.04
0.48 0.04
0.25 0.04
0.21 0.04
0.24 0.04
0.19 0.04
0.26 0.04
0.21 0.04
0.28 0.04
0.26 0.04
0.40 0.04
0.26 0.04
0.26 0.04
0.25 0.04
0.24 0.04
0.17 0.04
0.27 0.04
0.25 0.04
0.21 0.04
0.26 0.04
0.26 0.04
0.18 0.04
0.24 0.04
0.16 0.04
0.17 0.03
0.33 0.04
0.29 0.04
0.20 0.04
0.28 0.04
0.11 0.04
0.25 0.04
0.19 0.04
0.22 0.04
0.22 0.04
0.18 0.04
0.16 0.04
0.19 0.04
0.20 0.03
0.10 0.04
0.26 0.04
0.23 0.04
0.13 0.04
0.15 0.04
0.19 0.04
0.25 0.04
0.16 0.04
0.25 0.04
0.17 0.04
0.19 0.04
0.21 0.03
0.15 0.04
0.04 0.04
0.22 0.04
0.24 0.04
0.15 0.04
0.21 0.04
0.17 0.03
0.16 0.04
0.15 0.04
0.16 0.03
0.11 0.04
0.18 0.04
0.22 0.03
0.12 0.04
0.22 0.04
0.21 0.03
0.22 0.03
0.21 0.04
0.22 0.03
0.06 0.04
0.15 0.04
0.17 0.03
0.15 0.04
0.26 0.04
0.16 0.04
0.19 0.03
0.24 0.04
0.19 0.04
0.05 0.03
0.12 0.04
0.06 0.04
0.18 0.03
0.15 0.03
0.20 0.04
0.00 0.03
0.18 0.03
0.14 0.04
0.10 0.03
0.23 0.03
0.18 0.04
0.18 0.03
0.22 0.03
0.24 0.04
0.21 0.03
0.17 0.03
0.13 0.04
0.06 0.04
0.23 0.03
0.00 0.03
0.19 0.04
0.22 0.03
0.21 0.03
0.15 0.03
0.13 0.03
0.14 0.03
0.01 0.03
0.22 0.04
0.00 0.03
0.09 0.04
0.17 0.03
0.14 0.03
0.22 0.04
0.32 0.03
0.13 0.03
0.15 0.03
0.22 0.03
0.18 0.03
0.13 0.03
0.16 0.03
0.16 0.03
0.15 0.03
0.18 0.03
0.23 0.03
0.06 0.03
0.17 0.04
0.11 0.03
0.09 0.03
0.10 0.03
0.22 0.03
0.17 0.03
0.25 0.03
0.14 0.03
0.12 0.03
0.15 0.03
0.16 0.03
0.14 0.03
0.25 0.03
0.12 0.03
0.17 0.03
0.16 0.03
0.16 0.03
0.13 0.03
0.18 0.03
0.12 0.03
0.17 0.03
0.13 0.03
0.23 0.03
0.19 0.03
0.13 0.03
0.11 0.03
0.06 0.03
0.19 0.03
0.17 0.03
0.22 0.03
0.10 0.03
0.21 0.03
0.13 0.03
0.20 0.03
0.14 0.03
0.66 0.03
0.19 0.03
0.19 0.03
0.14 0.03
0.22 0.03
0.19 0.03
0.21 0.03
0.33 0.03
0.13 0.03
0.25 0.03
0.12 0.03
0.16 0.03
0.25 0.03
0.20 0.03
0.13 0.03
0.20 0.03
0.20 0.03
0.15 0.03
0.24 0.03
0.18 0.03
0.08 0.03
0.19 0.03
0.18 0.03
0.10 0.03
0.18 0.03
0.27 0.03
0.21 0.03
0.16 0.03
0.13 0.03
0.16 0.03
0.19 0.03
0.19 0.03
0.19 0.03
0.11 0.03
0.24 0.03
0.15 0.03
0.20 0.02
0.14 0.02
0.22 0.03
0.13 0.03
0.10 0.03
0.19 0.03
0.16 0.03
0.14 0.02
0.19 0.03
0.19 0.03
0.1