0.16 0.01
0.02 0.01
0.09 0.00
0.21 0.01
0.07 0.01
0.16 0.00
0.02 0.01
0.10 0.01
0.54 0.01
0.06 0.01
0.16 0.01
0.02 0.01
0.09 0.00
0.21 0.01
0.07 0.01
0.16 0.00
0.02 0.01
0.10 0.01
0.54 0.01
0.06 0.01
0.16 0.01
0.02 0.01
0.22 0.01
0.65 0.29
0.60 0.29
0.60 0.31
0.63 0.32
0.74 0.34
0.81 0.35
0.99 0.34
0.56 0.15
0.82 0.12
0.99 0.23
0.58 0.27
0.49 0.19
0.63 0.12
0.82 0.16
1.11 0.22
0.54 0.19
0.55 0.14
0.64 0.14
0.72 0.18
0.48 0.17
0.52 0.14
0.61 0.13
0.62 0.15
0.52 0.16
0.52 0.14
0.55 0.12
0.45 0.13
0.54 0.14
0.44 0.14
0.50 0.12
0.37 0.12
0.54 0.13
0.43 0.13
0.39 0.12
0.43 0.11
0.47 0.11
0.50 0.12
0.38 0.11
0.40 0.10
0.56 0.11
0.40 0.11
0.38 0.10
0.42 0.10
0.49 0.10
0.50 0.10
0.43 0.10
0.51 0.10
0.37 0.09
0.35 0.10
0.39 0.10
0.32 0.10
0.24 0.09
0.42 0.10
0.06 0.09
0.44 0.09
0.36 0.09
0.29 0.09
0.23 0.08
0.32 0.09
0.42 0.09
0.34 0.08
0.34 0.09
0.26 0.09
0.30 0.08
0.29 0.09
0.36 0.08
0.33 0.08
0.38 0.08
0.26 0.08
0.31 0.08
0.32 0.08
0.66 0.08
0.32 0.08
0.32 0.08
0.25 0.08
0.37 0.08
0.23 0.08
0.26 0.08
0.76 0.08
0.27 0.07
0.38 0.08
0.30 0.08
0.38 0.08
0.19 0.08
0.24 0.08
0.50 0.08
0.30 0.08
0.22 0.08
0.27 0.08
0.43 0.07
0.40 0.07
0.26 0.08
0.37 0.07
0.29 0.07
0.24 0.07
0.29 0.07
0.31 0.07
0.32 0.07
0.27 0.07
0.31 0.07
0.29 0.07
0.37 0.07
0.35 0.07
0.01 0.07
0.25 0.07
0.25 0.07
0.26 0.07
0.21 0.07
0.27 0.06
0.21 0.07
0.41 0.07
0.28 0.07
0.20 0.07
0.21 0.07
0.14 0.06
0.28 0.07
0.26 0.07
0.32 0.06
0.30 0.06
0.25 0.07
0.22 0.06
0.16 0.06
0.29 0.07
0.26 0.06
0.24 0.06
0.30 0.07
0.30 0.07
0.27 0.06
0.35 0.06
0.18 0.06
0.25 0.06
0.21 0.06
0.30 0.06
0.14 0.06
0.26 0.06
0.26 0.06
0.28 0.06
0.19 0.06
0.22 0.06
0.36 0.06
0.23 0.06
0.22 0.06
0.28 0.06
0.29 0.06
0.38 0.06
0.30 0.06
0.40 0.06
0.34 0.06
0.23 0.06
0.28 0.06
0.18 0.06
0.32 0.06
0.22 0.06
0.39 0.06
0.20 0.06
0.18 0.06
0.29 0.06
0.18 0.06
0.27 0.06
0.18 0.05
0.17 0.06
0.26 0.06
0.22 0.06
0.24 0.06
0.25 0.06
0.24 0.05
0.31 0.06
0.18 0.06
0.22 0.06
0.22 0.05
0.20 0.06
0.21 0.06
0.26 0.05
0.22 0.06
0.03 0.06
0.27 0.05
0.39 0.06
0.20 0.06
0.10 0.05
0.30 0.05
0.23 0.06
0.26 0.05
0.22 0.06
0.21 0.06
0.22 0.05
0.16 0.05
0.25 0.06
0.21 0.05
0.17 0.05
0.12 0.06
0.17 0.05
0.27 0.05
0.32 0.05
0.25 0.05
0.25 0.05
0.19 0.05
0.18 0.05
0.27 0.05
0.20 0.05
0.44 0.06
0.15 0.05
0.24 0.05
0.21 0.05
0.37 0.05
0.21 0.05
0.20 0.06
0.24 0.05
0.22 0.05
0.21 0.05
0.20 0.05
0.32 0.05
0.19 0.05
0.20 0.05
0.20 0.05
0.16 0.05
0.26 0.05
0.21 0.05
0.34 0.05
0.18 0.05
0.20 0.05
0.20 0.05
0.22 0.05
0.28 0.05
0.22 0.05
0.27 0.05
0.26 0.05
0.27 0.04
0.17 0.05
0.14 0.05
0.11 0.04
0.28 0.05
0.26 0.05
0.17 0.04
0.18 0.05
0.25 0.05
0.09 0.05
0.16 0.05
0.25 0.05
0.19 0.05
0.27 0.04
0.23 0.05
0.16 0.05
0.27 0.05
0.22 0.05
0.30 0.05
0.20 0.05
0.11 0.05
0.17 0.05
0.17 0.04
0.64 0.05
0.24 0.05
0.15 0.04
0.19 0.05
0.25 0.05
0.08 0.04
0.17 0.04
0.23 0.05
0.26 0.04
0.24 0.04
0.39 0.05
0.38 0.05
0.16 0.04
0.22 0.05
0.24 0.04
0.25 0.04
0.24 0.04
0.19 0.05
0.25 0.04
0.18 0.04
0.24 0.04
0.14 0.04
0.12 0.04
0.11 0.04
0.33 0.04
0.22 0.04
0.21 0.05
0.12 0.04
0.13 0.04
0.22 0.04
0.20 0.05
0.15 0.04
0.23 0.04
0.23 0.04
0.16 0.05
0.30 0.05
0.15 0.05
0.22 0.04
0.15 0.04
0.27 0.05
0.33 0.04
0.18 0.04
0.32 0.05
0.61 0.04
0.18 0.04
0.31 0.04
0.20 0.04
0.31 0.04
0.22 0.04
0.18 0.04
0.17 0.04
0.15 0.04
0.21 0.04
0.14 0.04
0.27 0.04
0.15 0.04
0.17 0.04
0.27 0.04
0.31 0.04
0.17 0.04
0.17 0.04
0.29 0.04
0.17 0.04
0.22 0.04
0.25 0.04
0.20 0.04
0.19 0.04
0.16 0.04
0.31 0.04
0.26 0.04
0.17 0.04
0.20 0.04
0.19 0.04
0.26 0.04
0.22 0.04
0.27 0.04
0.22 0.04
0.20 0.04
0.32 0.04
0.13 0.04
0.25 0.04
0.14 0.04
0.14 0.04
0.16 0.04
0.18 0.04
0.19 0.04
0.14 0.04
0.18 0.04
0.17 0.04
0.24 0.04
0.41 0.04
0.18 0.04
0.16 0.04
0.11 0.04
0.17 0.04
0.16 0.04
0.18 0.04
0.17 0.04
0.15 0.04
0.21 0.04
0.11 0.04
0.10 0.04
0.21 0.04
0.20 0.04
0.14 0.04
0.16 0.04
0.18 0.04
0.14 0.04
0.21 0.04
0.24 0.04
0.16 0.04
0.16 0.03
0.27 0.05
0.17 0.04
0.10 0.04
0.17 0.04
0.26 0.04
0.15 0.03
0.25 0.03
0.17 0.04
0.27 0.04
0.11 0.04
0.04 0.04
0.21 0.04
0.10 0.03
0.25 0.04
0.25 0.04
0.13 0.03
0.30 0.04
0.38 0.04
0.29 0.04
0.18 0.04
0.19 0.04
0.17 0.04
0.17 0.04
0.37 0.04
0.19 0.03
0.28 0.04
0.22 0.04
0.28 0.04
0.13
