0.06 0.00
0.01 0.00
0.12 0.00
0.02 0.00
0.10 0.00
0.46 0.00
0.07 0.00
0.13 0.00
0.00 0.00
0.00 0.00
0.09 0.00
0.00 0.00
0.44 0.00
0.36 0.00
1.15 0.16
2.70 0.44
0.94 0.55
0.00 0.10
0.22 0.00
1.21 0.03
0.49 0.30
0.00 0.09
0.15 0.00
0.79 0.00
0.52 0.20
0.00 0.11
0.00 0.00
0.56 0.00
0.37 0.10
0.00 0.10
0.00 0.00
0.23 0.00
0.41 0.05
0.16 0.08
0.00 0.01
0.12 0.00
0.27 0.02
0.25 0.06
0.00 0.03
0.19 0.00
0.27 0.01
0.15 0.04
0.07 0.04
0.07 0.00
0.19 0.00
0.14 0.03
0.08 0.03
0.00 0.01
0.12 0.01
0.20 0.02
0.10 0.02
0.09 0.02
0.12 0.01
0.22 0.01
0.07 0.02
0.05 0.02
0.12 0.01
0.24 0.01
0.05 0.02
0.10 0.01
0.13 0.01
0.16 0.01
0.15 0.01
0.14 0.01
0.20 0.01
0.08 0.01
0.13 0.00
0.40 0.01
0.11 0.01
0.21 0.00
0.16 0.01
0.08 0.01
0.21 0.01
0.15 0.01
0.08 0.01
0.04 0.01
0.15 0.01
0.08 0.01
0.13 0.00
0.06 0.01
0.17 0.01
0.00 0.01
0.10 0.01
0.03 0.01
0.15 0.01
0.06 0.00
0.18 0.01
0.15 0.01
0.11 0.01
0.15 0.01
0.21 0.01
0.02 0.00
0.10 0.00
0.00 0.01
0.09 0.01
0.06 0.00
0.07 0.01
0.05 0.00
0.06 0.00
0.08 0.01
0.12 0.01
0.00 0.00
0.31 0.01
0.12 0.01
0.00 0.00
0.05 0.01
0.08 0.01
0.01 0.00
0.00 0.00
0.18 0.00
0.06 0.00
0.00 0.00
0.10 0.01
0.05 0.00
0.07 0.00
0.13 0.01
0.22 0.00
0.06 0.00
0.04 0.01
0.05 0.01
0.08 0.00
0.05 0.00
0.07 0.00
0.11 0.00
0.11 0.00
0.07 0.01
0.21 0.00
0.03 0.00
0.00 0.01
0.07 0.00
0.08 0.00
0.13 0.01
0.10 0.01
0.14 0.00
0.11 0.01
0.17 0.01
0.16 0.00
0.23 0.01
0.20 0.01
0.07 0.00
0.04 0.00
0.27 0.01
0.11 0.01
0.29 0.00
0.14 0.01
0.15 0.00
0.08 0.00
0.03 0.00
0.04 0.00
0.07 0.00
0.04 0.01
0.06 0.00
0.06 0.00
0.05 0.00
0.10 0.01
0.07 0.00
0.15 0.00
0.10 0.01
0.21 0.00
0.00 0.00
0.00 0.00
0.05 0.00
0.08 0.00
0.06 0.00
0.17 0.00
0.08 0.00
0.03 0.00
0.07 0.00
0.04 0.00
0.08 0.00
0.14 0.01
0.05 0.00
0.13 0.01
0.05 0.00
0.07 0.00
0.19 0.00
0.05 0.01
0.09 0.00
0.02 0.00
0.11 0.00
0.03 0.00
0.03 0.00
0.01 0.01
0.14 0.00
0.06 0.00
0.17 0.00
0.09 0.01
0.04 0.00
0.44 0.00
0.05 0.00
0.03 0.00
0.14 0.00
0.08 0.00
0.07 0.00
0.03 0.00
0.03 0.00
0.02 0.00
0.17 0.00
0.06 0.00
0.12 0.00
0.04 0.00
0.16 0.00
0.00 0.00
0.10 0.00
0.12 0.00
0.19 0.00
0.07 0.00
0.08 0.00
0.14 0.00
0.12 0.00
0.11 0.00
0.07 0.00
0.06 0.00
0.00 0.00
0.05 0.00
0.42 0.00
0.10 0.00
0.32 0.01
0.03 0.00
0.06 0.00
0.00 0.00
0.03 0.00
0.00 0.00
0.17 0.00
0.08 0.00
0.00 0.00
0.07 0.00
0.07 0.00
0.04 0.00
0.18 0.00
0.11 0.00
0.17 0.00
0.10 0.00
0.07 0.00
0.11 0.00
0.47 0.00
0.11 0.00
0.03 0.00
0.06 0.00
0.06 0.00
0.08 0.00
0.08 0.00
0.00 0.01
0.08 0.00
0.12 0.00
0.00 0.00
0.11 0.00
0.17 0.00
0.02 0.00
0.10 0.00
0.10 0.00
0.19 0.00
0.34 0.00
0.13 0.00
0.02 0.00
0.40 0.00
0.10 0.00
0.13 0.00
0.14 0.00
0.11 0.00
0.03 0.00
0.06 0.00
0.00 0.00
0.06 0.00
0.04 0.00
0.15 0.00
0.14 0.00
0.00 0.00
0.01 0.00
0.02 0.00
0.09 0.00
0.13 0.00
0.17 0.00
0.09 0.00
0.15 0.00
0.17 0.00
0.17 0.00
0.09 0.00
0.12 0.00
0.12 0.00
0.11 0.00
0.04 0.00
0.24 0.00
0.09 0.00
0.11 0.00
0.10 0.00
0.00 0.00
0.03 0.00
0.03 0.00
0.01 0.00
0.04 0.00
0.15 0.00
0.08 0.00
0.12 0.00
0.07 0.00
0.16 0.00
0.09 0.00
0.12 0.00
0.00 0.00
0.13 0.00
0.04 0.00
0.04 0.00
0.15 0.00
0.13 0.00
0.07 0.00
0.09 0.00
0.11 0.00
0.12 0.00
0.05 0.00
0.22 0.00
0.07 0.00
0.00 0.00
0.09 0.00
0.13 0.00
0.02 0.00
0.07 0.00
0.00 0.00
0.03 0.00
0.11 0.00
0.07 0.00
0.04 0.00
0.08 0.00
0.03 0.00
0.06 0.00
0.08 0.00
0.13 0.00
0.20 0.00
0.10 0.00
0.08 0.00
0.08 0.00
0.16 0.00
0.00 0.00
0.10 0.00
0.15 0.00
0.00 0.00
0.09 0.00
0.36 0.00
0.07 0.00
0.09 0.00
0.14 0.00
0.17 0.00
0.12 0.00
0.07 0.00
0.00 0.00
0.09 0.00
0.02 0.00
0.08 0.00
0.07 0.00
0.10 0.00
0.18 0.00
0.02 0.00
0.08 0.00
0.07 0.00
0.17 0.00
0.12 0.00
0.00 0.00
0.02 0.00
0.12 0.00
0.13 0.00
0.15 0.00
0.10 0.00
0.00 0.00
0.00 0.00
0.13 0.00
0.02 0.00
0.06 0.00
0.14 0.00
0.06 0.00
0.05 0.00
0.05 0.00
0.02 0.00
0.03 0.00
0.05 0.00
0.00 0.00
0.08 0.00
0.02 0.00
0.05 0.00
0.00 0.00
0.10 0.00
0.14 0.00
0.05 0.00
0.02 0.00
0.00 0.00
0.12 0.00
0.00 0.00
0.00 0.00
0.08 0.00
0.09 0.00
0.20 0.00
0.15 0.00
0.12 0.00
0.00 0.00
0.08 0.00
0.10 0.00
0.04 0.00
0.12 0.00
0.05 0.00
0.02 0.00
0.10 0.00
0.06 0.00
0.05 0.00
0.01 0.00
0.09 0.00
0.00 0.00
0.05 0.00
0.05 0.00
0.12 0.00
0.09 0.00
0.04 0.00
0.02 0.00
0.07 0.00
