4 0.
0.19 0.00
0.00 0.00
0.02 0.00
0.00 0.00
0.15 0.0.22 0.00
0.03 0.00
0.03 0.00
0.00 0.00
0.03 0.00
0.04 0.00
0.01 0.00
0.19 0.00
0.00 0.00
0.02 0.00
0.00 0.00
0.15 0.00.05 0.00
0.10 0.00
0.13 0.00
0.02 0.00
0.08 0.00
0.04 0.00
0.00 0.00
0.01 0.00
0.10 0.00
0.08 0.00
0.04 0.00
0.02 0.00
0.11 0.00
0.00 0.00
0.11 0.00
0.00 0.00
0.00 0.00
0.06 0.00
0.13 0.00
0.02 0.00
0.07 0.00
0.03 0.00
0.04 0.00
0.00 0.00
0.04 0.00
0.26 0.00
0.03 0.00
0.00 0.00
0.05 0.00
0.07 0.00
0.06 0.00
0.01 0.00
0.00 0.09
0.00 0.00
1.26 0.01
0.39 0.14
0.09 0.02
0.00 0.00
0.14 0.00
0.24 0.09
0.04 0.05
0.00 0.02
0.30 0.00
0.23 0.00
0.22 0.04
0.10 0.02
0.01 0.00
0.08 0.00
0.10 0.02
0.04 0.02
0.01 0.00
0.09 0.00
0.08 0.01
0.06 0.02
0.05 0.01
0.17 0.00
0.17 0.00
0.05 0.01
0.13 0.01
0.00 0.00
0.03 0.00
0.18 0.01
0.16 0.00
0.16 0.00
0.06 0.00
0.18 0.00
0.21 0.01
0.07 0.00
0.04 0.00
0.06 0.00
0.12 0.00
0.00 0.00
0.04 0.00
0.04 0.00
0.02 0.00
0.08 0.00
0.19 0.00
0.04 0.00
0.16 0.00
0.08 0.00
0.09 0.00
0.61 0.00
0.07 0.00
0.07 0.00
0.07 0.00
0.12 0.00
0.08 0.01
0.11 0.00
0.00 0.00
0.04 0.00
0.02 0.00
0.00 0.00
0.09 0.00
0.00 0.00
0.00 0.00
0.16 0.00
0.07 0.00
0.07 0.00
0.11 0.00
0.09 0.00
0.04 0.00
0.42 0.00
0.20 0.00
0.00 0.00
0.10 0.00
0.11 0.00
0.10 0.00
0.06 0.00
0.00 0.00
0.17 0.00
0.03 0.00
0.00 0.00
0.05 0.00
0.04 0.00
0.10 0.00
0.02 0.00
0.13 0.00
0.22 0.00
0.12 0.00
0.15 0.00
0.06 0.00
0.38 0.00
0.03 0.00
0.09 0.00
0.00 0.00
0.00 0.00
0.04 0.00
0.15 0.00
0.00 0.00
0.04 0.00
0.02 0.00
0.13 0.00
0.19 0.00
0.09 0.00
0.05 0.00
0.19 0.00
0.12 0.00
0.09 0.00
0.15 0.00
0.05 0.00
0.09 0.00
0.48 0.00
0.08 0.00
0.06 0.00
0.01 0.00
0.04 0.00
0.17 0.00
0.06 0.00
0.00 0.00
0.05 0.00
0.00 0.00
0.00 0.00
0.15 0.00
0.09 0.00
0.03 0.00
0.10 0.00
0.04 0.00
0.03 0.00
0.07 0.00
0.15 0.00
0.10 0.00
0.16 0.00
0.09 0.00
0.14 0.00
0.00 0.00
0.01 0.00
0.01 0.00
0.06 0.00
0.03 0.00
0.08 0.00
0.05 0.00
0.17 0.00
0.11 0.00
0.14 0.00
0.01 0.00
0.07 0.00
0.00 0.00
0.07 0.00
0.19 0.00
0.06 0.00
0.05 0.00
0.00 0.00
0.10 0.00
0.04 0.00
0.08 0.00
0.15 0.00
0.05 0.00
0.00 0.00
0.00 0.00
0.09 0.00
0.06 0.00
0.13 0.00
0.11 0.00
0.01 0.00
0.25 0.00
0.13 0.00
0.10 0.00
0.07 0.00
0.01 0.00
0.02 0.00
0.06 0.00
0.02 0.00
0.08 0.00
0.07 0.00
0.09 0.00
0.04 0.00
0.07 0.00
0.05 0.00
0.16 0.00
0.10 0.00
0.09 0.00
0.14 0.00
0.06 0.00
0.13 0.00
0.08 0.00
0.15 0.00
0.03 0.00
0.05 0.00
0.06 0.00
0.00 0.00
0.06 0.00
0.00 0.00
0.05 0.00
0.03 0.00
0.03 0.00
0.09 0.00
0.00 0.00
0.02 0.00
0.00 0.00
0.03 0.00
0.00 0.00
0.19 0.00
0.02 0.00
0.10 0.00
0.08 0.00
0.05 0.00
0.05 0.00
0.00 0.00
0.07 0.00
0.00 0.00
0.00 0.00
0.00 0.00
0.00 0.00
0.05 0.00
0.03 0.00
0.05 0.00
0.08 0.00
0.02 0.00
0.00 0.00
0.06 0.00
0.05 0.00
0.11 0.00
0.06 0.00
0.01 0.00
0.46 0.00
0.05 0.00
0.16 0.00
0.08 0.00
0.02 0.00
0.00 0.00
0.04 0.00
0.00 0.00
0.01 0.00
0.00 0.00
0.20 0.00
0.06 0.00
0.05 0.00
0.09 0.00
0.00 0.00
0.06 0.00
0.07 0.00
0.10 0.00
0.00 0.00
0.15 0.00
0.29 0.00
0.14 0.00
0.08 0.00
0.01 0.00
0.02 0.00
0.01 0.00
0.14 0.00
0.00 0.00
0.02 0.00
0.00 0.00
0.00 0.00
0.10 0.00
0.00 0.00
0.15 0.00
0.05 0.00
0.09 0.00
0.04 0.00
0.13 0.00
0.00 0.00
0.05 0.00
0.06 0.00
0.01 0.00
0.07 0.00
0.09 0.00
0.11 0.00
0.06 0.00
0.10 0.00
0.00 0.00
0.03 0.00
0.10 0.00
0.00 0.00
0.09 0.00
0.13 0.00
0.04 0.00
0.06 0.00
0.03 0.00
0.02 0.00
0.00 0.00
0.07 0.00
0.00 0.00
0.05 0.00
0.06 0.00
0.07 0.00
0.09 0.00
0.11 0.00
0.10 0.00
0.03 0.00
0.00 0.00
0.09 0.00
0.03 0.00
0.07 0.00
0.00 0.00
0.04 0.00
0.03 0.00
0.04 0.00
0.18 0.00
0.07 0.00
0.23 0.00
0.00 0.00
0.04 0.00
0.11 0.00
0.09 0.00
0.08 0.00
0.00 0.00
0.13 0.00
0.02 0.00
0.14 0.00
0.00 0.00
0.14 0.00
0.06 0.00
0.12 0.00
0.16 0.00
0.16 0.00
0.06 0.00
0.07 0.00
0.08 0.00
0.06 0.00
0.20 0.00
0.09 0.00
0.00 0.00
0.04 0.00
0.07 0.00
0.05 0.00
0.11 0.00
0.07 0.00
0.01 0.00
0.05 0.00
0.00 0.00
0.06 0.00
0.08 0.00
0.00 0.00
0.07 0.00
0.10 0.00
0.04 0.00
0.04 0.00
0.12 0.00
0.16 0.00
0.12 0.00
0.06 0.00
0.08 0.00
0.46 0.00
0.08 0.00
0.14 0.00
0.00 0.00
0.03 0.00
0.06 0.00
0.13 0.00
0.00 0.00
0.00 0.00
0.00 0.00
0.00 0.00
0.05 0.00
0.07 0.00
0.06 0.00
0.00 0.00
0.09 0.00
0.08 0.00
0.18 0.00
0.00 0.00
0.09 0.00
0.51 0.00
0.00 0.00
0.00 0.00
0.02 0.00
0.00 0.00
0.14 0.00
0.12 0.00
0.00 0.00
0.17 0.00
0.07 0.00
0.15 0.00
0.03 0.00
0.02 0.00
0.04 0.00
0.08 0.00
0.07 0.00
0.04 0.00
0.07 0.00
0.18 0.00
0.04 0.00
0.07 0.00
0.00 0.00
0.03 0.00
0.02 0.00
0.02 0.00
0.07 0.00
0.12 0.00
0.05 0.00
0.14 0.00
0.05 0.00
0.15 0.00
0.00 0.00
0.07 0.00
0.25 0.00
0.04 0.00
0.00 0.00
0.28 0.00
0.00 0.00
0.12 0.00
0.01 0.00
0.00 0.00
0.02 0.00
0.08 0.00
0.00 0.00
0.03 0.00
0.04 0.00
0.05 0.00
0.00 0.00
0.00 0.00
0.12 0.00
0.16 0.00
0.10 0.00
0.01 0.00
0.11 0.00
0.05 0.00
0.03 0.00
0.00 0.00