0.00 0.00
0.00 0.00
0.04 0.00
0.00 0.00
0.09 0.00
0.00 0.00
0.00 0.00
0.00 0.00
0.00 0.00
0.00 0.00
0.00 0.00
0.00 0.00
0.00 0.00
0.00 0.00
0.00 0.00
0.00 0.00
0.00 0.00
0.00 0.00
0.00 0.00
0.00 0.00
0.00 0.00
0.00 0.00
0.00 0.00
0.01 0.00
0.00 0.00
0.00 0.00
0.00 0.00
0.02 0.00
0.00 0.00
0.00 0.00
0.00 0.00
0.00 0.00
0.00 0.00
0.19 0.00
0.00 0.00
0.00 0.00
0.00 0.00
0.00 0.00
0.00 0.00
0.00 0.00
0.02 0.00
0.00 0.00
0.00 0.00
0.00 0.00
0.09 0.00
0.00 0.00
0.00 0.00
0.17 0.00
0.00 0.00
0.00 0.00
0.06 0.00
0.00 0.00
0.00 0.00
0.00 0.00
0.00 0.00
0.00 0.00
0.00 0.00
0.00 0.00
0.00 0.00
0.00 0.00
0.00 0.00
0.00 0.00
0.00 0.00
0.00 0.00
0.00 0.00
0.00 0.00
0.00 0.00
0.00 0.00
0.00 0.00
0.06 0.00
0.00 0.00
0.00 0.00
0.00 0.00
0.00 0.00
0.00 0.00
0.00 0.00
0.00 0.00
0.00 0.00
0.00 0.00
0.00 0.00
0.00 0.00
0.00 0.00
0.00 0.00
0.00 0.00
0.00 0.00
0.00 0.00
0.00 0.00
0.00 0.00
0.00 0.00
0.03 0.00
0.00 0.00
0.00 0.00
0.03 0.00
0.00 0.00
0.00 0.00
0.02 0.00
0.02 0.00
0.00 0.00
0.01 0.00
0.00 0.00
0.00 0.00
0.00 0.00
0.00 0.00
0.00 0.00
0.00 0.00
0.00 0.00
0.00 0.00
0.01 0.00
0.00 0.00
0.00 0.00
0.00 0.00
0.00 0.00
0.00 0.00
0.00 0.00
0.19 0.00
0.00 0.00
0.00 0.00
0.00 0.00
0.00 0.00
0.01 0.00
0.00 0.00
0.00 0.00
0.00 0.00
0.00 0.00
0.00 0.00
0.01 0.00
0.00 0.00
0.00 0.00
0.00 0.00
0.00 0.00
0.00 0.00
0.00 0.00
0.00 0.00
0.00 0.00
0.00 0.00
0.00 0.00
0.00 0.00
0.00 0.00
0.00 0.00
0.00 0.00
0.00 0.00
0.00 0.00
0.00 0.00
0.00 0.00
0.00 0.00
0.00 0.00
0.00 0.00
0.00 0.00
0.04 0.00
0.01 0.00
0.00 0.00
0.00 0.00
0.00 0.00
0.00 0.00
0.13 0.00
0.00 0.00
0.00 0.00
0.00 0.00
0.00 0.00
0.00 0.00
0.01 0.00
0.00 0.00
0.00 0.00
0.00 0.00
0.00 0.00
0.03 0.00
0.00 0.00
0.17 0.02
0.00 0.00
0.00 0.00
0.00 0.00
0.01 0.00
0.00 0.00
0.00 0.00
0.00 0.00
0.00 0.00
0.00 0.00
0.00 0.00
0.01 0.00
0.00 0.00
0.00 0.00
0.01 0.00
0.00 0.00
0.00 0.00
0.05 0.00
0.00 0.00
0.00 0.00
0.00 0.00
0.00 0.00
0.00 0.00
0.00 0.00
0.00 0.00
0.00 0.00
0.00 0.00
0.18 0.00
0.00 0.00
0.00 0.00
0.01 0.00
0.00 0.00
0.00 0.00
0.00 0.00
0.00 0.00
0.00 0.00
0.00 0.00
0.00 0.00
0.00 0.00
0.03 0.00
0.00 0.00
0.00 0.00
0.00 0.00
0.00 0.00
0.00 0.00
0.06 0.00
0.00 0.00
0.00 0.00
0.00 0.00
0.03 0.00
0.00 0.00
0.00 0.00
0.00 0.00
0.00 0.00
0.00 0.00
0.00 0.00
0.02 0.00
0.00 0.00
0.00 0.00
0.00 0.00
0.00 0.00
0.00 0.00
0.00 0.00
0.00 0.00
0.00 0.00
0.00 0.00
0.00 0.00
0.00 0.00
0.05 0.00
0.00 0.00
0.00 0.00
0.00 0.00
0.00 0.00
0.00 0.00
0.17 0.00
0.02 0.00
0.00 0.00
0.00 0.00
0.00 0.00
0.00 0.00
0.00 0.00
0.16 0.00
0.00 0.00
0.04 0.00
0.00 0.00
0.04 0.00
0.00 0.00
0.00 0.00
0.87 0.17
0.00 0.00
0.63 0.06
0.00 0.00
0.00 0.00
0.00 0.00
0.02 0.00
0.00 0.00
0.00 0.00
0.10 0.00
0.00 0.00
0.00 0.00
0.01 0.00
0.00 0.00
0.00 0.00
0.24 0.00
0.00 0.00
0.00 0.00
0.00 0.00
0.00 0.00
0.00 0.00
0.00 0.00
0.00 0.00
0.00 0.00
0.03 0.00
0.00 0.00
0.00 0.00
0.00 0.00
0.00 0.00
0.00 0.00
0.00 0.00
0.00 0.00
0.00 0.00
0.00 0.00
0.00 0.00
0.00 0.00
0.00 0.00
0.00 0.00
0.06 0.00
0.00 0.00
0.00 0.00
0.00 0.00
0.00 0.00
0.00 0.00
0.05 0.00
0.00 0.00
0.00 0.00
0.00 0.00
0.00 0.00
0.00 0.00
0.00 0.00
0.00 0.00
0.00 0.00
0.00 0.00
0.04 0.00
0.00 0.00
0.00 0.00
0.00 0.00
0.00 0.00
0.00 0.00
0.06 0.00
0.00 0.00
0.02 0.00
0.00 0.00
0.00 0.00
0.00 0.00
0.53 0.31
0.11 0.00
0.11 0.04
0.00 0.00
0.00 0.00
0.00 0.00
0.00 0.00
0.00 0.00
0.00 0.00
0.00 0.00
0.01 0.00
0.00 0.00
0.00 0.00
0.06 0.00
0.00 0.00
0.00 0.00
0.00 0.00
0.00 0.00
0.00 0.00
0.00 0.00
0.00 0.00
0.00 0.00
0.00 0.00
0.00 0.00
0.02 0.00
0.00 0.00
0.30 0.00
0.00 0.00
0.00 0.00
0.00 0.00
0.00 0.00
0.00 0.00
0.00 0.00
0.00 0.00
0.03 0.00
0.00 0.00
0.00 0.00
0.00 0.00
0.00 0.00
0.00 0.00
0.00 0.00
0.00 0.00
0.06 0.00
0.00 0.00
0.00 0.00
0.00 0.00
0.00 0.00
0.00 0.00
0.00 0.00
0.00 0.00
0.00 0.00
0.00 0.00
0.00 0.00
0.00 0.00
0.00 0.00
0.00 0.00
0.00 0.00
0.00 0.00
0.00 0.00
0.00 0.00
0.00 0.00
0.00 0.00
0.03 0.00
0.00 0.00
0.01 0.00
0.00 0.00
0.00 0.00
0.00 0.00
0.65 0.18
0.01 0.00
0.33 0.08
0.44 0.13
0.04 0.00
0.00 0.00
0.05 0.00
0.00 0.00
0.00 0.00
0.00 0.00
0.04 0.00
0.00 0.00
0.02 0.00
0.01 0.00
0.00 0.00
0.05 0.00
0.00 0.00
0.00 0.00
0.00 0.00
0.00 0.00
0.00 0.00
0.00 0.00
0.04 0.00
0.00 0.00
0.00 0.00
0.32 0.00
0.00 0.00
0.00 0.00
0.00 0.00
0.00 0.00
0.00 0.00
0.00 0.00
0.00 0.00
0.00 0.00
0.00 0.00
0.00 0.00
0.00 0.00
0.00 0.00
0.00 0.00
0.00 0.00
0.00 0.00
0.06 0.00
0.00 0.00
0.00 0.00
0.00 0.00
0.00 0.00
0.00 0.00
0.04 0.00
0.00 0.00
0.00 0.00
0.00 0.00
0.00 0.00
0.00 0.00
0.00 0.00
0.01 0.00
0.00 0.00
0.00 0.00
0.01 0.00
0.00 0.00
0.00 0.00
0.08 0.00
0.00 0.00
0.00 0.00
0.02 0.00
0.00 0.00
0.81 0.00
0.43 0.12
0.00 0.00
0.47 0.13
0.00 0.00
0.03 0.00
0.00 0.00
0.00 0.00
0.03 0.00
0.00 0.00
0.00 0.00
0.00 0.00
0.03 0.00
0.00 0.00
0.05 0.00
0.00 0.00
0.00 0.00
0.00 0.00
0.00 0.00
0.00 0.00
0.00 0.00
0.00 0.00
0.00 0.00
0.00 0.00
0.01 0.00
0.06 0.00
0.00 0.00
0.35 0.00
0.00 0.00
0.00 0.00
0.00 0.00
0.00 0.00
0.00 0.00
0.00 0.00
0.00 0.00
0.00 0.00
0.00 0.00
0.00 0.00
0.00 0.00
0.00 0.00
0.00 0.00
0.00 0.00
0.00 0.00
0.00 0.00
0.00 0.00
0.00 0.00
0.00 0.00
0.00 0.00
0.00 0.00
0.00 0.00
0.00 0.00
0.00 0.00
0.00 0.00
0.00 0.00
0.00 0.00
0.00 0.00
0.00 0.00
0.00 0.00
0.00 0.00
0.02 0.00
0.04 0.00
0.00 0.00
0.01 0.00
0.00 0.00
0.00 0.00
0.00 0.00
0.00 0.00
0.00 0.00
1.18 1.19
1.23 0.62
0.35 0.10
0.12 0.00
0.12 0.01
0.00 0.00
0.05 0.00
0.00 0.00
0.03 0.00
0.00 0.00
0.00 0.00
0.00 0.00
0.00 0.00
0.07 0.00
0.00 0.00
0.00 0.00
0.02 0.00
0.00 0.00
0.00 0.00
0.01 0.00
0.02 0.00
0.00 0.00
0.00 0.00
0.00 0.00
0.00 0.00
0.00 0.00
0.25 0.00
0.00 0.00
0.00 0.00
0.01 0.00
0.00 0.00
0.00 0.00
0.01 0.00
0.03 0.00
0.00 0.00
0.00 0.00
0.00 0.00
0.00 0.00
0.18 0.00
0.00 0.00
0.00 0.00
0.00 0.00
0.00 0.00
0.00 0.00
0.00 0.00
0.02 0.00
0.01 0.00
0.00 0.00
0.00 0.00
0.03 0.00
0.00 0.00
0.00 0.00
0.00 0.00
0.00 0.00
0.02 0.00
0.00 0.00
0.00 0.00
0.01 0.00
0.00 0.00
0.00 0.00
0.00 0.00
0.03 0.00
1.09 0.84
0.10 0.08
0.37 0.05
0.01 0.00
0.06 0.01
0.00 0.00
0.03 0.00
0.06 0.00
0.00 0.00
0.00 0.00
0.00 0.00
0.00 0.00
0.03 0.00
0.00 0.00
0.07 0.00
0.01 0.00
0.10 0.00
0.00 0.00
0.01 0.00
0.00 0.00
0.05 0.00
0.05 0.00
0.00 0.00
0.00 0.00
0.00 0.00
0.00 0.00
0.00 0.00
0.00 0.00
0.09 0.00
0.00 0.00
0.00 0.00
0.25 0.00
0.00 0.00
0.00 0.00
0.00 0.00
0.00 0.00
0.00 0.00
0.00 0.00
0.00 0.00
0.00 0.00
0.00 0.00
0.01 0.00
0.00 0.00
0.00 0.00
0.00 0.00
0.00 0.00
0.00 0.00
0.00 0.00
0.00 0.00
0.00 0.00
0.00 0.00
0.00 0.00
0.00 0.00
0.00 0.00
0.08 0.00
0.00 0.00
0.00 0.00
0.07 0.00
0.00 0.00
0.04 0.00
0.00 0.00
0.00 0.00
0.00 0.00
0.14 0.00
0.00 0.00
0.00 0.00
0.01 0.00
0.00 0.00
0.00 0.00
1.47 0.44
0.57 0.16
0.14 0.02
0.11 0.00
0.10 0.01
0.05 0.00
0.03 0.00
0.00 0.00
0.00 0.00
0.00 0.00
0.00 0.00
0.08 0.00
0.00 0.00
0.00 0.00
0.06 0.00
0.00 0.00
0.01 0.00
0.00 0.00
0.00 0.00
0.01 0.00
0.00 0.00
0.00 0.00
0.00 0.00
0.01 0.00
0.00 0.00
0.00 0.00
0.00 0.00
0.00 0.00
0.06 0.00
0.23 0.00
0.00 0.00
0.00 0.00
0.00 0.00
0.00 0.00
0.00 0.00
0.00 0.00
0.00 0.00
0.00 0.00
0.01 0.00
0.03 0.00
0.00 0.00
0.00 0.00
0.04 0.00
0.00 0.00
0.00 0.00
0.10 0.00
0.00 0.00
0.00 0.00
0.01 0.00
0.03 0.00
0.00 0.00
0.00 0.00
0.00 0.00
0.00 0.00
0.00 0.00
0.00 0.00
0.00 0.00
0.00 0.00
0.00 0.00
0.00 0.00
0.00 0.00
1.74 0.39
0.31 0.00
0.08 0.01
0.14 0.03
0.04 0.00
0.16 0.00
0.00 0.00
0.01 0.00
0.00 0.00
0.00 0.00
0.00 0.00
0.00 0.00
0.07 0.00
0.00 0.00
0.00 0.00
0.00 0.00
0.01 0.00
0.00 0.00
0.00 0.00
0.03 0.00
0.00 0.00
0.00 0.00
0.00 0.00
0.00 0.00
0.05 0.00
0.02 0.00
0.00 0.00
0.02 0.00
0.00 0.00
0.06 0.00
0.00 0.00
0.00 0.00
0.01 0.00
0.00 0.00
0.00 0.00
0.16 0.00
0.00 0.00
0.00 0.00
0.00 0.00
0.00 0.00
0.00 0.00
0.00 0.00
0.00 0.00
0.00 0.00
0.00 0.00
0.00 0.00
0.02 0.00
0.00 0.00
0.00 0.00
0.00 0.00
0.00 0.00
0.01 0.00
0.03 0.00
0.00 0.00
0.00 0.00
0.00 0.00
0.00 0.00
0.02 0.00
0.00 0.00
0.00 0.00
0.00 0.00
0.00 0.00
0.00 0.00
0.03 0.00
0.00 0.00
0.04 0.00
0.00 0.00
0.00 0.00
0.00 0.00
1.19 0.27
0.00 0.00
0.15 0.02
0.07 0.00
0.08 0.00
0.00 0.00
0.00 0.00
0.00 0.00
0.04 0.00
0.00 0.00
0.04 0.00
0.05 0.00
0.00 0.00
0.00 0.00
0.00 0.00
0.00 0.00
0.00 0.00
0.00 0.00
0.00 0.00
0.00 0.00
0.02 0.00
0.00 0.00
0.00 0.00
0.00 0.00
0.00 0.00
0.00 0.00
0.00 0.00
0.01 0.00
0.00 0.00
0.00 0.00
0.00 0.00
0.00 0.00
0.00 0.00
0.27 0.00
0.00 0.00
0.00 0.00
0.00 0.00
0.00 0.00
0.00 0.00
0.00 0.00
0.00 0.00
0.00 0.00
0.00 0.00
0.00 0.00
0.00 0.00
0.00 0.00
0.03 0.00
0.00 0.00
0.00 0.00
0.02 0.00
0.00 0.00
0.00 0.00
0.00 0.00
0.00 0.00
0.00 0.00
0.00 0.00
0.00 0.00
0.01 0.00
0.00 0.00
0.00 0.00
0.00 0.00
0.00 0.00
0.07 0.00
0.22 0.00
2.43 0.75
0.23 0.08
0.08 0.00
0.04 0.00
0.36 0.01
0.18 0.04
0.06 0.00
0.02 0.00
0.00 0.00
0.00 0.00
0.06 0.00
0.01 0.00
0.00 0.00
0.03 0.00
0.00 0.00
0.00 0.00
0.00 0.00
0.01 0.00
0.00 0.00
0.00 0.00
0.01 0.00
0.00 0.00
0.00 0.00
0.00 0.00
0.00 0.00
0.00 0.00
0.00 0.00
0.04 0.00
0.00 0.00
0.01 0.00
0.00 0.00
0.00 0.00
0.00 0.00
0.00 0.00
0.00 0.00
0.00 0.00
0.03 0.00
0.00 0.00
0.00 0.00
0.01 0.00
0.00 0.00
0.00 0.00
0.00 0.00
0.00 0.00
0.00 0.00
0.00 0.00
0.16 0.00
0.00 0.00
0.00 0.00
0.07 0.00
0.00 0.00
0.00 0.00
0.00 0.00
0.00 0.00
0.00 0.00
0.00 0.00
0.05 0.00
0.00 0.00
0.00 0.00
0.00 0.00
0.00 0.00
0.05 0.00
0.95 0.28
0.21 0.04
0.04 0.00
0.05 0.00
0.04 0.00
0.10 0.02
0.08 0.00
0.05 0.00
0.00 0.00
0.32 0.00
0.04 0.00
0.05 0.00
0.00 0.00
0.00 0.00
0.00 0.00
0.03 0.00
0.04 0.00
0.00 0.00
0.01 0.00
0.00 0.00
0.00 0.00
0.00 0.00
0.00 0.00
0.00 0.00
0.00 0.00
0.01 0.00
0.00 0.00
0.00 0.00
0.04 0.00
0.00 0.00
0.00 0.00
0.02 0.00
0.01 0.00
0.00 0.00
0.00 0.00
0.00 0.00
0.00 0.00
0.01 0.00
0.01 0.00
0.00 0.00
0.00 0.00
0.00 0.00
0.00 0.00
0.00 0.00
0.00 0.00
0.00 0.00
0.01 0.00
0.01 0.00
0.00 0.00
0.00 0.00
0.05 0.00
0.00 0.00
0.00 0.00
0.00 0.00
0.02 0.00
0.00 0.00
0.00 0.00
0.00 0.00
0.00 0.00
0.00 0.00
0.01 0.00
0.00 0.00
0.00 0.00
0.03 0.00
0.00 0.00
0.00 0.00
1.93 0.63
0.16 0.10
0.02 0.00
0.05 0.00
0.13 0.01
0.18 0.04
0.00 0.00
0.27 0.01
0.00 0.00
0.00 0.00
0.22 0.00
0.01 0.00
0.00 0.00
0.25 0.00
0.00 0.00
0.00 0.00
0.14 0.00
0.08 0.00
0.09 0.00
0.00 0.00
0.00 0.00
0.00 0.00
0.00 0.00
0.00 0.00
0.00 0.00
0.00 0.00
0.00 0.00
0.00 0.00
0.00 0.00
0.02 0.00
0.00 0.00
0.00 0.00
0.00 0.00
0.01 0.00
0.00 0.00
0.03 0.00
0.00 0.00
0.00 0.00
0.00 0.00
0.04 0.00
0.00 0.00
0.00 0.00
0.00 0.00
0.00 0.00
0.00 0.00
0.00 0.00
0.00 0.00
0.00 0.00
0.00 0.00
0.00 0.00
0.00 0.00
0.00 0.00
0.06 0.00
0.00 0.00
0.00 0.00
0.03 0.00
0.00 0.00
0.00 0.00
0.05 0.00
0.00 0.00
0.00 0.00
0.00 0.00
0.04 0.00
0.00 0.00
4.40 1.30
0.31 0.06
0.15 0.02
0.05 0.00
0.10 0.00
0.11 0.00
0.30 0.08
0.00 0.00
0.05 0.01
0.00 0.00
0.08 0.01
0.24 0.00
0.00 0.00
0.22 0.00
0.00 0.00
0.00 0.00
0.00 0.00
0.07 0.00
0.00 0.00
0.01 0.00
0.00 0.00
0.00 0.00
0.05 0.00
0.01 0.00
0.00 0.00
0.00 0.00
0.10 0.00
0.02 0.00
0.00 0.00
0.02 0.00
0.00 0.00
0.00 0.00
0.05 0.00
0.00 0.00
0.02 0.00
0.02 0.00
0.00 0.00
0.00 0.00
0.04 0.00
0.00 0.00
0.00 0.00
0.00 0.00
0.00 0.00
0.04 0.00
0.00 0.00
0.00 0.00
0.00 0.00
0.01 0.00
0.02 0.00
0.16 0.00
0.00 0.00
0.00 0.00
0.00 0.00
0.00 0.00
0.00 0.00
0.00 0.00
0.00 0.00
0.01 0.00
0.01 0.00
0.00 0.00
0.00 0.00
0.05 0.00
0.00 0.00
0.00 0.00
0.00 0.00
0.00 0.00
0.00 0.00
0.00 0.00
0.00 0.00
0.07 0.00
0.00 0.00
0.00 0.00
0.00 0.00
0.00 0.00
0.00 0.00
0.00 0.00
0.00 0.00
0.00 0.00
0.06 0.00
0.00 0.00
0.13 0.00
0.00 0.00
0.00 0.00
0.00 0.00
0.00 0.00
0.00 0.00
0.00 0.00
0.01 0.00
0.00 0.00
0.00 0.00
0.00 0.00
0.00 0.00
0.01 0.00
0.00 0.00
0.00 0.00
0.00 0.00
0.00 0.00
0.02 0.00
0.00 0.00
0.13 0.00
0.00 0.00
0.00 0.00
0.00 0.00
0.01 0.00
0.00 0.00
0.00 0.00
0.00 0.00
0.02 0.00
0.01 0.00
0.03 0.00
0.00 0.00
0.00 0.00
0.00 0.00
0.01 0.00
0.00 0.00
0.02 0.00
0.01 0.00
