0.00 0.00
0.00 0.00
0.00 0.00
0.08 0.00
0.00 0.00
0.00 0.00
0.00 0.00
0.00 0.00
0.05 0.00
0.00 0.00
0.00 0.00
0.00 0.00
0.00 0.00
0.00 0.00
0.00 0.00
0.00 0.00
0.00 0.00
0.05 0.00
0.00 0.00
0.00 0.00
0.00 0.00
0.00 0.00
0.05 0.00
0.00 0.00
0.00 0.00
0.03 0.00
0.00 0.00
0.00 0.00
0.00 0.00
0.09 0.00
0.00 0.00
0.00 0.00
0.05 0.00
0.05 0.00
0.00 0.00
0.00 0.00
0.00 0.00
0.00 0.00
0.05 0.00
0.00 0.00
0.00 0.00
0.03 0.00
0.00 0.00
0.16 0.00
0.01 0.00
0.00 0.00
0.10 0.00
0.00 0.00
0.05 0.00
0.00 0.00
0.00 0.00
0.00 0.00
0.00 0.00
0.00 0.00
0.00 0.00
0.01 0.00
0.01 0.00
0.00 0.00
0.00 0.00
0.00 0.00
0.00 0.00
0.01 0.00
0.00 0.00
0.00 0.00
0.05 0.00
0.00 0.00
0.00 0.00
0.00 0.00
0.00 0.00
0.00 0.00
0.00 0.00
0.01 0.00
0.00 0.00
0.00 0.00
0.00 0.00
0.01 0.00
0.00 0.00
0.00 0.00
0.00 0.00
0.00 0.00
0.00 0.00
0.00 0.00
0.00 0.00
0.05 0.00
0.00 0.00
0.00 0.00
0.00 0.00
0.00 0.00
0.00 0.00
0.00 0.00
0.00 0.00
0.00 0.00
0.00 0.00
0.12 0.00
0.00 0.00
0.03 0.00
0.00 0.00
0.00 0.00
0.00 0.00
0.25 0.00
0.00 0.00
0.02 0.00
0.00 0.00
0.00 0.00
0.00 0.00
0.04 0.00
0.06 0.00
0.00 0.00
0.00 0.00
0.00 0.00
0.00 0.00
0.00 0.00
0.00 0.00
0.00 0.00
0.00 0.00
0.00 0.00
0.00 0.00
0.00 0.00
0.03 0.00
0.00 0.00
0.00 0.00
0.00 0.00
0.07 0.00
0.00 0.00
0.00 0.00
0.00 0.00
0.00 0.00
0.00 0.00
0.00 0.00
0.00 0.00
0.00 0.00
0.04 0.00
0.00 0.00
0.00 0.00
0.00 0.00
0.00 0.00
0.00 0.00
0.00 0.00
0.00 0.00
0.00 0.00
0.00 0.00
0.00 0.00
0.00 0.00
0.00 0.00
0.00 0.00
0.00 0.00
0.00 0.00
0.00 0.00
0.00 0.00
0.00 0.00
0.00 0.00
0.00 0.00
0.00 0.00
0.00 0.00
0.00 0.00
0.00 0.00
0.00 0.00
0.00 0.00
0.00 0.00
0.00 0.00
0.12 0.00
0.00 0.00
0.00 0.00
0.00 0.00
0.00 0.00
0.00 0.00
0.04 0.00
0.00 0.00
0.00 0.00
0.00 0.00
0.00 0.00
0.00 0.00
0.00 0.00
0.00 0.00
0.00 0.00
0.00 0.00
0.00 0.00
0.00 0.00
0.00 0.00
0.05 0.00
0.01 0.00
0.00 0.00
0.02 0.00
0.00 0.00
0.00 0.00
0.00 0.00
0.00 0.00
0.00 0.00
0.00 0.00
0.00 0.00
0.00 0.00
0.00 0.00
0.00 0.00
0.00 0.00
0.00 0.00
0.00 0.00
0.00 0.00
0.00 0.00
0.00 0.00
0.00 0.00
0.00 0.00
0.22 0.00
0.00 0.00
0.00 0.00
0.00 0.00
0.00 0.00
0.00 0.00
0.00 0.00
0.00 0.00
0.01 0.00
0.00 0.00
0.00 0.00
0.00 0.00
0.00 0.00
0.00 0.00
0.00 0.00
0.00 0.00
0.00 0.00
0.00 0.00
0.00 0.00
0.01 0.00
0.00 0.00
0.00 0.00
0.00 0.00
0.07 0.00
0.00 0.00
0.00 0.00
0.00 0.00
0.00 0.00
0.00 0.00
0.01 0.00
0.00 0.00
0.00 0.00
0.00 0.00
0.00 0.00
0.00 0.00
0.00 0.00
0.00 0.00
0.00 0.00
0.00 0.00
0.00 0.00
0.00 0.00
0.01 0.00
0.00 0.00
0.00 0.00
0.00 0.00
0.00 0.00
0.00 0.00
0.00 0.00
0.00 0.00
0.00 0.00
0.00 0.00
0.00 0.00
0.00 0.00
0.00 0.00
0.00 0.00
0.04 0.00
0.00 0.00
0.00 0.00
0.00 0.00
0.00 0.00
0.00 0.00
0.00 0.00
0.01 0.00
0.00 0.00
0.02 0.00
0.06 0.00
0.00 0.00
0.01 0.00
0.00 0.00
0.00 0.00
0.00 0.00
0.00 0.00
0.00 0.00
0.00 0.00
0.00 0.00
0.00 0.00
0.00 0.00
0.04 0.00
0.00 0.00
0.00 0.00
0.00 0.00
0.00 0.00
0.00 0.00
0.00 0.00
0.00 0.00
0.00 0.00
0.00 0.00
0.00 0.00
0.00 0.00
0.00 0.00
0.00 0.00
0.03 0.00
0.00 0.00
0.01 0.00
0.00 0.00
0.00 0.00
0.00 0.00
0.00 0.00
0.00 0.00
0.00 0.00
0.00 0.00
0.00 0.00
0.33 0.00
0.00 0.00
0.00 0.00
0.17 0.00
0.00 0.00
0.00 0.00
0.02 0.00
0.00 0.00
0.00 0.00
0.00 0.00
0.00 0.00
0.00 0.00
0.00 0.00
0.00 0.00
0.00 0.00
0.00 0.00
0.00 0.00
0.00 0.00
0.04 0.00
0.00 0.00
0.04 0.00
0.00 0.00
0.00 0.00
0.00 0.00
0.00 0.00
0.00 0.00
0.00 0.00
0.00 0.00
0.00 0.00
0.02 0.00
0.22 0.00
0.00 0.00
0.00 0.00
0.00 0.00
0.01 0.00
0.23 0.00
0.00 0.00
0.00 0.00
0.00 0.00
0.00 0.00
0.00 0.00
0.00 0.00
0.00 0.00
0.00 0.00
0.00 0.00
0.00 0.00
0.00 0.00
0.00 0.00
0.00 0.00
0.00 0.00
0.00 0.00
0.00 0.00
0.00 0.00
0.00 0.00
0.00 0.00
0.00 0.00
0.00 0.00
0.00 0.00
0.00 0.00
0.00 0.00
0.00 0.00
0.00 0.00
0.00 0.00
0.00 0.00
0.00 0.00
0.00 0.00
0.00 0.00
0.00 0.00
0.00 0.00
0.00 0.00
0.00 0.00
0.00 0.00
0.00 0.00
0.00 0.00
0.01 0.00
0.00 0.00
0.03 0.00
0.00 0.00
0.00 0.00
0.00 0.00
0.03 0.00
0.00 0.00
0.00 0.00
0.00 0.00
0.00 0.00
0.08 0.00
0.00 0.00
0.00 0.00
0.00 0.00
0.00 0.00
0.00 0.00
0.02 0.00
0.00 0.00
0.00 0.00
0.00 0.00
0.13 0.00
0.00 0.00
0.00 0.00
0.00 0.00
0.00 0.00
0.01 0.00
0.00 0.00
0.00 0.00
0.00 0.00
0.00 0.00
0.00 0.00
0.00 0.00
0.00 0.00
0.00 0.00
0.00 0.00
0.00 0.00
0.01 0.00
0.00 0.00
0.00 0.00
0.00 0.00
0.02 0.00
0.00 0.00
0.00 0.00
0.00 0.00
0.00 0.00
0.00 0.00
0.02 0.00
0.00 0.00
0.00 0.00
0.00 0.00
0.00 0.00
0.00 0.00
0.00 0.00
0.00 0.00
0.00 0.00
0.00 0.00
0.00 0.00
0.00 0.00
0.00 0.00
0.00 0.00
0.00 0.00
0.00 0.00
0.30 0.00
0.00 0.00
0.00 0.00
0.06 0.00
0.00 0.00
0.13 0.00
0.00 0.00
0.02 0.00
0.00 0.00
0.00 0.00
0.00 0.00
0.00 0.00
0.00 0.00
0.03 0.00
0.00 0.00
0.00 0.00
0.00 0.00
0.00 0.00
0.00 0.00
0.00 0.00
0.00 0.00
0.00 0.00
0.00 0.00
0.17 0.00
0.00 0.00
0.00 0.00
0.00 0.00
0.00 0.00
0.01 0.00
0.00 0.00
0.00 0.00
0.00 0.00
0.00 0.00
0.00 0.00
0.00 0.00
0.18 0.00
0.00 0.00
0.00 0.00
0.00 0.00
0.00 0.00
0.00 0.00
0.00 0.00
0.01 0.00
0.06 0.00
0.01 0.00
0.01 0.00
0.00 0.00
0.00 0.00
0.00 0.00
0.00 0.00
0.00 0.00
0.00 0.00
0.00 0.00
0.00 0.00
0.00 0.00
0.00 0.00
0.00 0.00
0.00 0.00
0.00 0.00
0.00 0.00
0.00 0.00
0.00 0.00
0.00 0.00
0.00 0.00
0.00 0.00
0.00 0.00
0.00 0.00
0.00 0.00
0.00 0.00
0.00 0.00
0.00 0.00
0.06 0.00
0.00 0.00
0.03 0.00
0.00 0.00
0.00 0.00
0.00 0.00
0.00 0.00
0.00 0.00
0.00 0.00
0.00 0.00
0.00 0.00
0.00 0.00
0.00 0.00
0.00 0.00
0.00 0.00
0.00 0.00
0.00 0.00
0.00 0.00
0.35 0.00
0.63 0.27
0.24 0.05
0.00 0.00
0.00 0.00
0.00 0.00
0.06 0.00
0.00 0.00
0.00 0.00
0.00 0.00
0.02 0.00
0.00 0.00
0.00 0.00
0.00 0.00
0.00 0.00
0.00 0.00
0.00 0.00
0.00 0.00
0.00 0.00
0.01 0.00
0.04 0.00
0.00 0.00
0.00 0.00
0.00 0.00
0.00 0.00
0.00 0.00
0.00 0.00
0.00 0.00
0.00 0.00
0.03 0.00
0.00 0.00
0.00 0.00
0.00 0.00
0.00 0.00
0.00 0.00
0.00 0.00
0.00 0.00
0.02 0.00
0.01 0.00
0.13 0.00
0.08 0.00
0.01 0.00
0.00 0.00
0.00 0.00
0.00 0.00
0.00 0.00
0.00 0.00
0.00 0.00
0.25 0.00
0.00 0.00
0.00 0.00
0.00 0.00
0.00 0.00
0.00 0.00
0.00 0.00
0.01 0.00
0.00 0.00
0.00 0.00
0.00 0.00
0.00 0.00
0.00 0.00
0.00 0.00
0.00 0.00
0.00 0.00
0.00 0.00
0.00 0.00
0.00 0.00
0.00 0.00
0.00 0.00
0.00 0.00
0.00 0.00
0.00 0.00
0.00 0.00
0.00 0.00
0.00 0.00
0.00 0.00
0.05 0.00
0.00 0.00
0.00 0.00
0.00 0.00
1.02 0.28
0.18 0.04
0.00 0.00
0.24 0.00
0.00 0.00
0.06 0.00
0.00 0.00
0.01 0.00
0.00 0.00
0.03 0.00
0.01 0.00
0.00 0.00
0.00 0.00
0.01 0.00
0.05 0.00
0.02 0.00
0.00 0.00
0.00 0.00
0.00 0.00
0.00 0.00
0.00 0.00
0.00 0.00
0.00 0.00
0.03 0.00
0.26 0.00
0.00 0.00
0.00 0.00
0.00 0.00
0.03 0.00
0.00 0.00
0.00 0.00
0.00 0.00
0.00 0.00
0.03 0.00
0.00 0.00
0.01 0.00
0.00 0.00
0.00 0.00
0.06 0.00
0.00 0.00
0.00 0.00
0.04 0.00
0.00 0.00
0.00 0.00
0.00 0.00
0.00 0.00
0.00 0.00
0.00 0.00
0.00 0.00
0.00 0.00
0.00 0.00
0.00 0.00
0.00 0.00
0.00 0.00
0.02 0.00
0.00 0.00
0.00 0.00
0.00 0.00
0.00 0.00
0.00 0.00
0.00 0.00
0.00 0.00
0.00 0.00
0.00 0.00
0.00 0.00
0.06 0.00
0.00 0.00
0.00 0.00
0.00 0.00
0.00 0.00
0.00 0.00
0.00 0.00
0.00 0.00
0.01 0.00
0.00 0.00
0.00 0.00
0.00 0.00
0.00 0.00
1.30 0.39
0.22 0.06
0.11 0.01
0.00 0.00
0.00 0.00
0.04 0.00
0.00 0.00
0.00 0.00
0.05 0.00
0.00 0.00
0.04 0.00
0.03 0.00
0.00 0.00
0.00 0.00
0.03 0.00
0.00 0.00
0.00 0.00
0.06 0.00
0.00 0.00
0.04 0.00
0.00 0.00
0.00 0.00
0.00 0.00
0.02 0.00
0.00 0.00
0.00 0.00
0.00 0.00
0.00 0.00
0.00 0.00
0.22 0.00
0.03 0.00
0.00 0.00
0.00 0.00
0.01 0.00
0.00 0.00
0.00 0.00
0.00 0.00
0.02 0.00
0.00 0.00
0.00 0.00
0.00 0.00
0.00 0.00
0.00 0.00
0.02 0.00
0.00 0.00
0.00 0.00
0.00 0.00
0.00 0.00
0.00 0.00
0.00 0.00
0.00 0.00
0.00 0.00
0.00 0.00
0.00 0.00
0.00 0.00
0.00 0.00
0.00 0.00
0.00 0.00
0.00 0.00
0.01 0.00
0.00 0.00
0.00 0.00
0.05 0.00
0.00 0.00
0.00 0.00
0.00 0.00
0.00 0.00
0.00 0.00
0.04 0.00
0.00 0.00
0.00 0.00
0.00 0.00
0.03 0.00
0.00 0.00
0.00 0.00
0.04 0.00
0.00 0.00
0.00 0.00
0.00 0.00
3.56 0.55
1.11 0.30
0.05 0.00
0.14 0.02
0.00 0.00
0.05 0.00
0.00 0.00
0.00 0.00
0.00 0.00
0.03 0.00
0.00 0.00
0.00 0.00
0.02 0.00
0.00 0.00
0.04 0.00
0.09 0.00
0.00 0.00
0.00 0.00
0.24 0.00
0.00 0.00
0.00 0.00
0.01 0.00
0.00 0.00
0.00 0.00
0.00 0.00
0.01 0.00
0.00 0.00
0.02 0.00
0.00 0.00
0.00 0.00
0.00 0.00
0.04 0.00
0.00 0.00
0.00 0.00
0.00 0.00
0.00 0.00
0.00 0.00
0.02 0.00
0.01 0.00
0.00 0.00
0.04 0.00
0.02 0.00
0.00 0.00
0.06 0.00
0.01 0.00
0.00 0.00
0.00 0.00
0.00 0.00
0.00 0.00
0.00 0.00
0.03 0.00
0.00 0.00
0.00 0.00
0.24 0.00
0.00 0.00
0.00 0.00
0.00 0.00
0.00 0.00
0.00 0.00
0.00 0.00
0.00 0.00
0.00 0.00
0.00 0.00
0.00 0.00
0.00 0.00
0.00 0.00
0.01 0.00
0.00 0.00
0.00 0.00
0.00 0.00
0.00 0.00
0.00 0.00
0.00 0.00
0.00 0.00
0.00 0.00
0.00 0.00
0.00 0.00
0.00 0.00
0.00 0.00
0.00 0.00
0.00 0.00
0.88 1.04
0.52 0.14
0.00 0.00
0.07 0.03
0.00 0.00
0.02 0.00
0.00 0.00
0.06 0.00
0.00 0.00
0.00 0.00
0.26 0.00
0.00 0.00
0.00 0.00
0.00 0.00
0.03 0.00
0.00 0.00
0.00 0.00
0.00 0.00
0.00 0.00
0.00 0.00
0.01 0.00
0.01 0.00
0.00 0.00
0.03 0.00
0.00 0.00
0.00 0.00
0.02 0.00
0.00 0.00
0.00 0.00
0.00 0.00
0.00 0.00
0.00 0.00
0.00 0.00
0.00 0.00
0.09 0.00
0.01 0.00
0.00 0.00
0.00 0.00
0.00 0.00
0.00 0.00
0.00 0.00
0.00 0.00
0.13 0.00
0.00 0.00
0.00 0.00
0.00 0.00
0.00 0.00
0.06 0.00
0.02 0.00
0.00 0.00
0.00 0.00
0.00 0.00
0.02 0.00
0.00 0.00
0.01 0.00
0.03 0.00
0.05 0.00
0.00 0.00
0.08 0.00
0.00 0.00
0.00 0.00
0.00 0.00
0.00 0.00
0.00 0.00
0.02 0.00
0.00 0.00
0.00 0.00
0.00 0.00
0.03 0.00
0.00 0.00
0.00 0.00
0.00 0.00
0.00 0.00
0.00 0.00
0.52 0.00
0.00 0.00
1.69 1.08
0.60 0.16
0.09 0.00
0.18 0.03
0.02 0.00
0.10 0.02
0.00 0.00
0.02 0.00
0.01 0.00
0.00 0.00
0.00 0.00
0.05 0.00
0.00 0.00
0.00 0.00
0.05 0.00
0.00 0.00
0.00 0.00
0.00 0.00
0.09 0.00
0.00 0.00
0.00 0.00
0.00 0.00
0.00 0.00
0.00 0.00
0.01 0.00
0.00 0.00
0.00 0.00
0.00 0.00
0.00 0.00
0.00 0.00
0.00 0.00
0.00 0.00
0.00 0.00
0.17 0.00
0.00 0.00
0.00 0.00
0.14 0.00
0.07 0.00
0.00 0.00
0.02 0.00
0.00 0.00
0.00 0.00
0.00 0.00
0.07 0.00
0.04 0.00
0.00 0.00
0.05 0.00
0.00 0.00
0.00 0.00
0.03 0.00
0.00 0.00
0.00 0.00
0.00 0.00
0.02 0.00
0.01 0.00
0.00 0.00
0.00 0.00
0.00 0.00
0.00 0.00
0.00 0.00
0.00 0.00
0.00 0.00
0.01 0.00
0.00 0.00
0.00 0.00
0.00 0.00
0.00 0.00
0.00 0.00
0.04 0.00
0.00 0.00
0.00 0.00
0.02 0.00
0.00 0.00
0.00 0.00
0.00 0.00
0.03 0.00
0.00 0.00
0.02 0.00
0.01 0.00
5.00 0.31
0.77 0.23
0.14 0.02
0.00 0.00
0.08 0.00
0.10 0.02
0.02 0.00
0.04 0.00
0.19 0.00
0.00 0.00
0.00 0.00
0.03 0.00
0.04 0.00
0.09 0.00
0.01 0.00
0.00 0.00
0.03 0.00
0.00 0.00
0.01 0.00
0.02 0.00
0.00 0.00
0.00 0.00
0.06 0.00
0.11 0.00
0.01 0.00
0.00 0.00
0.00 0.00
0.02 0.00
0.00 0.00
0.00 0.00
0.02 0.00
0.01 0.00
0.00 0.00
0.00 0.00
0.00 0.00
0.00 0.00
0.00 0.00
0.01 0.00
0.00 0.00
0.05 0.00
0.01 0.00
0.00 0.00
0.00 0.00
0.06 0.00
0.00 0.00
0.00 0.00
0.02 0.00
0.01 0.00
0.00 0.00
0.06 0.00
0.01 0.00
0.00 0.00
0.00 0.00
0.00 0.00
0.00 0.00
0.00 0.00
0.00 0.00
0.00 0.00
0.00 0.00
0.00 0.00
0.08 0.00
0.00 0.00
0.00 0.00
0.00 0.00
0.00 0.00
0.05 0.00
0.02 0.00
0.04 0.00
0.00 0.00
0.02 0.00
0.00 0.00
0.00 0.00
0.03 0.00
0.00 0.00
0.00 0.00
0.00 0.00
0.00 0.00
0.00 0.00
0.06 0.00
0.01 0.00
2.60 0.76
0.34 0.08
0.10 0.02
0.04 0.00
0.06 0.00
0.17 0.05
0.00 0.00
0.02 0.00
0.00 0.00
0.00 0.00
0.00 0.00
0.25 0.00
0.00 0.00
0.00 0.00
0.00 0.00
0.00 0.00
0.00 0.00
0.00 0.00
0.00 0.00
0.00 0.00
0.01 0.00
0.00 0.00
0.00 0.00
0.00 0.00
0.00 0.00
0.00 0.00
0.00 0.00
0.06 0.00
0.00 0.00
0.00 0.00
0.00 0.00
0.00 0.00
0.00 0.00
0.00 0.00
0.00 0.00
0.01 0.00
0.08 0.00
0.09 0.00
0.00 0.00
0.01 0.00
0.00 0.00
0.00 0.00
0.00 0.00
0.03 0.00
0.00 0.00
0.00 0.00
0.00 0.00
0.00 0.00
0.00 0.00
0.02 0.00
0.00 0.00
0.00 0.00
0.00 0.00
0.04 0.00
0.00 0.00
0.01 0.00
0.00 0.00
0.00 0.00
0.00 0.00
0.00 0.00
0.00 0.00
0.00 0.00
0.05 0.00
0.00 0.00
0.00 0.00
0.00 0.00
0.00 0.00
0.00 0.00
0.00 0.00
0.00 0.00
0.00 0.00
0.00 0.00
0.00 0.00
0.00 0.00
3.98 1.12
0.60 0.17
0.10 0.01
0.07 0.01
0.04 0.00
0.01 0.00
0.15 0.04
0.19 0.03
0.00 0.00
0.00 0.00
0.00 0.00
0.01 0.00
0.00 0.00
0.00 0.00
0.00 0.00
0.00 0.00
0.11 0.00
0.00 0.00
0.04 0.00
0.00 0.00
0.00 0.00
0.00 0.00
0.00 0.00
0.00 0.00
0.01 0.00
0.00 0.00
0.00 0.00
0.07 0.00
0.00 0.00
0.00 0.00
0.00 0.00
0.00 0.00
0.07 0.00
0.04 0.00
0.00 0.00
0.00 0.00
0.03 0.00
0.00 0.00
0.00 0.00
0.19 0.00
0.00 0.00
0.00 0.00
0.01 0.00
0.07 0.00
0.00 0.00
0.00 0.00
0.00 0.00
0.00 0.00
0.00 0.00
0.00 0.00
0.00 0.00
0.00 0.00
0.01 0.00
0.00 0.00
0.02 0.00
0.24 0.00
0.00 0.00
0.00 0.00
0.00 0.00
0.03 0.00
0.00 0.00
0.00 0.00
0.00 0.00
0.00 0.00
0.00 0.00
0.00 0.00
0.00 0.00
0.00 0.00
0.00 0.00
0.00 0.00
0.00 0.00
0.00 0.00
0.00 0.00
0.00 0.00
0.00 0.00
0.03 0.00
0.00 0.00
0.11 0.00
1.06 0.33
0.14 0.02
0.11 0.00
0.05 0.00
0.00 0.00
0.03 0.00
0.13 0.02
0.18 0.03
0.00 0.00
0.00 0.00
0.00 0.00
0.03 0.00
0.00 0.00
0.00 0.00
0.00 0.00
0.07 0.00
0.00 0.00
0.00 0.00
0.00 0.00
0.00 0.00
0.00 0.00
0.03 0.00
0.05 0.00
0.00 0.00
0.00 0.00
0.00 0.00
0.00 0.00
0.04 0.00
0.27 0.00
0.00 0.00
0.00 0.00
0.01 0.00
0.01 0.00
0.14 0.00
0.00 0.00
0.00 0.00
0.00 0.00
0.00 0.00
0.00 0.00
0.00 0.00
0.02 0.00
0.00 0.00
0.00 0.00
0.00 0.00
0.00 0.00
0.00 0.00
0.00 0.00
0.01 0.00
0.00 0.00
0.00 0.00
0.00 0.00
0.00 0.00
0.00 0.00
0.00 0.00
0.00 0.00
0.00 0.00
0.00 0.00
0.00 0.00
0.00 0.00
0.00 0.00
0.00 0.00
0.00 0.00
0.00 0.00
0.31 0.00
0.00 0.00
0.00 0.00
0.00 0.00
0.00 0.00
0.00 0.00
0.00 0.00
0.03 0.00
0.00 0.00
0.00 0.00
0.02 0.00
0.00 0.00
0.00 0.00
0.05 0.00
2.81 0.86
0.38 0.10
0.22 0.02
0.18 0.00
0.01 0.00
0.06 0.00
0.17 0.03
0.14 0.04
0.00 0.00
0.11 0.01
0.00 0.00
0.01 0.00
0.02 0.00
0.00 0.00
0.00 0.00
0.07 0.00
0.00 0.00
0.00 0.00
0.10 0.00
0.00 0.00
0.04 0.00
0.24 0.00
0.00 0.00
0.00 0.00
0.05 0.00
0.00 0.00
0.00 0.00
0.00 0.00
0.00 0.00
0.00 0.00
0.17 0.00
0.00 0.00
0.01 0.00
0.00 0.00
0.04 0.00
0.00 0.00
0.02 0.00
0.00 0.00
0.00 0.00
0.00 0.00
0.00 0.00
0.00 0.00
0.00 0.00
0.00 0.00
0.00 0.00
0.00 0.00
0.02 0.00
0.07 0.00
0.00 0.00
0.00 0.00
0.00 0.00
0.00 0.00
0.00 0.00
0.00 0.00
0.00 0.00
0.00 0.00
0.03 0.00
0.00 0.00
0.00 0.00
0.05 0.00
0.00 0.00
0.00 0.00
0.00 0.00
0.00 0.00
0.00 0.00
0.06 0.00
0.01 0.00
0.07 0.00
0.00 0.00
0.00 0.00
0.00 0.00
0.00 0.00
0.02 0.00
0.00 0.00
0.00 0.00
0.09 0.00
0.04 0.00
0.00 0.00
0.00 0.00
2.55 0.73
0.51 0.13
0.11 0.04
0.22 0.01
0.17 0.03
0.26 0.05
0.00 0.00
0.26 0.01
0.00 0.00
0.10 0.00
0.00 0.00
0.00 0.00
0.07 0.00
0.00 0.00
0.00 0.00
0.01 0.00
0.00 0.00
0.00 0.00
0.05 0.00
0.00 0.00
0.00 0.00
0.00 0.00
0.05 0.00
0.01 0.00
0.00 0.00
0.00 0.00
0.09 0.00
0.00 0.00
0.02 0.00
0.00 0.00
0.00 0.00
0.00 0.00
0.00 0.00
0.00 0.00
0.11 0.00
0.06 0.00
0.00 0.00
0.00 0.00
0.07 0.00
0.00 0.00
0.00 0.00
0.01 0.00
0.00 0.00
0.00 0.00
0.19 0.00
0.01 0.00
0.00 0.00
0.05 0.00
0.00 0.00
0.00 0.00
0.01 0.00
0.00 0.00
0.00 0.00
0.02 0.00
0.00 0.00
0.00 0.00
0.00 0.00
0.00 0.00
0.00 0.00
0.00 0.00
0.03 0.00
0.00 0.00
0.00 0.00
0.00 0.00
0.00 0.00
0.00 0.00
0.00 0.00
0.00 0.00
0.00 0.00
0.00 0.00
0.00 0.00
0.00 0.00
0.00 0.00
0.09 0.00
0.00 0.00
0.06 0.00
0.01 0.00
0.00 0.00
5.00 3.30
1.37 0.43
0.30 0.08
0.10 0.02
0.12 0.00
0.07 0.00
0.08 0.01
0.21 0.04
0.00 0.00
0.09 0.00
0.00 0.00
0.07 0.00
0.00 0.00
0.06 0.00
0.02 0.00
0.00 0.00
0.00 0.00
0.04 0.00
0.00 0.00
0.00 0.00
0.00 0.00
0.03 0.00
0.00 0.00
0.00 0.00
0.00 0.00
0.00 0.00
0.01 0.00
0.00 0.00
0.00 0.00
0.00 0.00
0.02 0.00
0.01 0.00
0.00 0.00
0.00 0.00
0.03 0.00
0.01 0.00
0.04 0.00
0.01 0.00
0.00 0.00
0.04 0.00
0.00 0.00
0.00 0.00
0.06 0.00
0.07 0.00
0.00 0.00
0.00 0.00
0.00 0.00
0.00 0.00
0.00 0.00
0.01 0.00
0.00 0.00
0.05 0.00
0.00 0.00
0.00 0.00
0.00 0.00
0.00 0.00
0.02 0.00
0.00 0.00
0.00 0.00
0.04 0.00
0.00 0.00
0.17 0.00
0.00 0.00
0.00 0.00
0.00 0.00
0.00 0.00
0.00 0.00
0.00 0.00
0.23 0.00
0.00 0.00
0.00 0.00
0.01 0.00
0.01 0.00
0.00 0.00
0.01 0.00
0.00 0.00
0.00 0.00
0.03 0.00
0.00 0.00
0.00 0.00
0.00 0.00
0.00 0.00
0.00 0.00
0.00 0.00
0.05 0.00
0.00 0.00
0.00 0.00
0.01 0.00
0.00 0.00
0.00 0.00
0.02 0.00
0.00 0.00
0.00 0.00
0.00 0.00
0.00 0.00
0.00 0.00
0.00 0.00
0.00 0.00
0.00 0.00
0.00 0.00
0.00 0.00
0.00 0.00
0.00 0.00
0.00 0.00
0.00 0.00
0.00 0.00
0.01 0.00
0.00 0.00
0.00 0.00
0.00 0.00
0.01 0.00
0.00 0.00
0.00 0.00
0.00 0.00
0.00 0.00
0.01 0.00
0.00 0.00
0.00 0.00
0.00 0.00
0.05 0.00
0.00 0.00
0.00 0.00
0.01 0.00
0.00 0.00
0.02 0.00
0.00 0.00
0.00 0.00
0.02 0.00
0.00 0.00
0.00 0.00
0.00 0.00
0.00 0.00
0.01 0.00
0.00 0.00
0.00 0.00
0.01 0.00
0.09 0.00
0.00 0.00
0.00 0.00
0.00 0.00
0.00 0.00
0.02 0.00
0.06 0.00
0.00 0.00
0.00 0.00
0.05 0.00
0.02 0.00
0.00 0.00
0.00 0.00
0.00 0.00
0.00 0.00
0.01 0.00
0.02 0.00
0.00 0.00
0.04 0.00
0.00 0.00
0.00 0.00
0.03 0.00
0.00 0.00
0.00 0.00
0.00 0.00
0.00 0.00
0.00 0.00
0.00 0.00
0.00 0.00
0.00 0.00
0.00 0.00
0.05 0.00
0.00 0.00
0.00 0.00
0.15 0.00
0.00 0.00
0.00 0.00
0.00 0.00
0.09 0.00
0.00 0.00
0.00 0.00
0.00 0.00
0.06 0.00
0.00 0.00
0.00 0.00
0.00 0.00
0.00 0.00
0.03 0.00
0.01 0.00
0.00 0.00
0.01 0.00
0.00 0.00
0.00 0.00
0.00 0.00
0.00 0.00
0.00 0.00
0.01 0.00
0.10 0.00
0.00 0.00
0.00 0.00
0.00 0.00
0.00 0.00
0.00 0.00
0.00 0.00
0.00 0.00
0.00 0.00
0.00 0.00
0.00 0.00
0.03 0.00
0.00 0.00
0.00 0.00
0.00 0.00
0.09 0.00
0.00 0.00
0.00 0.00
0.00 0.00
0.00 0.00
0.00 0.00
0.00 0.00
0.08 0.00
0.00 0.00
0.00 0.00
0.00 0.00
0.08 0.00
0.00 0.00
0.02 0.00
0.00 0.00
0.00 0.00
0.00 0.00
0.00 0.00
0.00 0.00
0.00 0.00
0.00 0.00
0.00 0.00
0.10 0.00
0.00 0.00
0.00 0.00
0.00 0.00
0.00 0.00
0.00 0.00
0.00 0.00
0.00 0.00
0.02 0.00
